 -21,-243, -32,   5,   8, -13, -56,-1006,-104;
 -14,-245, -34,   5,   6, -11, -61,-1005,-110;
  -9,-247, -37,   3,   5, -12, -60,-1004,-111;
 -11,-244, -33,   0,   5, -12, -56,-1007,-114;
 -17,-247, -22,  -4,   5, -14, -54,-1003,-110;
  -9,-248, -35,  -7,   5, -15, -56,-1001,-109;
 -12,-244, -31, -10,   3, -17, -63,-1006,-115;
 -10,-247, -33, -14,   3, -16, -57,-1007,-116;
  -9,-249, -34, -17,   3, -15, -62,-1005,-113;
 -14,-245, -31, -17,   3, -15, -57,-1012,-111;
 -14,-248, -32, -18,   2, -15, -59,-1004,-109;
 -14,-244, -33, -17,   2, -15, -62,-1012,-113;
 -13,-246, -31, -16,   1, -15, -54,-1015,-109;
 -13,-246, -30, -14,   2, -16, -63,-1008,-116;
 -23,-252, -51, -13,   2, -15, -61,-1015,-116;
  -6,-259, -29, -10,   2, -16, -55,-1017,-118;
 -11,-249, -29,  -6,   2, -17, -59,-1012,-114;
 -12,-250, -31,  -3,   4, -16, -56,-1014,-122;
 -11,-247, -30,   0,   4, -14, -63,-1013,-116;
 -12,-247, -34,   3,   5, -13, -58,-1014,-118;
 -11,-249, -37,   3,   7, -15, -61,-1016,-122;
 -15,-244, -31,   2,   9, -15, -57,-1006,-117;
 -10,-244, -34,   2,  11, -13, -55,-1009,-118;
 -11,-246, -33,  -3,  10, -14, -56,-1008,-117;
 -13,-246, -34,  -6,  10, -15, -63,-1003,-118;
  -9,-248, -32,  -7,  11, -15, -55,-1009,-111;
 -13,-246, -35,  -8,  12, -16, -54,-1007,-118;
 -10,-247, -34,  -7,  12, -16, -52,-1012,-124;
 -10,-245, -32,  -5,  12, -15, -56,-1009,-118;
 -10,-249, -35,  -4,  12, -15, -63,-1014,-123;
 -14,-249, -31,  -1,  11, -15, -59,-1004,-119;
 -11,-248, -35,   0,   9, -15, -56,-1008,-117;
  -8,-246, -32,   0,   8, -15, -56,-1008,-117;
 -11,-249, -32,   2,   7, -15, -54,-1012,-114;
 -10,-250, -31,   4,   5, -14, -56,-1007,-121;
 -10,-246, -33,   6,   5, -13, -52,-1005,-112;
 -11,-247, -36,   9,   4, -13, -53,-1012,-120;
 -11,-249, -37,  10,   4, -13, -51,-1009,-122;
 -11,-247, -35,  12,   3, -11, -54,-1005,-119;
  -9,-245, -30,  16,   2, -13, -53,-1015,-122;
 -11,-248, -34,  18,   2, -12, -55,-1013,-123;
  -9,-244, -34,  20,   2, -12, -49,-1010,-119;
 -10,-247, -34,  22,   2, -12, -51,-1005,-118;
 -11,-247, -37,  25,   2, -12, -54,-1007,-125;
 -12,-248, -33,  25,   3, -13, -55,-1005,-123;
  -8,-247, -35,  27,   3, -12, -53,-1006,-127;
  -8,-246, -35,  27,   3, -15, -56,-1006,-124;
 -12,-244, -33,  28,   3, -16, -58,-1015,-124;
  -9,-244, -37,  28,   3, -15, -56,-1012,-121;
 -13,-247, -36,  28,   1, -17, -57,-1006,-122;
 -13,-243, -35,  29,   2, -16, -60,-1010,-123;
 -10,-247, -33,  31,   1, -16, -61,-1006,-122;
 -11,-249, -39,  32,   1, -15, -65,-1005,-125;
 -11,-248, -33,  34,   3, -14, -58,-1004,-126;
 -12,-247, -35,  34,   4, -12, -62,-1006,-119;
 -13,-247, -34,  35,   6, -12, -61,-1007,-125;
 -13,-245, -33,  37,   8, -10, -52,-1008,-124;
 -11,-247, -32,  39,   8,  -9, -58,-1005,-126;
 -10,-244, -35,  40,   9,  -9, -54,-1004,-122;
 -11,-244, -34,  43,  12,  -8, -52,-1003,-125;
  -9,-247, -39,  45,  12,  -9, -56,-1007,-127;
 -10,-245, -35,  46,  14,  -8, -53,-1006,-125;
 -10,-246, -35,  46,  15,  -8, -59,-1006,-121;
  -7,-247, -32,  46,  15,  -8, -50,-1005,-127;
  -5,-245, -39,  48,  16, -10, -50,-1004,-124;
 -10,-247, -36,  49,  16, -10, -50,-1007,-126;
 -12,-247, -38,  50,  17, -11, -50,-1003,-125;
  -8,-246, -38,  50,  16, -10, -52,-1000,-130;
 -11,-246, -32,  52,  16,  -9, -51,-1006,-131;
  -9,-247, -35,  50,  16,  -8, -53,-1004,-124;
 -10,-247, -31,  50,  16,  -8, -51,-1003,-134;
  -9,-246, -34,  51,  14,  -8, -52,-1003,-126;
 -12,-246, -34,  50,  14,  -9, -56,-1002,-126;
 -11,-244, -33,  51,  13,  -8, -52,-1009,-129;
  -9,-247, -33,  53,  14,  -7, -59,-1010,-125;
  -8,-247, -37,  56,  13,  -7, -59,-1016,-124;
 -10,-247, -33,  59,  13,  -8, -55,-1018,-127;
 -11,-249, -32,  62,  12,  -9, -59,-1010,-124;
 -11,-251, -37,  66,  13,  -9, -56,-1011,-124;
  -9,-250, -35,  68,  11,  -9, -55,-1008,-127;
 -10,-246, -35,  70,  12,  -9, -57,-1009,-123;
 -13,-248, -34,  70,  12, -11, -56,-1007,-123;
  -9,-245, -35,  69,  12, -11, -55,-1008,-124;
 -12,-247, -36,  66,  12, -11, -52,-1006,-125;
 -10,-247, -33,  66,  11, -11, -60,-1008,-118;
 -10,-248, -33,  66,   9, -12, -61,-1013,-123;
 -12,-245, -34,  66,  10, -11, -60,-1010,-125;
 -11,-246, -37,  65,  10, -10, -54,-1012,-121;
 -11,-246, -34,  67,   8, -12, -52,-1009,-123;
  -9,-245, -44,  67,   8, -10, -56,-1009,-128;
  -7,-248, -36,  68,  10,  -8, -57,-1004,-118;
  -9,-247, -36,  70,   9,  -8, -56,-1007,-123;
 -10,-247, -32,  69,   9,  -7, -55,-1005,-124;
 -11,-246, -34,  69,  12,  -7, -59,-1003,-120;
 -12,-245, -33,  67,  13,  -7, -53,-1000,-111;
 -13,-242, -34,  65,  16,  -7, -61,-1005,-120;
  -9,-246, -30,  63,  15,  -5, -60,-1003,-117;
 -13,-244, -31,  62,  16,  -5, -61,-1002,-124;
  -7,-248, -31,  60,  17,  -5, -55,-1005,-119;
 -14,-244, -33,  59,  16,  -5, -57,-1007,-119;
 -11,-245, -34,  58,  16,  -6, -62,-1012,-117;
 -11,-251, -35,  57,  15,  -8, -58,-1007,-120;
 -11,-246, -35,  56,  14,  -8, -59,-1012,-114;
 -12,-246, -32,  58,  11,  -8, -59,-1008,-116;
 -13,-248, -33,  58,  11,  -7, -63,-1010,-117;
  -8,-246, -36,  60,  11,  -8, -58,-1010,-121;
 -10,-248, -33,  62,  11,  -8, -59,-1015,-119;
 -12,-250, -37,  65,  11,  -9, -59,-1014,-124;
 -13,-245, -35,  67,  11,  -8, -58,-1009,-121;
 -14,-248, -34,  69,  11,  -9, -56,-1008,-121;
 -13,-249, -29,  72,  11,  -9, -56,-1015,-120;
  -9,-246, -36,  74,  13,  -9, -52,-1013,-123;
 -12,-246, -36,  75,  14,  -7, -60,-1009,-119;
 -10,-246, -32,  76,  16,  -9, -52,-1005,-123;
 -13,-247, -33,  76,  15,  -8, -60,-1008,-119;
  -9,-249, -28,  74,  16, -10, -52,-1007,-122;
  -9,-245, -29,  74,  15,  -9, -60,-1004,-121;
  -9,-245, -32,  71,  15,  -9, -58,-1008,-120;
 -10,-246, -37,  68,  15, -11, -57,-1004,-124;
 -10,-246, -34,  65,  15, -10, -59,-1007,-114;
 -10,-249, -32,  64,  15, -10, -56,-1007,-113;
  -8,-246, -33,  62,  14, -10, -57,-1004,-111;
 -15,-249, -37,  61,  14, -10, -58,-1007,-113;
 -10,-244, -34,  60,  12,  -9, -56,-1006,-120;
  -9,-249, -32,  58,  11,  -9, -61,-1004,-115;
  -5,-247, -31,  58,   9, -10, -51,-1001,-116;
  -9,-245, -37,  57,   9,  -9, -57,-1001,-121;
 -12,-245, -34,  55,  10, -10, -55,-1005,-112;
 -13,-244, -33,  54,   9,  -8, -55,-1002,-116;
 -12,-247, -29,  54,   9,  -9, -59,-1005,-119;
  -8,-244, -33,  55,   8,  -8, -51,-1005,-114;
 -11,-244, -30,  55,   8,  -8, -53,-1005,-115;
 -11,-246, -34,  55,   9,  -8, -53,-1009,-115;
 -12,-243, -34,  57,   9,  -9, -57,-1004,-113;
 -10,-247, -30,  57,   9,  -8, -55,-1004,-124;
  -9,-245, -33,  58,   9,  -8, -54,-1004,-115;
 -12,-245, -31,  59,   9,  -7, -61,-1005,-116;
  -9,-247, -31,  59,   9,  -8, -53,-1007,-120;
 -12,-248, -31,  59,   9,  -8, -56,-1014,-115;
 -10,-247, -35,  58,   9, -10, -62,-1006,-118;
 -10,-245, -35,  58,  10, -11, -62,-1007,-120;
 -12,-245, -31,  57,   9, -12, -59,-1005,-123;
 -12,-247, -37,  58,   9, -12, -62,-1014,-120;
 -14,-248, -33,  59,   8, -13, -61,-1009,-118;
 -14,-241, -37,  60,   9, -14, -67,-1007,-122;
 -16,-244, -32,  60,   9, -13, -63,-1008,-116;
  -9,-248, -37,  59,   8, -14, -62,-1009,-123;
 -10,-246, -32,  59,  10, -12, -59,-1008,-121;
 -11,-249, -33,  58,   9, -11, -55,-1006,-127;
 -10,-245, -35,  58,   9, -10, -63,-1005,-118;
 -12,-247, -33,  60,   9,  -9, -56,-1013,-123;
 -12,-242, -33,  60,  10,  -7, -55,-1010,-116;
 -13,-246, -37,  63,  10,  -6, -62,-1006,-111;
 -11,-247, -33,  66,  10,  -6, -59,-1006,-117;
 -11,-249, -33,  67,  11,  -6, -60,-1009,-119;
  -9,-247, -37,  68,  11,  -7, -59,-1007,-126;
 -10,-246, -31,  65,  11,  -8, -61,-1010,-114;
  -9,-248, -34,  65,  13,  -8, -57,-1006,-113;
 -10,-245, -29,  63,  13,  -9, -57,-1007,-116;
  -9,-245, -34,  61,  14,  -8, -56,-1011,-113;
  -9,-243, -31,  60,  14,  -9, -52,-1004,-113;
 -12,-247, -32,  59,  14,  -8, -56,-1013,-116;
 -11,-247, -32,  59,  13, -10, -54,-1005,-122;
 -12,-248, -36,  59,  14, -10, -58,-1007,-115;
 -13,-247, -34,  58,  13,  -9, -56,-1007,-118;
  -7,-255, -31,  60,  14, -10, -58,-1004,-117;
 -11,-245, -34,  59,  14,  -9, -60,-1005,-113;
 -13,-246, -34,  59,  14,  -9, -59,-1010,-116;
 -10,-245, -31,  59,  13,  -8, -50,-1007,-121;
  -9,-245, -33,  60,  14,  -9, -57,-1009,-117;
 -10,-244, -35,  62,  14,  -9, -53,-1005,-118;
 -11,-247, -33,  64,  13,  -7, -54,-1005,-120;
 -12,-247, -31,  62,  10,  -7, -52,-1004,-117;
 -11,-248, -30,  64,  12,  -9, -60,-1011,-115;
  -9,-246, -33,  63,  11,  -7, -56,-1009,-120;
 -12,-242, -30,  62,   9,  -6, -56,-1008,-119;
 -13,-244, -32,  60,   8,  -8, -52,-1012,-115;
 -12,-248, -32,  58,   8, -11, -61,-1009,-113;
 -12,-249, -36,  55,   7, -10, -60,-1006,-118;
 -12,-245, -36,  54,   6, -11, -58,-1006,-113;
 -14,-249, -29,  53,   5, -12, -60,-1006,-116;
 -11,-247, -32,  53,   6, -13, -57,-1009,-117;
 -10,-245, -32,  53,   6, -13, -57,-1013,-113;
 -11,-244, -34,  53,   7, -13, -58,-1012,-114;
 -11,-246, -33,  54,   7, -13, -57,-1013,-113;
 -12,-248, -32,  55,   7, -13, -58,-1005,-116;
 -16,-242, -26,  54,   7, -13, -56,-1004,-115;
 -12,-247, -35,  52,   8, -11, -61,-1006,-114;
 -12,-244, -32,  51,  10, -10, -61,-1004,-113;
 -12,-247, -27,  48,  12, -10, -62,-1004,-116;
 -12,-248, -29,  46,  13, -10, -60,-1008,-120;
  -8,-245, -35,  47,  13,  -8, -59,-1007,-109;
  -9,-250, -34,  49,  15,  -6, -59,-1015,-115;
  -8,-248, -32,  50,  15,  -7, -64,-1008,-112;
 -15,-248, -33,  55,  14,  -7, -56,-1014,-120;
 -11,-249, -33,  57,  14,  -7, -61,-1008,-116;
 -12,-246, -35,  62,  15,  -7, -62,-1017,-122;
 -11,-246, -34,  64,  13,  -7, -58,-1012,-119;
  -9,-248, -31,  66,  12,  -6, -58,-1009,-123;
 -11,-250, -35,  67,  12,  -7, -55,-1014,-120;
 -11,-247, -35,  67,  12,  -6, -52,-1010,-123;
  -7,-249, -34,  67,  12,  -8, -55,-1015,-123;
  -9,-247, -34,  66,  13,  -7, -53,-1008,-122;
  -8,-248, -31,  67,  13,  -6, -54,-1013,-119;
 -12,-244, -34,  68,  14,  -7, -53,-1004,-122;
 -11,-244, -32,  68,  15,  -7, -52,-1005,-112;
 -10,-246, -34,  66,  15,  -7, -59,-1005,-123;
 -10,-249, -31,  63,  16,  -7, -56,-1004,-117;
 -11,-245, -31,  60,  17,  -7, -57,-1004,-112;
 -10,-244, -33,  57,  17,  -7, -58,-1004,-111;
 -13,-247, -32,  52,  16,  -6, -55,-1008,-115;
 -10,-244, -31,  50,  15,  -8, -59,-1009,-111;
 -10,-245, -32,  48,  13,  -8, -59,-1004,-117;
 -11,-246, -30,  48,  13,  -8, -63,-1009,-111;
 -10,-244, -32,  49,  11, -10, -61,-1002,-108;
 -16,-243, -30,  50,  11, -10, -57,-1005,-106;
 -10,-248, -34,  52,   9, -10, -62,-1006,-117;
 -11,-248, -32,  52,   7,  -9, -59,-1007,-114;
 -14,-246, -31,  52,   6, -10, -56,-1009,-112;
 -14,-246, -34,  54,   5, -10, -61,-1009,-115;
 -12,-248, -35,  53,   6, -10, -62,-1009,-115;
  -8,-247, -30,  54,   6, -12, -59,-1011,-114;
 -11,-246, -29,  54,   6, -14, -57,-1007,-112;
 -16,-244, -34,  55,   6, -11, -59,-1013,-117;
 -15,-246, -33,  54,   6, -11, -63,-1011,-115;
 -10,-248, -28,  56,   8, -12, -58,-1007,-116;
 -11,-246, -34,  58,   8, -13, -60,-1007,-115;
 -11,-247, -32,  59,  11, -12, -63,-1010,-122;
  -7,-251, -19,  59,  11, -13, -64,-1006,-117;
 -10,-242, -43,  60,  10, -11, -65,-1009,-120;
 -12,-243, -35,  58,  10, -12, -65,-1007,-112;
 -17,-242, -33,  56,  12, -11, -67,-1002,-117;
 -10,-249, -34,  53,  12, -12, -63,-1009,-119;
 -13,-244, -30,  52,  14, -10, -61,-1008,-115;
 -12,-246, -32,  52,  14, -11, -61,-1006,-114;
 -12,-246, -35,  53,  14, -10, -53,-1008,-118;
 -11,-246, -31,  54,  14,  -9, -64,-1008,-114;
 -11,-243, -34,  56,  15,  -9, -66,-1007,-120;
 -15,-247, -38,  56,  15, -11, -62,-1008,-118;
 -11,-247, -29,  57,  14,  -9, -56,-1007,-112;
 -10,-248, -33,  57,  13, -10, -63,-1013,-110;
  -9,-246, -32,  57,  12, -10, -63,-1006,-116;
 -12,-246, -32,  60,  12,  -9, -65,-1004,-112;
  -7,-246, -31,  61,  11, -10, -59,-1005,-113;
  -8,-246, -36,  62,   9, -11, -57,-1006,-113;
 -13,-246, -31,  61,  10,  -9, -55,-1002,-115;
 -12,-249, -32,  61,  11,  -8, -58,-1007,-119;
 -12,-246, -33,  59,  11, -10, -57,-1005,-114;
 -10,-247, -33,  59,  12,  -9, -54,-1006,-114;
 -12,-244, -32,  58,  12, -10, -55,-1008,-111;
 -12,-249, -39,  56,  11, -11, -59,-1005,-115;
 -11,-246, -31,  54,  12, -12, -57,-1009,-116;
 -13,-245, -36,  52,  12, -13, -59,-1006,-115;
 -11,-249, -33,  51,  10, -14, -54,-1008,-113;
 -12,-244, -30,  51,  11, -15, -56,-1006,-115;
 -12,-245, -32,  50,  10, -16, -60,-1008,-112;
 -12,-247, -35,  51,   9, -16, -59,-1009,-118;
 -11,-247, -32,  53,  10, -16, -61,-1016,-119;
 -13,-247, -30,  52,  10, -15, -56,-1007,-121;
 -13,-245, -32,  53,   9, -15, -62,-1010,-115;
 -12,-247, -31,  53,   8, -14, -59,-1008,-114;
  -9,-244, -28,  54,   9, -13, -63,-1009,-111;
 -15,-245, -30,  54,   8, -12, -62,-1008,-112;
 -13,-245, -33,  54,   7, -12, -59,-1008,-113;
  -9,-247, -32,  54,   7, -11, -61,-1005,-114;
 -13,-250, -35,  52,   9, -11, -60,-1004,-119;
 -15,-244, -33,  54,   9, -11, -63,-1006,-114;
 -15,-246, -34,  53,   9, -11, -59,-1010,-114;
 -13,-245, -32,  51,   8, -13, -62,-1009,-114;
 -11,-248, -34,  52,   8, -14, -64,-1006,-114;
 -11,-244, -31,  50,   9, -13, -65,-999,-116;
 -10,-249, -29,  48,  11, -12, -63,-1004,-118;
 -11,-245, -32,  47,  10, -13, -60,-1005,-112;
 -13,-247, -30,  46,  10, -13, -60,-1009,-113;
 -12,-249, -35,  46,  12, -13, -58,-1007,-112;
 -11,-246, -30,  47,  13, -13, -64,-1008,-118;
 -12,-248, -33,  51,  11, -14, -64,-1008,-118;
 -11,-248, -33,  53,  13, -15, -62,-1010,-116;
 -10,-245, -31,  53,  14, -14, -59,-1012,-114;
 -14,-244, -32,  54,  13, -12, -55,-1008,-110;
 -12,-247, -35,  56,  12, -15, -57,-1002,-114;
  -9,-248, -34,  56,  12, -14, -56,-1011,-118;
 -12,-243, -32,  56,  13, -13, -60,-1004,-118;
 -14,-244, -32,  57,  12, -13, -62,-1000,-118;
 -11,-246, -30,  56,  11, -15, -57,-1002,-116;
 -12,-245, -31,  54,  11, -13, -59,-1006,-118;
  -8,-248, -34,  53,  11, -11, -55,-1010,-116;
 -12,-248, -38,  52,  12, -13, -62,-1008,-111;
 -10,-246, -29,  51,  12, -13, -58,-1009,-120;
 -10,-247, -31,  52,  12, -12, -57,-1002,-112;
 -11,-248, -30,  53,  10, -12, -58,-1009,-119;
 -13,-247, -31,  52,  10, -10, -59,-1008,-115;
 -11,-245, -33,  52,   9, -11, -59,-1006,-115;
 -13,-249, -32,  48,   9, -12, -58,-1006,-112;
 -11,-243, -34,  48,   9, -13, -53,-1007,-113;
 -11,-246, -30,  48,   9, -13, -55,-1009,-118;
 -12,-247, -34,  47,   8, -14, -56,-1011,-115;
  -8,-246, -31,  48,   9, -14, -56,-1007,-120;
 -13,-245, -34,  49,   8, -13, -57,-1009,-113;
 -12,-246, -34,  51,   9, -14, -61,-1007,-115;
 -11,-247, -32,  50,   7, -13, -52,-1004,-115;
 -13,-247, -32,  51,   8, -13, -61,-1010,-119;
 -12,-246, -32,  51,   8, -13, -57,-1004,-115;
 -10,-245, -35,  51,   9, -12, -57,-1006,-116;
 -12,-245, -31,  53,   8, -13, -54,-1005,-116;
 -11,-247, -35,  52,   9, -14, -57,-1006,-114;
 -11,-246, -32,  52,   9, -12, -59,-1006,-111;
  -9,-245, -33,  51,   9, -13, -55,-1009,-116;
 -14,-246, -32,  51,  10, -12, -55,-1007,-119;
 -12,-247, -34,  49,  10, -11, -57,-1008,-114;
  -9,-246, -31,  49,  10, -10, -60,-1010,-118;
 -11,-244, -29,  50,  11, -11, -55,-1010,-114;
 -10,-247, -31,  50,  11,  -9, -57,-1004,-116;
 -16,-257, -30,  52,  11, -12, -58,-1011,-119;
 -15,-248, -39,  52,  12, -11, -58,-1007,-118;
  -9,-245, -32,  51,  11, -12, -60,-1011,-121;
  -8,-247, -31,  53,  13, -13, -64,-1010,-118;
 -12,-246, -34,  55,  13, -12, -55,-1003,-113;
 -11,-243, -29,  55,  12, -11, -54,-1008,-113;
 -10,-246, -34,  55,  13, -11, -54,-1007,-117;
  -9,-248, -34,  55,  13, -10, -56,-1008,-120;
 -10,-249, -31,  55,  13, -12, -55,-1009,-115;
  -8,-244, -36,  56,  14, -12, -58,-1011,-116;
 -13,-244, -30,  55,  14, -11, -58,-1006,-116;
 -12,-246, -33,  56,  13, -12, -55,-1008,-111;
 -12,-246, -33,  55,  12, -14, -60,-1007,-112;
 -12,-247, -34,  54,  11, -13, -57,-1008,-114;
 -12,-247, -32,  54,  10, -14, -51,-1004,-117;
  -9,-248, -36,  52,  11, -15, -54,-1009,-118;
 -10,-248, -33,  50,  11, -12, -55,-1006,-116;
 -11,-244, -30,  52,  12, -11, -55,-1010,-113;
 -10,-247, -30,  51,  12, -10, -51,-1014,-117;
  -9,-249, -33,  52,  11,  -8, -52,-1011,-116;
 -12,-248, -36,  54,  13,  -8, -51,-1007,-113;
 -11,-246, -33,  57,  12,  -8, -56,-1010,-113;
  -5,-249, -33,  58,  12,  -9, -56,-1009,-118;
 -13,-243, -31,  59,  13,  -9, -54,-1008,-116;
 -11,-246, -35,  58,  14,  -7, -55,-1007,-116;
 -11,-248, -33,  57,  14,  -7, -58,-1004,-122;
 -10,-245, -31,  56,  14,  -8, -52,-1008,-110;
  -5,-245, -30,  55,  14,  -8, -60,-1005,-116;
  -7,-247, -33,  53,  14,  -7, -53,-1006,-111;
 -10,-249, -33,  52,  12,  -8, -61,-1005,-112;
 -13,-244, -35,  50,  10,  -9, -56,-1005,-119;
 -13,-248, -30,  48,  10, -11, -56,-1012,-118;
 -13,-244, -32,  47,   9, -10, -64,-1012,-118;
 -11,-246, -29,  49,  10, -12, -55,-1008,-117;
 -10,-249, -35,  53,   9, -11, -60,-1014,-114;
 -17,-245, -32,  55,   9, -11, -62,-1009,-115;
 -13,-247, -33,  56,   9, -12, -61,-1008,-118;
 -14,-246, -31,  58,   9, -11, -61,-1014,-112;
 -14,-249, -36,  57,  10, -10, -60,-1009,-119;
 -10,-246, -30,  58,  11, -10, -60,-1014,-111;
 -15,-246, -32,  58,  11,  -9, -56,-1006,-119;
 -13,-244, -32,  60,  12,  -9, -60,-1004,-117;
 -13,-244, -38,  59,  13, -11, -60,-1007,-117;
 -11,-244, -34,  58,  14, -10, -62,-1002,-116;
 -13,-249, -32,  55,  15, -10, -60,-1004,-119;
 -14,-242, -35,  50,  15, -11, -58,-1005,-116;
 -12,-244, -28,  47,  16, -11, -59,-1009,-111;
 -15,-245, -29,  42,  17, -11, -62,-1008,-112;
  -8,-249, -29,  41,  17, -14, -61,-1006,-112;
 -11,-247, -32,  41,  17, -12, -60,-1007,-112;
 -15,-246, -31,  42,  17, -13, -53,-1012,-111;
 -10,-248, -34,  45,  15, -13, -61,-1015,-111;
 -11,-249, -35,  47,  16, -12, -56,-1010,-115;
 -11,-248, -30,  49,  16, -12, -59,-1017,-116;
 -10,-248, -32,  51,  16, -11, -62,-1013,-117;
  -7,-246, -29,  53,  16, -10, -54,-1014,-117;
 -11,-246, -34,  54,  16, -10, -58,-1005,-120;
  -8,-247, -30,  54,  17, -12, -60,-1005,-118;
 -10,-244, -33,  53,  16, -12, -61,-1009,-110;
 -12,-245, -27,  52,  18, -13, -56,-1004,-118;
  -8,-247, -32,  51,  19, -11, -67,-1003,-115;
 -12,-246, -30,  52,  19, -11, -62,-1007,-109;
 -10,-248, -31,  51,  17, -11, -62,-1003,-110;
 -12,-247, -33,  51,  16, -11, -55,-1010,-107;
 -13,-241, -22,  51,  14, -11, -62,-1006,-109;
 -16,-254, -32,  50,  12, -10, -59,-1005,-108;
  -9,-246, -29,  49,  11, -11, -58,-1004,-107;
 -14,-246, -28,  46,   9, -12, -57,-1004,-107;
  -8,-247, -30,  43,   9, -11, -54,-1009,-113;
  -8,-247, -32,  41,   9, -13, -58,-1006,-110;
  -8,-248, -32,  38,   9, -13, -58,-1013,-109;
  -5,-246, -37,  38,   8, -12, -61,-1006,-106;
  -7,-247, -32,  39,   9, -13, -51,-1009,-113;
 -12,-250, -30,  38,  11, -12, -59,-1017,-113;
 -10,-248, -33,  38,  11, -11, -52,-1015,-114;
 -13,-246, -31,  38,  12, -12, -61,-1014,-118;
 -12,-250, -33,  37,  12, -12, -55,-1012,-116;
 -16,-246, -34,  38,  13, -12, -61,-1003,-118;
  -9,-248, -32,  36,  14, -13, -61,-1006,-110;
 -13,-245, -33,  37,  13, -13, -54,-1004,-121;
 -15,-243, -35,  36,  14, -14, -59,-1010,-116;
 -12,-246, -33,  35,  14, -14, -58,-1014,-117;
 -10,-246, -35,  36,  14, -15, -56,-1009,-114;
  -9,-251, -38,  37,  16, -14, -60,-1007,-121;
 -10,-245, -35,  38,  17, -14, -61,-1004,-119;
  -9,-247, -31,  39,  16, -14, -58,-1009,-119;
 -16,-243, -44,  41,  15, -16, -57,-1006,-122;
 -12,-248, -32,  41,  14, -18, -56,-1008,-120;
 -14,-249, -30,  42,  13, -16, -53,-1007,-120;
 -16,-243, -34,  43,  12, -15, -55,-1005,-125;
 -13,-248, -33,  41,  11, -15, -58,-1005,-123;
 -15,-244, -29,  39,  12, -15, -61,-1004,-112;
 -11,-246, -31,  39,  10, -16, -52,-1006,-121;
  -9,-247, -33,  39,   9, -15, -55,-1010,-119;
  -7,-248, -31,  38,  10, -16, -62,-1015,-117;
  -9,-247, -32,  38,   9, -18, -57,-1005,-119;
  -7,-247, -31,  38,   8, -19, -52,-1012,-114;
  -8,-247, -34,  36,   9, -21, -57,-1004,-122;
 -10,-247, -31,  35,  10, -19, -59,-1008,-117;
 -12,-243, -32,  32,  10, -19, -62,-1007,-116;
  -8,-243, -33,  29,  11, -18, -56,-1006,-124;
 -12,-245, -33,  27,  13, -17, -61,-1007,-117;
 -16,-246, -35,  26,  14, -16, -59,-1004,-115;
 -15,-244, -36,  24,  14, -15, -55,-1006,-122;
  -9,-247, -31,  23,  16, -15, -54,-1006,-118;
 -14,-246, -32,  24,  16, -17, -50,-1007,-120;
 -10,-246, -31,  24,  16, -15, -52,-1005,-118;
  -5,-247, -30,  23,  17, -13, -52,-1008,-122;
  -3,-248, -37,  21,  17, -16, -53,-1004,-123;
  -6,-246, -34,  19,  17, -16, -46,-1006,-123;
  -7,-243, -35,  17,  17, -19, -50,-1007,-124;
  -5,-245, -35,  14,  16, -21, -50,-1003,-125;
  -5,-246, -35,  12,  17, -23, -48,-1001,-128;
 -11,-246, -35,   8,  19, -25, -47,-991,-124;
 -11,-245, -38,   5,  20, -28, -51,-995,-123;
 -14,-244, -34,   0,  21, -31, -51,-997,-123;
 -13,-243, -34,  -5,  24, -33, -52,-997,-123;
 -14,-246, -36, -11,  25, -35, -51,-1002,-126;
 -11,-243, -35, -19,  26, -37, -56,-1002,-120;
  -7,-244, -35, -26,  25, -37, -52,-1002,-122;
 -10,-242, -36, -35,  25, -39, -53,-1001,-120;
  -7,-244, -32, -43,  23, -40, -55,-1000,-121;
  -4,-246, -32, -49,  22, -42, -54,-1002,-120;
  -4,-247, -34, -50,  22, -44, -51,-1004,-119;
  -8,-246, -34, -53,  23, -44, -49,-1006,-120;
  -6,-246, -34, -54,  24, -44, -47,-1003,-119;
  -9,-246, -35, -60,  26, -45, -43,-1002,-120;
 -11,-245, -33, -67,  28, -46, -48,-997,-125;
 -13,-243, -33, -74,  30, -45, -46,-994,-122;
  -6,-242, -35, -86,  31, -45, -48,-992,-118;
  -6,-241, -34, -97,  30, -44, -49,-994,-117;
  -7,-242, -31,-108,  31, -45, -43,-988,-111;
  -9,-240, -31,-119,  33, -43, -47,-990,-105;
  -9,-246, -33,-131,  34, -43, -46,-994,-110;
  -6,-241, -28,-140,  33, -41, -51,-993,-109;
  -9,-242, -30,-147,  36, -40, -54,-996,-105;
 -11,-242, -29,-154,  36, -40, -51,-993,-107;
 -12,-241, -29,-157,  36, -40, -45,-990,-116;
  -9,-243, -29,-159,  35, -40, -51,-992,-118;
  -2,-236, -34,-157,  36, -39, -51,-992,-118;
 -11,-239, -33,-154,  37, -39, -47,-992,-120;
  -9,-243, -30,-153,  36, -37, -48,-993,-116;
  -9,-245, -33,-152,  36, -35, -51,-991,-121;
  -7,-240, -35,-153,  35, -35, -54,-994,-124;
  -8,-242, -34,-155,  35, -35, -49,-990,-121;
 -10,-244, -35,-160,  36, -33, -51,-992,-128;
  -8,-242, -37,-165,  35, -34, -55,-989,-125;
 -11,-242, -32,-171,  33, -35, -55,-992,-130;
 -14,-244, -38,-176,  31, -36, -55,-992,-132;
 -13,-241, -34,-180,  28, -37, -53,-990,-130;
 -15,-242, -35,-185,  25, -40, -59,-997,-127;
 -17,-252, -48,-190,  21, -42, -59,-994,-126;
 -12,-242, -39,-195,  20, -45, -57,-996,-127;
  -9,-243, -34,-198,  17, -47, -62,-996,-126;
  -5,-242, -35,-205,  15, -49, -61,-993,-129;
  -9,-242, -36,-212,  12, -49, -60,-991,-130;
  -9,-242, -37,-221,  11, -51, -60,-988,-124;
  -8,-240, -36,-231,   8, -50, -65,-986,-127;
  -7,-239, -35,-241,   6, -51, -64,-985,-135;
 -15,-240, -39,-248,   4, -52, -71,-981,-136;
 -12,-240, -37,-254,   6, -53, -72,-983,-137;
 -18,-240, -39,-256,   7, -52, -76,-987,-137;
 -21,-239, -32,-257,  10, -54, -71,-979,-136;
 -19,-237, -37,-258,  13, -56, -78,-982,-135;
 -18,-237, -39,-260,  15, -57, -74,-983,-143;
 -20,-238, -41,-265,  16, -57, -74,-975,-138;
 -18,-235, -46,-269,  18, -59, -80,-977,-141;
 -13,-234, -38,-275,  20, -61, -77,-971,-148;
 -17,-232, -42,-284,  19, -62, -69,-965,-142;
 -14,-236, -38,-291,  16, -61, -70,-965,-139;
 -12,-236, -39,-297,  15, -57, -69,-965,-142;
 -11,-234, -40,-304,  13, -52, -69,-965,-143;
 -14,-235, -41,-306,   8, -46, -59,-963,-146;
 -12,-234, -41,-306,   5, -39, -62,-970,-147;
 -10,-237, -44,-307,   3, -30, -62,-967,-151;
 -13,-237, -43,-307,   2, -28, -60,-975,-149;
 -12,-236, -42,-306,   1, -20, -55,-976,-159;
 -12,-239, -46,-305,   3, -15, -48,-978,-164;
 -10,-239, -48,-303,   4, -10, -52,-979,-166;
  -8,-239, -48,-301,  11, -10, -48,-978,-178;
 -12,-235, -48,-302,  15,  -6, -43,-977,-179;
  -7,-239, -49,-306,  15,  -3, -45,-980,-182;
  -6,-236, -53,-314,  13,  -7, -38,-974,-183;
  -8,-237, -56,-324,   9, -11, -40,-980,-183;
  -4,-236, -52,-342,   3, -19, -37,-971,-189;
  -5,-235, -54,-360,  -5, -24, -39,-968,-196;
  -5,-235, -52,-381, -14, -34, -41,-967,-203;
  -7,-235, -53,-399, -20, -39, -43,-963,-206;
  -8,-230, -53,-413, -23, -46, -40,-970,-205;
  -9,-235, -56,-425, -25, -51, -42,-964,-211;
  -9,-238, -59,-435, -23, -55, -45,-964,-215;
  -9,-234, -63,-444, -18, -56, -44,-964,-220;
 -11,-232, -60,-450, -13, -59, -46,-966,-224;
 -10,-233, -56,-457,  -5, -63, -49,-964,-237;
  -7,-241, -56,-465,   2, -65, -48,-960,-234;
  -9,-235, -62,-473,   7, -64, -49,-959,-237;
 -10,-233, -65,-483,  11, -67, -52,-957,-247;
  -9,-231, -63,-495,  14, -66, -51,-950,-259;
  -8,-227, -64,-510,  16, -65, -49,-947,-245;
 -11,-228, -65,-528,  17, -67, -59,-942,-251;
 -17,-226, -59,-544,  15, -71, -59,-936,-245;
 -11,-231, -65,-558,  12, -79, -45,-945,-244;
  -9,-233, -65,-570,   9, -83, -45,-954,-244;
  -7,-231, -65,-574,   6, -87, -39,-963,-252;
  -8,-237, -66,-575,   9, -93, -34,-968,-261;
  -4,-237, -65,-575,  14, -97, -31,-974,-261;
  -2,-234, -65,-579,  20, -99, -33,-969,-267;
  -1,-237, -68,-589,  28, -99, -33,-960,-267;
  -3,-231, -67,-610,  35,-102, -25,-953,-270;
   0,-230, -72,-636,  41,-105, -19,-944,-267;
   0,-225, -68,-670,  47,-105, -21,-932,-269;
  -2,-223, -69,-710,  50,-107, -12,-930,-270;
   0,-225, -70,-752,  52,-111, -15,-928,-269;
  -2,-225, -72,-784,  54,-110, -15,-926,-269;
   0,-227, -70,-805,  54,-110, -10,-934,-273;
  -2,-224, -70,-817,  54,-108, -21,-928,-276;
   5,-227, -73,-826,  52,-104,  -1,-949,-284;
   3,-228, -67,-835,  46,-110,   1,-948,-274;
   4,-228, -68,-847,  40,-111,   1,-941,-270;
   1,-228, -76,-858,  37,-104,   5,-940,-283;
  14,-235, -73,-871,  37, -93,  29,-953,-285;
  13,-228, -75,-884,  29, -94,  21,-949,-300;
   9,-229, -86,-897,  27, -92,  22,-945,-322;
   8,-229, -91,-909,  29, -89,  21,-947,-347;
  11,-238, -93,-913,  36, -78,  34,-960,-368;
   9,-239, -97,-907,  42, -77,  17,-973,-396;
   4,-239,-103,-904,  55, -75,  12,-978,-411;
   3,-239,-105,-909,  70, -71,   6,-986,-409;
   0,-239,-106,-927,  85, -68,   0,-988,-425;
   0,-243,-104,-961,  99, -72,  -6,-999,-412;
   0,-243,-102,-1010, 108, -79, -16,-1005,-409;
  -1,-246, -99,-1065, 120, -88, -23,-1013,-397;
  -3,-246, -98,-1120, 130, -97, -23,-1018,-384;
  -3,-248, -93,-1182, 140,-107, -25,-1022,-365;
 -10,-244, -91,-1247, 141,-124, -41,-1013,-350;
 -16,-238, -88,-1321, 142,-145, -51,-998,-327;
 -23,-239, -81,-1391, 136,-172, -91,-990,-324;
 -26,-238, -81,-1454, 124,-196,-115,-978,-314;
 -36,-234, -85,-1503,  99,-226,-144,-972,-334;
 -43,-236, -97,-1543,  61,-253,-174,-965,-363;
 -48,-237,-104,-1583,   9,-279,-172,-974,-398;
 -49,-240,-117,-1619, -53,-308,-186,-980,-452;
 -46,-242,-133,-1644,-115,-337,-182,-991,-520;
 -41,-241,-153,-1657,-164,-363,-163,-985,-586;
 -36,-238,-165,-1666,-190,-376,-146,-983,-676;
 -25,-234,-185,-1685,-195,-371,-118,-972,-735;
 -10,-236,-194,-1728,-187,-343, -54,-974,-797;
  -9,-239,-210,-1787,-167,-298, -26,-990,-859;
   1,-254,-230,-1853,-147,-239,   4,-1051,-934;
   3,-269,-250,-1919,-126,-170,  33,-1126,-1002;
  11,-300,-262,-1989,-115, -99,  59,-1234,-1076;
  15,-330,-280,-2061,-120, -36,  77,-1350,-1139;
  21,-360,-293,-2133,-143,  16,  96,-1455,-1184;
  30,-387,-309,-2178,-174,  51, 127,-1567,-1221;
  32,-403,-299,-2162,-198,  68, 131,-1632,-1235;
  29,-419,-290,-2056,-196,  84, 142,-1672,-1207;
  31,-422,-287,-1850,-190, 102, 149,-1673,-1176;
  39,-419,-280,-1542,-179, 127, 163,-1658,-1129;
  35,-407,-263,-1156,-163, 143, 165,-1602,-1085;
  46,-386,-254,-730,-160, 141, 168,-1524,-1049;
  31,-362,-245,-301,-172, 113, 151,-1422,-999;
  34,-332,-246, 110,-183,  74, 141,-1316,-972;
  31,-299,-234, 483,-168,  26, 133,-1186,-938;
  31,-262,-223, 798,-138, -20, 125,-1080,-903;
  28,-237,-213,1031,-103, -64, 102,-966,-877;
  23,-202,-210,1175, -71, -98,  95,-842,-850;
  20,-170,-209,1226, -41,-124,  80,-730,-826;
  13,-138,-201,1193,  -6,-141,  59,-595,-802;
  17,-125,-183,1081,  31,-147,  42,-514,-784;
  12,-107,-188, 901,  66,-143,  34,-465,-760;
   7, -97,-185, 668, 103,-137,   8,-438,-731;
   0, -95,-182, 403, 146,-125,   9,-448,-712;
   3,-106,-171, 125, 186,-108,   1,-469,-690;
   3,-118,-162,-140, 219, -90,  -2,-500,-682;
   1,-128,-169,-370, 239, -66,   1,-555,-666;
   2,-143,-172,-550, 255, -40,   5,-594,-659;
   7,-155,-169,-677, 266, -16,   8,-630,-663;
   4,-164,-163,-751, 274,   5,  13,-674,-671;
   6,-175,-161,-776, 272,  27,  24,-713,-665;
   7,-184,-167,-763, 272,  40,  33,-740,-664;
   4,-193,-180,-725, 271,  45,  24,-768,-659;
   6,-197,-161,-673, 267,  52,  26,-792,-644;
   8,-203,-159,-612, 261,  65,  29,-807,-636;
   7,-203,-157,-551, 255,  74,  31,-817,-621;
   9,-207,-155,-494, 251,  79,  31,-830,-616;
   9,-209,-150,-447, 252,  84,  27,-842,-606;
   8,-209,-149,-403, 253,  98,  37,-842,-603;
   8,-206,-144,-363, 255, 109,  23,-837,-588;
   9,-207,-147,-322, 257, 125,  34,-838,-587;
   5,-199,-148,-278, 262, 137,  25,-821,-573;
  11,-200,-140,-227, 271, 153,  19,-804,-561;
   5,-191,-131,-169, 279, 171,  14,-784,-553;
   1,-183,-130,-111, 281, 190,  12,-747,-544;
   1,-180,-135, -40, 278, 215,  21,-724,-536;
   7,-181,-128,  40, 298, 233,   8,-724,-511;
   0,-165,-122, 102, 297, 206, -13,-683,-496;
  -2,-158,-119, 146, 292, 172, -23,-641,-488;
  -4,-146,-117, 179, 287, 153, -26,-597,-479;
  -6,-135,-120, 202, 295, 152, -24,-563,-464;
  -5,-130,-113, 220, 309, 155, -26,-531,-462;
  -1,-121,-114, 225, 320, 157, -19,-504,-457;
  -4,-112,-111, 222, 326, 152, -35,-465,-450;
  -5,-105,-119, 211, 335, 156, -38,-443,-449;
 -10, -97,-110, 198, 347, 164, -41,-415,-434;
  -4, -91,-105, 184, 346, 172, -44,-377,-427;
  -7, -87,-100, 174, 337, 178, -34,-367,-417;
 -11, -82,-106, 158, 323, 167, -50,-333,-412;
 -11, -72,-112, 145, 310, 161, -46,-314,-421;
 -10, -67,-101, 132, 294, 157, -49,-282,-417;
  -6, -64,-106, 120, 275, 161, -39,-279,-428;
  -6, -63,-107, 101, 254, 154, -43,-252,-434;
 -10, -55,-116,  77, 241, 139, -43,-242,-445;
  -7, -53, -97,  49, 232, 123, -42,-225,-450;
  -3, -54,-112,  17, 226, 117, -39,-220,-458;
  -3, -57,-116, -13, 216, 117, -33,-221,-470;
  -3, -52,-121, -47, 206, 113, -27,-227,-469;
  -3, -53,-120, -81, 200, 111, -22,-227,-487;
  -4, -57,-125,-112, 192, 108, -31,-229,-483;
  -4, -57,-124,-139, 182, 106, -24,-233,-492;
   2, -58,-124,-156, 170, 107, -14,-247,-503;
   0, -63,-129,-169, 159, 101,  -6,-252,-517;
   0, -64,-130,-178, 151,  85,  -7,-266,-515;
   1, -63,-133,-183, 144,  68,   2,-275,-531;
   3, -71,-128,-188, 136,  51,   5,-288,-538;
   6, -75,-137,-192, 129,  30,  12,-305,-536;
   5, -74,-135,-196, 123,   6,  12,-312,-541;
   7, -81,-137,-199, 117, -24,  11,-330,-554;
   3, -83,-133,-200, 106, -51,  14,-343,-546;
   5, -85,-134,-199,  93, -78,  19,-355,-550;
   5, -91,-138,-197,  82,-102,  14,-369,-551;
   2, -93,-135,-192,  68,-125,   9,-393,-550;
   1,-103,-140,-187,  53,-145,   7,-416,-558;
   1,-102,-135,-181,  34,-164,   3,-429,-553;
   1,-109,-135,-175,  11,-178,  -2,-445,-563;
   1,-115,-142,-171, -14,-188,   3,-473,-570;
   1,-122,-144,-170, -41,-198,   3,-500,-579;
   2,-128,-147,-176, -72,-200,   3,-532,-592;
   2,-136,-149,-184,-102,-199,   8,-559,-602;
   4,-143,-154,-194,-128,-197,  16,-588,-608;
   7,-150,-154,-199,-148,-196,  23,-610,-619;
   8,-153,-153,-198,-162,-197,  22,-631,-628;
  10,-159,-157,-194,-171,-195,  29,-643,-642;
   8,-161,-164,-185,-172,-197,  32,-662,-646;
  11,-165,-161,-168,-171,-198,  35,-664,-652;
   9,-162,-161,-146,-170,-198,  40,-659,-655;
  14,-175,-171,-116,-168,-198,  50,-665,-668;
  12,-161,-166, -81,-168,-201,  58,-665,-678;
  14,-161,-170, -39,-166,-200,  56,-660,-685;
  17,-163,-173,   5,-162,-199,  65,-655,-687;
  17,-163,-171,  49,-158,-197,  56,-646,-692;
  13,-159,-168,  88,-158,-189,  60,-643,-692;
  15,-161,-173, 122,-155,-182,  53,-647,-697;
  15,-158,-173, 151,-152,-170,  46,-645,-697;
  12,-156,-173, 173,-148,-157,  37,-641,-700;
   7,-160,-173, 186,-141,-138,  28,-644,-704;
   7,-155,-169, 194,-129,-120,  19,-636,-696;
   4,-156,-171, 197,-116, -97,  14,-629,-683;
   3,-154,-166, 194,-102, -71,  11,-634,-674;
   5,-152,-170, 188, -87, -47,   7,-631,-669;
   4,-153,-166, 180, -81, -28,  10,-626,-662;
   2,-146,-165, 170, -73,  -9,  10,-620,-658;
   5,-149,-162, 160, -65,   2,  11,-620,-650;
   3,-150,-160, 155, -57,   8,  17,-607,-640;
   5,-150,-154, 153, -50,   3,  25,-609,-636;
   6,-149,-160, 153, -49,  -2,  20,-608,-636;
   8,-146,-165, 149, -47, -11,  30,-608,-644;
   8,-147,-165, 140, -42, -21,  37,-602,-649;
  11,-143,-168, 126, -34, -28,  37,-596,-675;
  11,-143,-170, 110, -20, -34,  33,-592,-687;
  10,-144,-175,  95,  -8, -35,  42,-598,-702;
  14,-146,-183,  77,   4, -37,  49,-600,-718;
  14,-147,-184,  58,  15, -34,  44,-600,-741;
  12,-148,-191,  39,  30, -30,  51,-607,-755;
  12,-150,-193,  19,  42, -28,  59,-619,-771;
  13,-157,-192,  -1,  55, -24,  53,-630,-765;
   6,-156,-193, -13,  69, -23,  39,-638,-772;
  13,-166,-192, -22,  84, -16,  53,-667,-772;
  13,-163,-190, -28,  97, -16,  40,-672,-757;
  11,-168,-188, -28, 100, -12,  40,-693,-758;
  11,-173,-189, -22, 109, -15,  39,-703,-764;
  15,-181,-190,  -1, 118, -16,  40,-728,-739;
  10,-191,-183,  33, 117, -18,  38,-769,-735;
   7,-194,-180,  82, 103, -26,  30,-787,-727;
   4,-202,-184, 143,  73, -33,  18,-816,-721;
   0,-209,-185, 208,  41, -40,  13,-837,-735;
   6,-208,-183, 270,  10, -44,  21,-848,-746;
  11,-214,-183, 327, -22, -52,  33,-853,-747;
   2,-209,-188, 387, -47, -59,  12,-836,-762;
   6,-211,-194, 450, -52, -40,  38,-855,-772;
   4,-216,-192, 508, -49, -19,  39,-845,-775;
   8,-205,-186, 556, -41,   2,  27,-834,-773;
   7,-203,-187, 599, -22,  32,  38,-831,-767;
  14,-205,-185, 643,   6,  59,  50,-839,-758;
   9,-211,-189, 689,  35,  87,  48,-857,-744;
  13,-219,-174, 739,  59, 102,  50,-876,-718;
   9,-233,-169, 799,  55, 114,  40,-938,-697;
  15,-256,-150, 874,  41, 118,  41,-1030,-639;
   3,-291,-151, 980,  19, 117,  19,-1169,-597;
   8,-329,-141,1115,   3, 120,  45,-1352,-564;
  -2,-373,-135,1282, -36, 110,   2,-1506,-565;
   0,-424,-149,1489, -83, 124,   3,-1690,-599;
 -19,-455,-180,1730,-119, 146, -23,-1819,-690;
 -20,-455,-218,1989,-160, 172, -74,-1819,-823;
 -24,-427,-256,2241,-236, 218, -53,-1681,-1057;
 -24,-351,-330,2460,-333, 252,   7,-1423,-1323;
 -14,-275,-374,2607,-394, 277,  -9,-1167,-1515;
  -1,-252,-394,2607,-426, 268,  32,-1105,-1626;
   3,-235,-372,2407,-431, 224,  24,-988,-1547;
  21,-267,-342,2101,-418, 201, 104,-1098,-1389;
  15,-263,-324,1770,-384, 152,  87,-1087,-1273;
  16,-254,-288,1522,-307, 118, 107,-1089,-1136;
  21,-241,-250,1374,-253,  70,  95,-978,-1043;
  46,-239,-223,1325,-210,  81, 160,-958,-928;
  19,-217,-231,1295,-183,  29, 111,-912,-845;
  23,-203,-221,1245,-120,   8, 130,-865,-783;
  31,-198,-187,1180, -58,  -6, 112,-809,-746;
  30,-179,-151,1085, -48,  -9,  89,-754,-708;
  10,-166,-176, 961, -68,  -5,  62,-698,-665;
   1,-150,-183, 816, -70,   1,  22,-630,-637;
  -1,-147,-161, 657, -66,  12,   4,-633,-593;
   5,-165,-121, 500, -41,  25,  -5,-684,-553;
   2,-183,-104, 358, -40,  44, -23,-760,-505;
  -9,-199,-138, 247, -52,  61, -24,-846,-468;
 -10,-227,-126, 180, -40,  75, -27,-938,-430;
  -5,-248,-104, 159,  -5,  87, -36,-999,-422;
   0,-254, -90, 173,  22,  96, -40,-1037,-431;
  -9,-251, -99, 198,  14,  96, -45,-1050,-438;
 -18,-254,-131, 222,   1,  90, -46,-1035,-453;
 -12,-249,-118, 241,   7,  76, -46,-1015,-461;
  -8,-246,-101, 254,  19,  61, -52,-995,-458;
  -3,-237, -94, 258,   8,  41, -43,-973,-444;
 -15,-229, -99, 254, -17,  20, -48,-954,-415;
 -18,-219,-101, 245, -26,   5, -46,-934,-392;
  -8,-221, -85, 236, -19,  -8, -46,-919,-357;
  -5,-221, -66, 225, -19, -18, -54,-902,-317;
  -8,-217, -63, 220, -38, -26, -51,-902,-272;
 -11,-221, -66, 227, -61, -32, -45,-901,-233;
 -10,-221, -59, 253, -66, -35, -45,-912,-208;
   0,-224, -38, 294, -62, -42, -51,-916,-176;
  -6,-228, -34, 350, -73, -49, -49,-929,-164;
  -5,-235, -45, 419, -91, -55, -54,-954,-161;
 -11,-242, -52, 506, -95, -59, -48,-977,-159;
  -8,-244, -48, 605, -90, -65, -48,-986,-172;
  -7,-248, -47, 699, -85, -67, -49,-1007,-189;
 -12,-252, -54, 796, -83, -68, -53,-1020,-211;
 -13,-250, -71, 886, -81, -65, -50,-1019,-241;
 -12,-251, -79, 959, -67, -60, -47,-1017,-274;
  -8,-250, -71,1019, -47, -49, -45,-1020,-301;
  -3,-247, -77,1074, -35, -37, -37,-1013,-340;
  -6,-247, -95,1127, -31, -21, -39,-997,-371;
 -11,-243,-114,1181, -23,  -2, -22,-980,-412;
  -3,-238,-116,1222, -10,  17, -16,-960,-449;
   2,-230,-112,1242,   0,  35,  -2,-948,-469;
   3,-227,-122,1233,   0,  54,   2,-930,-484;
   4,-226,-130,1203,  -4,  70,  16,-924,-497;
   5,-222,-133,1152,  -2,  85,  25,-918,-499;
  10,-222,-127,1087,   0,  97,  34,-909,-495;
  13,-217,-123,1014,  -6, 107,  32,-911,-490;
  10,-220,-122, 935, -19, 114,  47,-913,-473;
  11,-220,-119, 857, -29, 120,  43,-916,-456;
  14,-219,-115, 785, -35, 123,  42,-913,-446;
  14,-220,-108, 721, -39, 125,  48,-918,-430;
  11,-218,-108, 667, -44, 125,  44,-911,-415;
   8,-225,-106, 622, -45, 121,  40,-918,-408;
  11,-220,-108, 587, -41, 114,  38,-917,-403;
   6,-219,-100, 558, -31, 103,  33,-910,-395;
   9,-216, -99, 532, -26,  94,  23,-906,-391;
   8,-220,-100, 513, -23,  86,  18,-902,-383;
   1,-213,-101, 495, -17,  80,  12,-889,-382;
   5,-214, -97, 478,  -7,  70,  10,-887,-374;
   2,-212, -88, 462,   3,  65,   0,-881,-363;
   2,-214, -88, 440,   4,  60,   2,-876,-347;
   1,-213, -92, 418,   3,  57,  -7,-880,-343;
   0,-214, -88, 398,   4,  53,  -8,-881,-330;
   0,-212, -86, 379,   7,  49, -15,-878,-329;
   5,-214, -78, 363,   4,  44, -15,-882,-328;
   3,-216, -80, 348,  -2,  41, -20,-885,-323;
  -5,-217, -84, 335,  -6,  35, -25,-890,-323;
  -4,-217, -78, 325,  -5,  31, -25,-901,-312;
  -4,-222, -76, 318,  -3,  28, -29,-909,-314;
  -4,-225, -77, 313,  -4,  24, -30,-918,-320;
  -6,-225, -82, 307,  -7,  22, -24,-932,-303;
  -3,-233, -79, 307,  -6,  20, -22,-944,-300;
  -5,-233, -77, 312,  -3,  20, -22,-954,-293;
   0,-236, -73, 320,  -4,  20, -17,-967,-295;
   0,-240, -75, 335,  -9,  20, -13,-974,-292;
  -5,-242, -76, 352, -11,  20, -15,-979,-284;
  -2,-237, -70, 368,  -9,  17, -15,-990,-281;
   0,-241, -68, 388, -10,  18, -11,-987,-277;
   3,-245, -67, 404, -14,  18, -13,-995,-271;
  -3,-242, -71, 418, -17,  19, -14,-995,-269;
   0,-243, -69, 429, -15,  19, -13,-997,-261;
   2,-243, -64, 438, -13,  19, -17,-990,-255;
   2,-242, -64, 444, -13,  21,  -9,-988,-245;
  -3,-240, -63, 448, -15,  24, -14,-993,-244;
  -4,-242, -64, 450, -13,  27, -12,-989,-242;
  -7,-236, -55, 450, -10,  32, -12,-994,-237;
  -1,-240, -63, 450,  -8,  37, -19,-993,-226;
   0,-243, -61, 450,  -8,  41, -20,-992,-221;
  -1,-240, -59, 449,  -8,  44, -23,-991,-216;
  -2,-243, -55, 447,  -6,  49, -22,-990,-214;
  -4,-237, -58, 447,  -4,  51, -29,-991,-206;
  -5,-244, -52, 446,  -3,  54, -30,-988,-206;
  -4,-243, -55, 445,  -3,  55, -24,-994,-202;
  -5,-242, -52, 445,  -2,  54, -29,-991,-200;
  -5,-244, -53, 441,  -2,  54, -24,-990,-198;
  -4,-244, -51, 437,  -1,  52, -30,-993,-189;
  -4,-241, -48, 435,  -1,  52, -32,-989,-182;
  -5,-242, -48, 434,  -1,  52, -34,-987,-186;
  -5,-240, -49, 431,   1,  52, -28,-982,-181;
  -2,-238, -50, 428,   2,  53, -37,-980,-181;
  -6,-242, -47, 423,   2,  52, -37,-978,-179;
  -5,-240, -50, 416,   3,  53, -34,-982,-177;
  -4,-239, -48, 408,   2,  50, -38,-981,-170;
  -8,-237, -47, 399,   3,  50, -44,-975,-170;
  -8,-240, -47, 388,   4,  46, -47,-978,-168;
  -8,-240, -46, 376,   3,  42, -50,-979,-164;
 -10,-238, -42, 363,   4,  41, -53,-980,-165;
 -14,-237, -48, 350,   4,  41, -58,-979,-168;
 -18,-240, -50, 336,   6,  42, -54,-981,-167;
 -12,-238, -48, 323,  10,  39, -66,-974,-168;
 -17,-233, -43, 310,  10,  37, -64,-979,-169;
 -14,-236, -49, 297,  11,  37, -65,-977,-178;
 -14,-238, -50, 287,  12,  38, -71,-977,-179;
 -14,-239, -47, 275,  14,  37, -74,-983,-188;
 -13,-238, -48, 265,  15,  36, -71,-981,-176;
 -16,-236, -52, 256,  16,  35, -72,-980,-185;
 -14,-236, -53, 247,  16,  33, -77,-984,-183;
 -16,-239, -50, 241,  18,  31, -68,-991,-184;
 -17,-240, -53, 235,  18,  26, -72,-985,-183;
 -17,-239, -52, 229,  18,  24, -69,-983,-191;
 -15,-239, -51, 223,  18,  23, -73,-980,-193;
 -16,-239, -53, 219,  21,  24, -81,-981,-186;
 -14,-241, -51, 213,  22,  23, -78,-979,-190;
 -12,-241, -49, 209,  21,  21, -74,-980,-186;
 -15,-244, -50, 203,  22,  20, -74,-983,-188;
 -16,-241, -49, 198,  24,  19, -74,-985,-180;
 -16,-243, -53, 194,  24,  20, -68,-986,-182;
 -16,-240, -52, 191,  23,  21, -73,-985,-182;
 -16,-243, -52, 192,  25,  20, -73,-987,-183;
 -15,-245, -53, 196,  24,  19, -69,-987,-187;
 -12,-240, -55, 198,  26,  18, -70,-991,-186;
 -16,-244, -49, 205,  28,  20, -67,-993,-178;
 -17,-245, -49, 211,  31,  19, -66,-993,-182;
 -13,-242, -47, 218,  34,  20, -63,-990,-186;
 -16,-241, -50, 226,  41,  21, -60,-986,-188;
  -8,-242, -53, 235,  45,  21, -60,-990,-186;
 -11,-243, -57, 242,  50,  23, -54,-983,-184;
  -7,-244, -48, 245,  56,  24, -52,-988,-194;
  -7,-240, -53, 248,  61,  25, -45,-982,-193;
 -11,-242, -54, 248,  66,  26, -45,-983,-184;
  -6,-239, -53, 245,  71,  27, -37,-983,-195;
  -3,-236, -49, 236,  72,  26, -38,-980,-182;
  -4,-241, -49, 224,  72,  26, -33,-981,-187;
  -6,-242, -49, 214,  70,  25, -35,-983,-177;
  -6,-240, -51, 202,  67,  21, -26,-989,-179;
  -2,-240, -47, 191,  61,  19, -27,-987,-184;
   0,-240, -49, 177,  53,  16, -29,-987,-182;
  -3,-241, -48, 165,  45,  12, -24,-986,-188;
  -2,-241, -51, 151,  38,   7, -24,-987,-186;
  -1,-241, -51, 139,  34,   2, -24,-981,-191;
  -2,-240, -50, 127,  28,  -2, -28,-983,-193;
  -3,-238, -53, 115,  24,  -5, -33,-981,-189;
  -4,-250, -45, 105,  22,  -8, -27,-978,-184;
   0,-240, -53,  95,  18,  -9, -27,-975,-184;
  -6,-238, -50,  90,  17,  -8, -31,-981,-181;
  -3,-236, -49,  84,  16,  -9, -31,-966,-179;
  -7,-238, -52,  80,  15,  -7, -38,-977,-185;
  -7,-239, -49,  76,  15,  -7, -38,-978,-181;
 -10,-239, -49,  76,  15,  -7, -43,-979,-186;
  -8,-238, -48,  76,  17,  -6, -51,-975,-184;
  -8,-239, -51,  77,  16,  -4, -52,-981,-181;
 -13,-239, -49,  79,  15,  -2, -60,-982,-184;
 -15,-238, -48,  83,  13,  -1, -60,-984,-181;
 -11,-242, -46,  84,  12,   3, -60,-990,-176;
 -13,-242, -52,  84,  12,   4, -59,-987,-176;
 -13,-239, -49,  88,   9,   8, -67,-986,-174;
 -15,-240, -48,  90,   9,   9, -65,-989,-182;
 -10,-240, -47,  90,   8,   9, -69,-988,-183;
 -13,-241, -50,  87,   7,   9, -63,-991,-184;
 -13,-241, -49,  83,   6,   8, -61,-987,-174;
 -12,-240, -50,  79,   6,   6, -54,-985,-176;
 -15,-239, -43,  74,   5,   4, -52,-991,-176;
  -7,-244, -45,  69,   4,   4, -62,-993,-175;
 -11,-244, -45,  62,   4,   2, -61,-997,-173;
 -12,-246, -43,  56,   4,   2, -58,-998,-165;
  -6,-246, -46,  50,   6,   1, -60,-1003,-164;
 -13,-245, -47,  45,   7,   2, -52,-1003,-164;
  -9,-248, -46,  46,  12,   3, -57,-1005,-157;
 -10,-246, -41,  48,  14,   5, -58,-1007,-160;
 -12,-247, -45,  52,  19,   5, -52,-1008,-152;
  -7,-251, -45,  60,  22,   4, -58,-1018,-153;
 -11,-248, -39,  68,  26,   6, -60,-1005,-162;
  -9,-249, -41,  76,  30,   5, -56,-1010,-158;
 -11,-249, -42,  84,  32,   5, -63,-1011,-157;
 -16,-247, -43,  91,  33,   3, -62,-1006,-162;
 -12,-244, -49,  97,  36,   2, -67,-1003,-164;
 -18,-248, -45, 100,  40,   0, -69,-994,-168;
 -19,-243, -48, 101,  41,   0, -67,-994,-169;
 -19,-239, -42, 102,  44,  -2, -83,-990,-175;
 -18,-242, -49, 103,  46,  -2, -84,-988,-171;
 -22,-240, -47, 100,  47,  -2, -90,-992,-176;
 -22,-239, -50,  98,  49,  -3, -89,-984,-173;
 -19,-241, -49,  97,  49,  -4, -92,-985,-181;
 -21,-240, -45,  97,  46,  -3, -89,-990,-180;
 -16,-242, -41,  93,  46,  -4, -93,-988,-184;
 -24,-230, -52,  91,  46,  -4, -97,-988,-183;
 -20,-240, -50,  87,  43,  -4, -93,-990,-188;
 -21,-240, -51,  83,  41,  -3, -92,-990,-187;
 -23,-242, -53,  81,  37,  -3, -93,-994,-184;
 -20,-245, -50,  78,  37,  -1, -90,-995,-188;
 -18,-242, -49,  78,  31,   0, -93,-997,-183;
 -19,-244, -53,  77,  29,  -1, -87,-997,-182;
 -20,-243, -50,  78,  25,   0, -87,-1002,-188;
 -20,-246, -49,  78,  24,  -1, -85,-998,-181;
 -19,-246, -48,  79,  22,  -3, -82,-997,-176;
 -18,-243, -52,  82,  19,  -3, -79,-1001,-184;
 -15,-242, -50,  83,  17,  -3, -83,-996,-180;
 -18,-244, -47,  84,  18,  -4, -82,-995,-184;
 -14,-244, -49,  84,  17,  -5, -71,-997,-181;
 -13,-246, -51,  84,  18,  -3, -66,-994,-189;
 -12,-241, -50,  86,  17,  -3, -65,-990,-181;
  -9,-244, -51,  85,  17,  -6, -54,-994,-184;
 -10,-241, -50,  85,  16,  -6, -58,-993,-184;
  -9,-245, -51,  84,  16,  -7, -45,-990,-182;
  -5,-244, -49,  81,  15,  -7, -46,-991,-186;
 -12,-245, -49,  79,  13,  -9, -40,-997,-187;
  -7,-245, -51,  78,  13, -10, -43,-995,-183;
  -6,-247, -53,  77,  12, -10, -37,-995,-188;
  -7,-244, -48,  77,  11, -10, -38,-994,-178;
  -3,-245, -49,  75,   9,  -7, -36,-999,-183;
  -5,-243, -51,  72,   8,  -6, -37,-994,-178;
  -7,-239, -49,  69,   7,  -7, -33,-995,-181;
  -6,-241, -51,  65,   5,  -7, -40,-994,-180;
  -7,-245, -49,  62,   3,  -7, -36,-991,-180;
  -7,-247, -51,  60,  -1,  -8, -36,-993,-174;
  -6,-242, -47,  56,  -2, -10, -29,-992,-176;
  -6,-243, -43,  53,  -4, -10, -43,-998,-167;
  -5,-245, -41,  50,  -6, -13, -43,-998,-174;
  -9,-247, -45,  48,  -8, -14, -41,-1000,-165;
  -8,-247, -46,  46, -11, -15, -45,-999,-168;
  -7,-245, -45,  44, -12, -14, -51,-1002,-166;
  -7,-245, -48,  43, -13, -15, -46,-1002,-166;
 -13,-244, -43,  41, -15, -14, -52,-1003,-167;
  -9,-242, -46,  42, -15, -16, -51,-1005,-162;
 -11,-248, -45,  41, -16, -16, -53,-997,-168;
  -6,-247, -44,  43, -16, -14, -51,-1004,-162;
  -9,-243, -46,  45, -15, -13, -55,-1007,-162;
 -13,-246, -44,  48, -13, -12, -55,-1000,-156;
 -12,-249, -47,  52, -14, -11, -55,-1002,-166;
 -19,-242, -54,  53, -11, -11, -50,-998,-170;
 -12,-250, -52,  56,  -8, -11, -53,-1001,-164;
 -15,-243, -47,  58,  -7, -10, -52,-998,-166;
  -8,-248, -48,  61,  -3,  -9, -53,-1001,-168;
 -12,-247, -47,  63,   0, -11, -51,-1005,-174;
 -11,-248, -46,  64,   4, -10, -56,-1006,-172;
 -10,-246, -47,  64,  10,  -9, -57,-1009,-167;
 -10,-247, -45,  66,  13,  -8, -46,-1007,-167;
 -11,-244, -50,  67,  16,  -7, -53,-1011,-173;
  -8,-238, -49,  69,  20,  -8, -52,-1008,-175;
 -10,-247, -49,  69,  23,  -8, -46,-1005,-173;
  -9,-246, -46,  69,  25,  -7, -46,-1009,-171;
 -11,-244, -45,  68,  25,  -8, -47,-1006,-173;
  -9,-245, -44,  68,  26,  -7, -42,-1005,-171;
 -10,-244, -47,  68,  25,  -6, -39,-1001,-172;
  -7,-244, -46,  66,  26,  -6, -46,-1001,-169;
  -5,-247, -49,  65,  28,  -8, -34,-1002,-169;
  -5,-241, -49,  64,  30,  -8, -37,-1005,-170;
  -6,-245, -47,  65,  30,  -6, -43,-1005,-165;
  -5,-247, -47,  67,  29,  -5, -34,-1000,-170;
  -5,-249, -45,  67,  30,  -4, -36,-1000,-164;
  -9,-241, -45,  68,  28,  -5, -36,-1001,-169;
 -10,-243, -41,  69,  28,  -5, -39,-1000,-168;
  -1,-245, -50,  69,  27,  -6, -32,-994,-169;
  -5,-243, -45,  70,  25,  -6, -33,-1000,-177;
  -5,-241, -48,  70,  24,  -5, -35,-998,-169;
 -11,-245, -47,  69,  22,  -5, -36,-997,-171;
 -11,-247, -46,  69,  20,  -6, -45,-993,-171;
  -4,-247, -46,  68,  18,  -7, -47,-995,-170;
  -8,-246, -49,  66,  15,  -8, -44,-998,-178;
  -6,-243, -47,  64,  13,  -7, -46,-998,-173;
  -9,-243, -45,  65,  11,  -7, -48,-996,-170;
 -10,-243, -48,  65,  10,  -6, -45,-996,-174;
 -13,-242, -47,  64,   8,  -6, -50,-991,-171;
 -12,-247, -47,  65,   8,  -5, -56,-992,-168;
 -11,-246, -44,  63,   6,  -5, -60,-999,-176;
 -16,-243, -49,  63,   8,  -5, -58,-1003,-177;
 -16,-245, -50,  62,   8,  -3, -66,-1000,-176;
 -11,-243, -44,  61,   8,  -3, -66,-1002,-175;
 -14,-245, -48,  62,   8,  -1, -66,-1000,-176;
 -17,-245, -49,  65,   9,   0, -75,-1000,-177;
 -12,-246, -49,  69,  11,   3, -68,-1003,-170;
 -13,-246, -51,  74,  13,   5, -71,-1004,-180;
 -12,-245, -47,  77,  13,   7, -70,-1009,-175;
 -12,-248, -47,  81,  15,   8, -63,-1001,-177;
 -15,-243, -47,  85,  15,   9, -65,-1002,-178;
 -13,-244, -47,  87,  16,  10, -66,-1000,-174;
 -12,-244, -46,  88,  16,  10, -67,-1000,-174;
 -13,-242, -44,  87,  16,   9, -62,-996,-173;
 -13,-240, -47,  85,  16,   8, -66,-995,-168;
 -12,-242, -45,  83,  18,   6, -65,-997,-174;
  -7,-242, -50,  77,  18,   4, -67,-995,-170;
 -15,-242, -44,  73,  18,   3, -69,-993,-166;
 -12,-242, -45,  70,  19,   0, -64,-992,-167;
 -12,-245, -47,  67,  19,  -2, -66,-993,-164;
 -17,-243, -46,  65,  19,  -6, -68,-1001,-164;
 -17,-243, -47,  66,  18,  -6, -70,-999,-164;
 -12,-246, -47,  67,  20,  -8, -66,-1004,-159;
 -14,-246, -44,  69,  20,  -9, -62,-1001,-169;
 -10,-245, -44,  71,  19, -12, -62,-1005,-167;
 -12,-245, -44,  72,  19, -12, -64,-1002,-156;
 -13,-246, -43,  74,  21, -13, -63,-1000,-161;
 -16,-242, -44,  74,  22, -13, -65,-999,-166;
 -14,-245, -45,  76,  23, -14, -64,-1003,-163;
 -14,-242, -46,  78,  25, -12, -63,-1002,-163;
 -13,-244, -47,  79,  27, -11, -63,-999,-162;
 -13,-244, -46,  81,  28,  -9, -63,-998,-166;
 -14,-243, -41,  82,  29,  -9, -62,-998,-161;
 -12,-243, -46,  83,  29,  -8, -60,-997,-155;
 -13,-242, -44,  83,  27,  -7, -67,-1001,-160;
 -13,-242, -46,  83,  26,  -7, -63,-998,-162;
 -13,-246, -41,  83,  24,  -6, -63,-994,-162;
 -11,-243, -42,  80,  23,  -6, -63,-998,-155;
 -13,-242, -45,  78,  21,  -7, -60,-998,-163;
  -9,-246, -46,  75,  19,  -6, -64,-996,-157;
 -11,-242, -42,  70,  19,  -5, -60,-998,-157;
 -14,-244, -43,  69,  18,  -7, -63,-999,-153;
 -14,-243, -44,  68,  17,  -5, -56,-996,-155;
 -11,-246, -39,  68,  16,  -6, -69,-998,-155;
 -12,-244, -42,  67,  14,  -5, -64,-1000,-149;
 -17,-245, -41,  66,  14,  -6, -71,-1001,-152;
 -14,-246, -49,  67,  13,  -6, -62,-996,-148;
 -13,-250, -44,  67,  12,  -6, -61,-1000,-155;
 -12,-247, -41,  69,  13,  -7, -62,-1005,-151;
 -11,-244, -46,  71,  14,  -8, -67,-1000,-152;
  -8,-252, -44,  72,  15,  -7, -62,-1000,-161;
 -15,-244, -48,  73,  17,  -7, -59,-1005,-161;
 -15,-243, -43,  75,  19, -10, -57,-997,-158;
 -11,-243, -44,  75,  23,  -9, -55,-1001,-158;
 -13,-241, -40,  77,  24, -11, -58,-998,-157;
  -7,-242, -46,  77,  25, -11, -59,-1001,-159;
 -11,-243, -45,  77,  27, -10, -58,-1001,-158;
 -11,-247, -42,  77,  28, -12, -59,-1001,-155;
 -13,-244, -46,  76,  30, -12, -57,-998,-162;
 -11,-242, -45,  75,  30, -13, -62,-999,-155;
  -3,-244, -49,  74,  28, -13, -61,-1007,-159;
 -14,-245, -43,  73,  28, -13, -61,-999,-155;
 -12,-240, -43,  72,  28, -13, -63,-1002,-160;
 -11,-244, -39,  72,  26, -15, -60,-1005,-158;
 -13,-246, -45,  71,  24, -14, -62,-1003,-156;
 -10,-242, -44,  71,  23, -14, -61,-1009,-155;
 -13,-245, -41,  72,  20, -13, -60,-1003,-163;
 -14,-245, -46,  72,  18, -13, -53,-999,-161;
 -10,-245, -46,  73,  17, -13, -55,-1005,-162;
 -14,-247, -45,  73,  14, -11, -54,-1002,-159;
 -10,-245, -45,  74,  12, -11, -52,-1001,-155;
 -14,-243, -43,  75,  12, -10, -52,-996,-162;
 -11,-246, -44,  74,   8, -12, -53,-999,-160;
 -11,-242, -42,  74,   9, -11, -50,-996,-160;
  -8,-243, -44,  73,  10, -11, -50,-998,-157;
  -7,-246, -41,  71,   9, -11, -53,-1000,-159;
  -9,-243, -42,  70,   9, -10, -52,-994,-154;
 -11,-243, -41,  68,  10, -13, -58,-1001,-149;
 -12,-241, -44,  65,  10, -13, -53,-998,-154;
 -10,-245, -42,  63,  10, -13, -60,-999,-152;
 -10,-245, -41,  62,  11, -13, -57,-998,-159;
 -12,-244, -41,  63,  11, -13, -58,-998,-155;
 -13,-243, -43,  64,  11, -11, -54,-1005,-158;
 -13,-245, -45,  67,  11, -10, -56,-997,-157;
 -11,-245, -44,  70,  10, -12, -57,-1000,-159;
  -9,-242, -42,  71,  10,  -8, -55,-998,-156;
 -11,-242, -50,  72,  10,  -9, -56,-994,-161;
  -9,-245, -47,  72,  10,  -7, -53,-998,-163;
 -11,-244, -45,  72,  10,  -7, -51,-995,-159;
 -12,-245, -46,  68,  11,  -5, -55,-997,-162;
 -12,-247, -43,  65,  13,  -4, -57,-1001,-158;
  -9,-244, -43,  64,  14,  -3, -60,-1005,-158;
 -12,-247, -41,  61,  13,  -3, -57,-1003,-163;
 -14,-246, -43,  60,  13,  -2, -61,-1004,-167;
 -13,-246, -46,  62,  14,  -2, -54,-1011,-154;
 -11,-249, -48,  63,  14,  -2, -62,-1007,-166;
 -14,-245, -45,  65,  14,  -3, -58,-1009,-161;
 -14,-243, -45,  68,  14,  -2, -53,-1005,-161;
 -15,-244, -41,  71,  15,  -2, -59,-1001,-160;
 -14,-246, -44,  71,  15,  -3, -62,-1003,-164;
 -10,-242, -43,  71,  17,  -5, -61,-1004,-164;
 -11,-248, -41,  71,  18,  -9, -56,-1002,-161;
 -11,-247, -45,  72,  18, -10, -63,-1003,-162;
 -16,-245, -46,  72,  18, -11, -53,-1003,-155;
 -12,-244, -45,  73,  19, -12, -57,-1002,-164;
 -10,-246, -45,  73,  19, -15, -55,-1005,-158;
  -9,-247, -42,  73,  20, -15, -62,-1000,-151;
 -12,-243, -42,  75,  18, -13, -60,-1004,-150;
 -11,-247, -43,  76,  15, -11, -54,-1000,-152;
  -9,-243, -44,  78,  14, -10, -59,-1005,-151;
 -11,-247, -47,  79,  13, -10, -60,-1004,-155;
 -12,-245, -44,  78,  12,  -7, -61,-1004,-154;
 -11,-246, -45,  78,  10,  -6, -56,-1006,-162;
  -7,-247, -41,  78,  10,  -6, -55,-1002,-156;
 -11,-246, -43,  79,   9,  -5, -59,-1004,-161;
  -9,-247, -44,  78,   7,  -5, -56,-1008,-156;
 -10,-243, -40,  78,   8,  -6, -50,-1002,-160;
  -9,-248, -40,  78,   8,  -3, -57,-1002,-158;
  -9,-244, -43,  78,   9,  -5, -53,-1000,-164;
 -11,-247, -43,  77,   9,  -4, -61,-1002,-165;
 -11,-244, -43,  76,  11,  -5, -55,-1000,-161;
  -9,-245, -43,  75,  10,  -6, -56,-1003,-159;
 -14,-246, -43,  76,  12,  -6, -55,-1008,-154;
 -11,-248, -46,  76,  13,  -4, -57,-1002,-157;
  -8,-245, -44,  76,  14,  -5, -56,-1007,-151;
 -13,-246, -38,  77,  15,  -5, -57,-1005,-154;
 -11,-244, -45,  77,  14,  -5, -60,-1004,-155;
 -12,-246, -43,  79,  16,  -6, -53,-1003,-155;
 -12,-245, -42,  78,  18,  -3, -59,-1002,-157;
 -11,-245, -46,  76,  19,  -2, -59,-1006,-158;
  -9,-243, -41,  75,  21,   0, -57,-1005,-153;
 -13,-244, -38,  76,  22,   1, -62,-997,-149;
 -13,-244, -42,  79,  22,   2, -61,-1003,-152;
 -10,-246, -45,  78,  21,   2, -60,-1003,-158;
 -12,-243, -42,  76,  21,   3, -60,-1001,-152;
 -13,-246, -41,  77,  22,   2, -61,-1004,-147;
 -15,-247, -46,  76,  22,   0, -59,-1003,-148;
 -11,-250, -42,  77,  22,   0, -63,-1014,-150;
 -12,-242, -42,  79,  22,  -2, -59,-1004,-150;
 -12,-247, -42,  79,  23,  -4, -65,-1002,-152;
 -11,-245, -42,  80,  22,  -4, -66,-1008,-157;
 -14,-244, -41,  83,  21,  -6, -61,-1003,-155;
 -12,-244, -45,  83,  19,  -8, -58,-1008,-151;
 -10,-245, -37,  84,  19, -10, -64,-1004,-156;
 -13,-244, -41,  84,  20, -11, -63,-998,-159;
 -12,-243, -45,  83,  21, -12, -63,-1000,-158;
 -15,-243, -39,  81,  20, -12, -65,-1001,-157;
 -12,-244, -42,  77,  20, -13, -61,-1001,-153;
 -10,-245, -41,  72,  20, -11, -64,-999,-154;
 -13,-243, -43,  70,  22, -11, -62,-997,-149;
 -13,-246, -44,  69,  21, -10, -67,-1003,-150;
 -14,-248, -41,  66,  22, -12, -64,-1003,-153;
 -13,-245, -44,  66,  23, -11, -64,-1003,-142;
 -12,-246, -44,  66,  24, -12, -68,-1003,-149;
 -12,-248, -42,  68,  24, -10, -72,-1004,-152;
 -12,-245, -42,  71,  25,  -9, -67,-1007,-154;
 -14,-244, -41,  70,  26,  -8, -62,-1004,-151;
 -14,-245, -43,  74,  27,  -7, -61,-998,-154;
 -13,-245, -44,  75,  27,  -7, -62,-1003,-154;
 -15,-241, -46,  75,  27,  -7, -58,-1000,-153;
 -12,-243, -42,  74,  27,  -6, -63,-999,-150;
 -12,-246, -39,  73,  28,  -6, -60,-997,-152;
 -13,-244, -42,  72,  27,  -8, -61,-998,-148;
 -14,-242, -41,  71,  28,  -8, -60,-1000,-150;
 -11,-246, -41,  67,  28, -10, -63,-996,-147;
  -9,-247, -43,  65,  27, -10, -57,-1003,-143;
 -12,-243, -40,  62,  27,  -9, -59,-1000,-144;
 -11,-244, -41,  60,  27, -12, -57,-1001,-133;
  -9,-245, -39,  58,  26, -13, -64,-1007,-138;
 -12,-246, -36,  55,  26, -12, -56,-1002,-140;
 -12,-246, -38,  56,  24, -13, -61,-1003,-139;
 -11,-245, -36,  56,  22, -14, -62,-1008,-138;
 -11,-247, -40,  57,  20, -16, -64,-1003,-137;
 -11,-244, -41,  57,  18, -16, -63,-1004,-148;
 -12,-246, -42,  59,  17, -16, -60,-1001,-141;
 -12,-244, -38,  60,  16, -15, -58,-1001,-135;
 -12,-247, -38,  62,  13, -15, -62,-1003,-144;
 -12,-245, -40,  64,  12, -15, -65,-1006,-149;
  -9,-245, -42,  65,  11, -15, -63,-1001,-150;
 -14,-245, -40,  67,  11, -15, -62,-998,-147;
 -14,-243, -41,  68,  11, -14, -66,-1001,-157;
 -14,-246, -44,  70,  11, -13, -65,-1001,-147;
 -14,-244, -44,  72,  11, -11, -64,-1004,-155;
 -12,-247, -40,  72,  11, -12, -65,-1000,-153;
 -14,-245, -40,  72,  11, -11, -65,-1001,-156;
 -13,-243, -42,  74,  13,  -8, -63,-1000,-157;
 -12,-245, -44,  75,  13, -11, -63,-1004,-156;
 -12,-248, -39,  73,  15, -13, -65,-1007,-153;
 -13,-243, -41,  73,  15, -13, -66,-1000,-152;
 -11,-250, -37,  73,  16, -15, -64,-1004,-155;
 -11,-247, -41,  72,  16, -15, -61,-1001,-147;
 -14,-246, -43,  72,  16, -16, -63,-1002,-144;
 -14,-244, -38,  71,  16, -18, -65,-1004,-147;
 -15,-241, -39,  69,  16, -19, -70,-1000,-141;
 -12,-244, -42,  68,  16, -20, -54,-1001,-144;
 -14,-244, -41,  64,  15, -20, -64,-999,-147;
 -11,-240, -40,  59,  14, -19, -64,-999,-144;
 -14,-243, -40,  59,  13, -21, -64,-996,-139;
 -12,-244, -39,  57,  12, -20, -63,-1003,-142;
 -10,-245, -39,  57,  12, -20, -61,-1000,-140;
 -15,-245, -39,  58,  11, -20, -65,-1001,-139;
 -13,-241, -36,  59,  10, -18, -66,-1000,-140;
 -16,-243, -41,  60,  11, -19, -61,-1002,-137;
 -12,-245, -39,  59,  11, -18, -64,-1003,-145;
 -14,-244, -42,  61,  11, -18, -64,-1004,-140;
 -14,-245, -38,  60,  12, -17, -66,-1003,-141;
 -14,-246, -43,  60,  12, -16, -63,-1007,-145;
 -14,-242, -38,  60,  13, -16, -57,-1002,-141;
 -12,-246, -41,  60,  13, -15, -59,-1008,-138;
 -10,-244, -41,  61,  14, -16, -62,-1005,-140;
 -12,-245, -38,  62,  14, -18, -56,-1002,-138;
 -11,-243, -38,  61,  14, -17, -60,-1005,-137;
 -12,-244, -43,  61,  14, -19, -59,-1001,-143;
  -9,-244, -38,  59,  14, -20, -58,-1003,-142;
 -12,-245, -39,  58,  12, -20, -59,-1002,-139;
 -11,-246, -37,  57,  12, -20, -54,-1004,-146;
 -12,-244, -41,  55,  11, -22, -60,-1005,-138;
 -12,-247, -40,  56,  12, -22, -58,-1002,-139;
 -12,-245, -37,  56,  11, -22, -59,-1005,-140;
 -12,-247, -44,  56,  11, -22, -58,-1003,-136;
 -12,-246, -39,  58,   9, -22, -58,-1005,-134;
 -11,-245, -38,  61,   9, -22, -55,-1007,-137;
 -10,-246, -42,  61,  10, -22, -60,-1007,-142;
 -13,-245, -38,  60,  10, -20, -55,-1009,-137;
 -10,-247, -38,  63,   8, -20, -56,-1009,-141;
 -11,-245, -41,  64,   5, -20, -56,-1003,-141;
 -10,-246, -38,  65,   5, -20, -55,-1006,-141;
 -12,-246, -37,  65,   5, -20, -62,-1007,-135;
  -7,-247, -41,  67,   4, -20, -61,-1003,-140;
 -11,-245, -35,  66,   2, -18, -59,-1002,-140;
 -13,-242, -42,  65,   3, -17, -64,-999,-137;
 -10,-247, -39,  64,   2, -17, -57,-996,-134;
 -12,-245, -37,  62,   3, -16, -58,-998,-139;
 -15,-240, -40,  61,   3, -17, -56,-1004,-137;
 -13,-245, -36,  59,   6, -15, -56,-997,-138;
 -10,-246, -40,  57,   6, -17, -57,-1001,-143;
  -7,-244, -42,  55,   8, -16, -60,-1002,-141;
 -12,-244, -39,  53,   9, -16, -56,-1002,-137;
  -8,-247, -39,  52,  10, -17, -57,-1004,-145;
  -7,-244, -40,  51,  12, -17, -56,-1003,-143;
 -10,-245, -41,  48,  13, -16, -53,-1004,-143;
 -10,-247, -40,  47,  14, -15, -56,-996,-136;
 -11,-246, -39,  44,  13, -17, -53,-1002,-142;
  -9,-245, -42,  43,  12, -18, -53,-1002,-138;
  -9,-246, -38,  41,  10, -19, -55,-1005,-138;
 -13,-239, -39,  40,  10, -20, -51,-1003,-142;
 -11,-245, -41,  40,   8, -20, -50,-1002,-142;
  -8,-244, -39,  40,   6, -20, -48,-1004,-144;
  -6,-248, -40,  40,   6, -19, -57,-1005,-143;
 -13,-246, -36,  43,   6, -16, -48,-1005,-147;
 -11,-246, -40,  46,   5, -17, -52,-1004,-140;
 -10,-243, -41,  45,   5, -17, -51,-1005,-140;
  -7,-248, -41,  46,   4, -16, -53,-1004,-141;
 -12,-246, -38,  45,   6, -15, -51,-1013,-142;
 -12,-246, -38,  45,   5, -14, -55,-1006,-133;
  -8,-245, -39,  46,   6, -15, -53,-1001,-138;
  -7,-244, -36,  46,   7, -14, -52,-1006,-148;
 -11,-245, -41,  45,   8, -15, -52,-1003,-137;
 -10,-244, -44,  46,  10, -17, -55,-1004,-146;
 -12,-242, -37,  45,  10, -16, -56,-1001,-146;
  -9,-246, -42,  46,  11, -17, -58,-1001,-146;
  -9,-244, -39,  42,  10, -18, -61,-1009,-138;
  -8,-245, -42,  41,  11, -19, -54,-999,-148;
 -12,-243, -39,  39,  10, -18, -57,-1005,-141;
 -14,-245, -37,  39,  11, -17, -60,-997,-143;
 -10,-242, -39,  38,  10, -19, -58,-999,-141;
  -9,-247, -38,  36,  10, -18, -54,-1006,-147;
 -10,-246, -39,  38,  10, -16, -54,-1005,-146;
 -12,-248, -38,  39,  10, -14, -57,-1005,-145;
 -13,-244, -38,  42,  11, -12, -58,-1009,-147;
 -11,-243, -42,  43,  10, -10, -55,-1005,-146;
 -12,-246, -40,  46,  10,  -8, -55,-1011,-146;
 -13,-243, -42,  49,   9,  -7, -60,-1006,-141;
 -12,-246, -40,  50,  10,  -6, -53,-1006,-146;
 -13,-244, -40,  52,  11,  -6, -56,-1001,-150;
  -8,-246, -38,  54,  10,  -7, -47,-1006,-147;
 -12,-245, -38,  55,  11,  -6, -54,-1009,-146;
 -12,-245, -42,  54,  11,  -7, -57,-1004,-139;
 -12,-245, -42,  53,  10,  -9, -58,-1005,-145;
 -10,-245, -40,  53,  13,  -9, -52,-1001,-145;
 -12,-246, -43,  52,  13,  -9, -63,-1005,-149;
 -11,-248, -41,  52,  14,  -8, -57,-1004,-145;
 -11,-243, -39,  52,  15,  -7, -60,-999,-151;
 -12,-248, -42,  54,  16,  -6, -60,-998,-147;
 -11,-245, -41,  57,  15,  -5, -60,-1004,-148;
  -7,-247, -42,  59,  13,  -7, -60,-1007,-151;
 -12,-246, -41,  60,  14,  -9, -61,-1002,-141;
 -13,-243, -43,  60,  12,  -9, -58,-1007,-150;
 -10,-246, -40,  57,  12,  -9, -54,-1003,-151;
  -9,-245, -41,  56,  12,  -9, -57,-999,-146;
 -12,-245, -38,  55,  11, -10, -55,-1004,-151;
 -15,-244, -42,  54,  12, -10, -55,-1001,-149;
 -12,-243, -41,  53,  11,  -8, -52,-1002,-149;
 -13,-244, -42,  54,  11,  -6, -54,-1000,-142;
 -12,-243, -39,  54,  12,  -6, -54,-1006,-143;
 -10,-242, -43,  56,  11,  -6, -56,-1004,-139;
 -12,-244, -34,  54,  11,  -6, -55,-1002,-141;
  -7,-246, -41,  55,  10,  -5, -56,-1005,-139;
  -8,-247, -41,  55,   9,  -5, -61,-1001,-144;
  -7,-244, -39,  55,  10,  -7, -56,-1003,-140;
 -10,-246, -40,  54,  10,  -7, -52,-999,-149;
 -13,-243, -43,  53,  10,  -8, -61,-1000,-143;
 -12,-247, -41,  54,  10,  -6, -57,-1003,-144;
 -13,-246, -39,  55,  11,  -8, -60,-1004,-147;
 -13,-246, -40,  54,  10,  -8, -53,-998,-146;
 -10,-245, -39,  55,  11,  -7, -60,-999,-147;
 -13,-245, -47,  57,  13,  -7, -58,-1006,-143;
 -11,-245, -39,  58,  14,  -6, -60,-1000,-148;
 -11,-247, -43,  60,  14,  -6, -56,-1003,-151;
 -11,-243, -41,  61,  15,  -5, -55,-1005,-148;
 -11,-248, -44,  61,  15,  -6, -53,-1001,-147;
 -10,-249, -40,  61,  16,  -4, -56,-1003,-146;
 -10,-244, -42,  61,  15,  -4, -54,-1002,-149;
 -10,-249, -43,  60,  14,  -5, -55,-1002,-153;
  -9,-245, -47,  58,  14,  -5, -58,-1001,-153;
 -13,-243, -41,  57,  14,  -4, -58,-998,-148;
 -11,-246, -42,  57,  13,  -4, -61,-998,-143;
 -13,-243, -40,  57,  13,  -4, -59,-993,-152;
 -12,-246, -40,  53,  12,  -4, -56,-1000,-150;
 -14,-243, -41,  52,  13,  -3, -54,-1004,-144;
 -14,-243, -38,  50,  12,  -3, -60,-996,-143;
 -13,-246, -40,  49,  12,  -3, -60,-1000,-140;
 -13,-245, -40,  48,  13,  -3, -57,-1000,-146;
 -11,-246, -39,  49,  14,  -5, -62,-999,-143;
  -7,-247, -39,  49,  14,  -6, -51,-1001,-149;
 -13,-245, -35,  50,  14,  -6, -50,-1003,-140;
  -9,-249, -40,  53,  14,  -5, -56,-1002,-136;
 -13,-246, -40,  56,  15,  -8, -58,-1000,-142;
 -20,-243, -46,  56,  15,  -8, -58,-1008,-139;
 -10,-246, -41,  59,  15,  -8, -55,-1008,-144;
 -13,-245, -38,  59,  14,  -8, -55,-1004,-138;
 -15,-244, -38,  61,  16,  -9, -58,-1003,-142;
 -10,-245, -41,  62,  15,  -8, -57,-1006,-142;
 -13,-243, -40,  62,  15,  -8, -63,-1006,-146;
 -13,-247, -40,  62,  15,  -7, -60,-1004,-138;
 -10,-250, -43,  62,  15,  -6, -60,-1007,-149;
 -10,-243, -41,  62,  15,  -4, -56,-1010,-141;
 -10,-246, -39,  61,  12,  -4, -60,-1004,-141;
 -13,-244, -40,  61,  12,  -6, -54,-1000,-139;
 -11,-245, -41,  61,  11,  -6, -56,-1011,-147;
  -9,-244, -39,  60,  12,  -7, -62,-1002,-144;
  -8,-246, -41,  60,  12,  -6, -56,-1002,-145;
 -15,-242, -39,  59,  12,  -6, -58,-1005,-137;
 -12,-249, -39,  59,  12,  -7, -55,-1000,-144;
 -12,-248, -38,  59,  11,  -7, -57,-999,-146;
 -11,-244, -39,  59,  12,  -7, -58,-1003,-138;
 -12,-244, -41,  58,  12,  -7, -60,-1003,-146;
 -11,-244, -41,  58,  12,  -8, -59,-1003,-148;
 -14,-241, -39,  56,  13,  -8, -57,-1004,-144;
 -12,-245, -38,  56,  15,  -8, -61,-1004,-145;
 -11,-245, -40,  55,  14,  -7, -61,-1003,-139;
 -14,-242, -37,  55,  14,  -8, -61,-998,-139;
 -13,-248, -42,  55,  15,  -7, -61,-1009,-140;
 -13,-242, -40,  54,  14,  -8, -57,-1005,-135;
  -6,-246, -40,  55,  13,  -7, -61,-1002,-143;
 -12,-244, -39,  56,  13,  -7, -59,-1000,-139;
 -12,-244, -40,  58,  12,  -7, -60,-1002,-136;
 -12,-246, -39,  57,  11,  -6, -59,-1000,-145;
 -13,-243, -40,  57,  11,  -7, -60,-1003,-132;
 -11,-246, -39,  57,  10,  -7, -54,-1004,-141;
 -13,-243, -38,  57,  11,  -7, -57,-1000,-133;
 -10,-246, -38,  57,   9,  -6, -62,-997,-136;
 -10,-245, -41,  57,   9,  -8, -61,-1004,-137;
 -15,-247, -39,  55,  11,  -7, -54,-1002,-143;
 -12,-245, -37,  54,  12,  -8, -59,-1004,-144;
 -12,-247, -40,  53,  11,  -8, -64,-1002,-137;
 -13,-245, -39,  53,  11,  -9, -62,-1006,-143;
 -14,-245, -40,  53,  13, -10, -57,-1007,-144;
 -10,-247, -36,  53,  13,  -8, -61,-1004,-142;
 -12,-246, -42,  53,  13,  -8, -63,-1005,-148;
 -14,-249, -45,  53,  13,  -8, -63,-1005,-150;
 -15,-243, -41,  53,  12, -10, -62,-1009,-139;
 -14,-244, -45,  54,  11, -11, -61,-1009,-146;
 -11,-244, -34,  53,  10, -12, -56,-1008,-143;
 -11,-246, -37,  54,  10, -11, -57,-1002,-144;
 -11,-247, -39,  52,   9,  -9, -62,-1004,-141;
 -14,-245, -41,  53,  10,  -9, -60,-1003,-142;
  -9,-245, -44,  53,  11,  -9, -54,-1003,-141;
 -12,-245, -37,  54,  11,  -7, -57,-1005,-141;
 -10,-244, -41,  54,  11,  -7, -59,-1003,-137;
 -12,-243, -43,  58,  12,  -5, -64,-1001,-144;
 -10,-243, -40,  57,  12,  -7, -61,-999,-139;
 -10,-243, -40,  57,  13,  -7, -57,-999,-146;
 -14,-243, -40,  54,  12,  -6, -55,-998,-143;
  -7,-247, -42,  53,  13,  -7, -58,-1003,-145;
 -17,-243, -38,  50,  13,  -8, -59,-998,-142;
 -13,-246, -41,  49,  13,  -9, -56,-1003,-144;
 -13,-245, -39,  49,  13, -10, -61,-1004,-139;
 -12,-246, -41,  50,  14,  -9, -57,-1003,-138;
 -13,-245, -37,  50,  14,  -8, -56,-1003,-139;
 -14,-248, -40,  52,  14,  -8, -58,-1006,-137;
 -14,-245, -38,  52,  14,  -7, -61,-1001,-142;
 -12,-246, -40,  51,  13,  -9, -57,-1008,-146;
 -14,-245, -39,  51,  13, -10, -60,-1007,-141;
 -16,-243, -41,  52,  12,  -9, -60,-1006,-142;
 -13,-244, -38,  55,  12,  -9, -65,-1005,-147;
 -10,-245, -39,  57,  11,  -9, -56,-1008,-145;
 -11,-246, -39,  59,  11, -10, -64,-1011,-144;
 -10,-247, -43,  59,  11,  -8, -64,-1002,-139;
 -11,-245, -37,  60,  10, -10, -63,-1008,-139;
 -14,-249, -40,  60,  10, -10, -61,-1003,-146;
 -11,-246, -36,  59,  12, -10, -61,-1006,-140;
 -15,-245, -39,  60,  14, -10, -55,-1001,-144;
 -12,-247, -42,  58,  15,  -8, -57,-1004,-149;
 -12,-244, -40,  57,  15,  -8, -58,-1001,-150;
 -13,-244, -39,  56,  16,  -8, -59,-1002,-140;
  -8,-247, -40,  55,  17,  -6, -67,-1001,-143;
 -10,-247, -41,  53,  17,  -8, -58,-1002,-143;
 -11,-248, -40,  52,  16, -10, -61,-1007,-141;
 -12,-246, -37,  49,  14, -10, -60,-1005,-142;
 -15,-242, -39,  49,  14, -10, -65,-1009,-144;
 -14,-246, -41,  49,  16, -11, -63,-1006,-144;
 -13,-242, -38,  51,  14,  -8, -63,-1005,-137;
 -10,-246, -43,  53,  14,  -9, -66,-1003,-137;
 -13,-248, -40,  55,  13, -10, -57,-1007,-138;
 -15,-246, -39,  57,  13,  -9, -55,-1008,-139;
 -11,-246, -41,  59,  13,  -8, -56,-1010,-147;
 -11,-246, -39,  60,  13,  -9, -55,-1004,-150;
  -8,-247, -41,  61,  13, -10, -59,-1004,-150;
 -13,-244, -36,  61,  14, -10, -53,-1003,-150;
  -9,-243, -41,  60,  13,  -9, -55,-1004,-150;
 -10,-246, -40,  61,  15,  -9, -59,-999,-146;
 -12,-242, -39,  59,  16,  -9, -57,-997,-142;
  -8,-246, -40,  58,  15,  -8, -63,-1002,-144;
 -10,-246, -37,  58,  16,  -9, -59,-1001,-137;
 -13,-246, -39,  56,  14,  -8, -56,-1001,-143;
 -14,-244, -40,  56,  13,  -9, -60,-999,-137;
  -9,-246, -37,  53,  13,  -9, -60,-1000,-133;
  -9,-247, -35,  53,  12,  -7, -61,-999,-136;
 -12,-244, -37,  52,  11, -10, -62,-1006,-136;
 -13,-244, -38,  50,  11,  -8, -63,-1002,-141;
 -13,-244, -38,  50,   9,  -7, -63,-999,-138;
 -13,-244, -38,  49,   6,  -8, -60,-1003,-135;
 -13,-245, -38,  49,   8,  -7, -61,-1008,-140;
 -14,-244, -40,  50,   7,  -6, -64,-1008,-139;
 -14,-248, -38,  51,   8,  -6, -58,-1003,-138;
 -11,-246, -37,  51,   8,  -6, -65,-1009,-137;
 -15,-244, -40,  50,   6,  -7, -62,-1007,-138;
 -12,-243, -40,  50,   7,  -8, -57,-1003,-138;
 -13,-245, -42,  50,   9,  -7, -59,-1004,-140;
 -12,-248, -43,  50,  10,  -8, -58,-1005,-142;
 -13,-245, -39,  50,  10,  -8, -61,-1006,-146;
 -12,-246, -37,  51,  10,  -8, -61,-999,-140;
 -12,-248, -42,  52,  12, -11, -58,-1006,-151;
  -9,-246, -41,  52,  12,  -9, -64,-1005,-148;
 -12,-245, -43,  54,  14,  -9, -61,-1002,-151;
 -11,-243, -43,  54,  15, -10, -60,-1006,-150;
 -14,-244, -42,  54,  14,  -9, -62,-1003,-144;
 -11,-245, -42,  54,  14,  -9, -60,-998,-150;
 -11,-244, -41,  55,  14,  -8, -62,-1003,-145;
 -11,-245, -41,  55,  14, -11, -64,-1003,-147;
 -12,-245, -41,  55,  13, -11, -56,-1005,-151;
 -10,-245, -43,  54,  14, -11, -59,-1002,-143;
 -10,-247, -41,  55,  14, -11, -55,-1002,-141;
 -11,-246, -41,  55,  15, -12, -60,-1005,-145;
 -14,-243, -37,  55,  13, -12, -63,-1005,-145;
 -13,-246, -38,  55,  13, -12, -60,-1005,-144;
 -11,-245, -39,  55,  13, -12, -60,-1005,-140;
 -12,-247, -37,  55,  14, -11, -67,-999,-139;
 -11,-246, -39,  55,  13, -12, -68,-1003,-140;
 -12,-246, -40,  56,  15, -11, -64,-1001,-145;
 -12,-245, -40,  56,  13, -11, -65,-1007,-140;
 -11,-247, -39,  56,  14,  -9, -58,-1004,-144;
 -11,-248, -37,  56,  13,  -8, -61,-1002,-146;
 -13,-243, -38,  56,  12,  -8, -63,-1000,-135;
 -11,-244, -41,  56,  12,  -7, -60,-1006,-139;
 -11,-244, -40,  55,  11,  -7, -61,-1009,-138;
  -9,-242, -42,  57,  10,  -8, -62,-1006,-136;
 -16,-241, -38,  56,   9,  -8, -60,-1005,-147;
 -12,-246, -38,  56,   8,  -8, -62,-1004,-138;
 -12,-248, -37,  56,   9,  -8, -60,-1001,-142;
 -13,-244, -38,  56,  10,  -8, -62,-1003,-137;
 -10,-248, -43,  57,   9,  -7, -61,-1002,-139;
 -12,-243, -38,  58,  10,  -9, -62,-1000,-138;
 -12,-243, -42,  59,  11, -11, -65,-999,-141;
 -14,-249, -42,  60,  10, -11, -59,-1008,-144;
 -12,-247, -43,  58,   9, -12, -66,-1007,-141;
 -12,-246, -42,  57,   9, -13, -68,-1005,-145;
 -15,-242, -37,  57,   9, -12, -57,-1005,-146;
 -11,-246, -41,  56,  10, -13, -59,-1002,-142;
 -10,-246, -39,  57,  10, -12, -63,-999,-143;
 -13,-246, -40,  57,  10, -10, -60,-1004,-144;
 -11,-244, -40,  57,  11, -10, -66,-1010,-144;
 -14,-243, -38,  58,  14, -10, -60,-1005,-140;
  -8,-243, -39,  59,  15,  -9, -62,-1009,-139;
 -14,-245, -39,  57,  13,  -8, -64,-1004,-135;
 -14,-246, -38,  58,  13,  -8, -65,-1006,-143;
 -11,-245, -41,  56,  13,  -8, -65,-1004,-137;
 -14,-243, -41,  56,  13,  -7, -64,-1004,-142;
 -13,-246, -37,  55,  11,  -8, -64,-1008,-138;
  -7,-248, -37,  56,  11,  -8, -55,-1006,-137;
 -15,-245, -35,  54,  11,  -8, -63,-1003,-140;
 -12,-243, -39,  54,  11,  -9, -63,-1004,-133;
 -10,-247, -37,  54,  11, -10, -62,-1005,-137;
 -12,-244, -38,  55,  10, -10, -62,-1009,-137;
 -12,-245, -45,  55,   8, -10, -58,-1008,-139;
 -12,-246, -36,  56,   8, -10, -59,-1006,-142;
 -10,-245, -38,  56,   7, -10, -61,-1004,-138;
 -13,-247, -39,  56,   8, -10, -59,-1005,-144;
 -10,-247, -42,  56,   8, -11, -56,-1011,-139;
 -12,-247, -37,  58,   9, -11, -61,-1009,-138;
 -13,-246, -38,  60,   9,  -9, -61,-1004,-138;
 -11,-244, -38,  61,   9,  -9, -56,-1007,-147;
  -7,-245, -35,  62,  10, -10, -57,-1004,-133;
 -10,-245, -38,  62,  10, -10, -58,-1003,-144;
 -10,-245, -35,  60,  10, -10, -61,-1004,-145;
 -11,-244, -40,  59,   9, -12, -62,-1006,-147;
  -9,-247, -43,  59,  10, -12, -52,-1004,-146;
 -12,-245, -38,  57,  10, -13, -52,-1002,-136;
 -11,-244, -39,  57,  11, -11, -60,-1007,-145;
 -14,-245, -40,  56,  11, -11, -59,-1007,-142;
 -12,-243, -36,  56,  13, -11, -54,-1005,-142;
 -12,-245, -38,  56,  13, -11, -57,-1011,-142;
 -13,-246, -38,  58,  12,  -8, -56,-1009,-144;
  -8,-247, -42,  58,  13,  -7, -56,-1000,-139;
  -8,-244, -36,  58,  12,  -6, -62,-1003,-145;
 -12,-243, -38,  58,  11,  -7, -60,-1001,-142;
 -15,-246, -37,  60,  12,  -7, -63,-999,-139;
 -10,-246, -37,  60,  12,  -6, -62,-1001,-140;
 -14,-244, -39,  61,  11,  -8, -66,-1007,-140;
 -15,-243, -40,  59,  11,  -8, -63,-1004,-139;
 -12,-247, -43,  58,  11,  -7, -64,-1009,-141;
 -16,-245, -36,  57,  10,  -9, -63,-1005,-146;
 -14,-243, -42,  56,  10, -10, -67,-1004,-144;
 -10,-247, -41,  56,  10, -10, -65,-999,-137;
 -13,-247, -39,  57,  10, -10, -65,-1001,-143;
 -11,-246, -43,  57,  11,  -9, -63,-1008,-146;
 -13,-245, -42,  57,  10, -10, -62,-1004,-141;
 -12,-245, -39,  56,  10, -12, -63,-1009,-138;
 -16,-244, -41,  57,  10, -11, -71,-1010,-140;
 -13,-245, -39,  58,  11, -11, -68,-1000,-143;
 -16,-243, -36,  58,  11, -11, -65,-1003,-140;
 -17,-247, -38,  59,  13, -10, -64,-998,-143;
 -13,-243, -39,  60,  14,  -9, -66,-1008,-137;
  -9,-247, -35,  59,  14, -10, -62,-1008,-141;
 -14,-244, -40,  59,  16,  -9, -64,-1000,-136;
 -14,-246, -41,  59,  17, -10, -65,-1007,-141;
 -11,-246, -37,  57,  17, -13, -62,-1006,-139;
 -13,-244, -35,  55,  17, -12, -66,-1000,-138;
 -15,-243, -39,  53,  18, -12, -64,-1005,-143;
 -14,-243, -36,  54,  16, -12, -64,-1001,-138;
 -14,-243, -40,  55,  17, -11, -62,-1003,-135;
 -15,-245, -37,  55,  17, -10, -62,-1002,-139;
 -10,-245, -39,  58,  16, -10, -60,-1003,-130;
 -12,-247, -40,  58,  16, -10, -59,-1007,-140;
  -9,-246, -36,  58,  15,  -9, -64,-1001,-144;
 -13,-247, -39,  57,  15, -12, -59,-1003,-141;
 -11,-247, -40,  56,  14, -11, -58,-1006,-140;
 -11,-245, -39,  55,  14, -11, -59,-1006,-146;
 -11,-247, -39,  57,  13, -11, -63,-1002,-145;
 -13,-245, -41,  57,  13, -10, -62,-1008,-140;
 -12,-245, -39,  60,  11, -10, -60,-1006,-138;
 -14,-242, -38,  63,  11,  -9, -61,-1003,-144;
 -12,-247, -37,  63,  10,  -9, -59,-1006,-140;
  -9,-245, -35,  64,  10,  -8, -59,-1003,-135;
 -10,-247, -39,  64,  10,  -8, -59,-1000,-133;
 -13,-244, -39,  62,   9,  -7, -55,-1006,-144;
 -12,-243, -41,  60,  10,  -7, -60,-1003,-138;
 -10,-243, -38,  57,  11,  -6, -55,-1005,-135;
 -14,-246, -38,  55,  11,  -6, -56,-1002,-137;
 -13,-246, -35,  53,  12,  -6, -63,-1000,-134;
 -10,-244, -39,  53,  13,  -6, -60,-1001,-134;
 -11,-246, -35,  54,  11,  -6, -55,-999,-131;
 -14,-249, -40,  54,  11,  -5, -59,-1006,-133;
 -11,-246, -37,  53,   9,  -5, -63,-1004,-134;
 -10,-245, -36,  55,   7,  -7, -56,-1004,-136;
  -9,-248, -37,  54,   6,  -9, -59,-1004,-137;
 -11,-247, -41,  52,   7,  -8, -64,-1003,-139;
 -10,-248, -42,  53,   7,  -8, -60,-999,-141;
 -12,-245, -41,  53,   8,  -8, -58,-1003,-144;
 -14,-243, -38,  54,   8,  -6, -62,-1004,-139;
 -10,-247, -37,  54,   8,  -7, -63,-1002,-136;
 -14,-248, -39,  53,   9,  -8, -62,-1008,-141;
 -13,-244, -40,  54,  11,  -8, -56,-1004,-147;
 -13,-245, -38,  55,  12,  -8, -59,-1003,-140;
 -14,-242, -36,  56,  14,  -8, -59,-1002,-138;
 -10,-246, -40,  56,  14,  -6, -58,-1004,-138;
 -12,-246, -40,  56,  15,  -5, -59,-1004,-140;
 -10,-246, -38,  58,  17,  -7, -56,-999,-142;
 -11,-241, -38,  58,  16,  -9, -56,-1002,-144;
 -14,-247, -38,  57,  17,  -9, -58,-1003,-143;
 -14,-244, -43,  55,  17,  -9, -60,-1006,-138;
 -14,-242, -40,  54,  19,  -9, -62,-1005,-138;
  -9,-250, -41,  54,  19, -11, -63,-1002,-141;
 -15,-246, -36,  54,  18,  -9, -62,-1010,-131;
 -12,-246, -38,  53,  17,  -9, -63,-1003,-138;
 -15,-244, -35,  54,  18,  -9, -59,-1005,-140;
 -15,-243, -38,  55,  16, -10, -64,-1004,-135;
 -13,-243, -37,  55,  16, -11, -64,-1003,-136;
 -12,-248, -38,  56,  14, -10, -63,-1004,-134;
 -17,-244, -41,  55,  15,  -9, -67,-1005,-136;
 -13,-246, -41,  52,  14,  -9, -62,-1009,-141;
 -12,-241, -33,  50,  12,  -8, -65,-1002,-134;
 -13,-244, -37,  49,  12,  -7, -61,-1003,-136;
 -13,-246, -38,  49,  12,  -7, -62,-1002,-138;
  -9,-246, -39,  50,  11,  -6, -63,-1004,-138;
 -13,-244, -37,  52,  11,  -6, -61,-1003,-141;
 -14,-245, -38,  52,  12,  -6, -63,-1007,-133;
 -12,-245, -38,  51,  11,  -5, -63,-1008,-140;
 -13,-244, -37,  52,  11,  -7, -62,-1007,-135;
 -12,-244, -42,  51,  12,  -7, -66,-1006,-144;
 -13,-244, -41,  50,  11, -10, -63,-1009,-133;
 -13,-247, -37,  49,  12,  -8, -64,-1008,-141;
 -12,-243, -41,  50,  12, -10, -56,-1006,-138;
 -12,-245, -41,  52,  13, -10, -64,-1004,-137;
 -12,-245, -42,  53,  13, -10, -65,-1003,-139;
  -9,-245, -37,  54,  12,  -9, -67,-1009,-138;
 -15,-246, -40,  56,  11, -10, -65,-1002,-142;
 -10,-247, -40,  56,  12, -10, -65,-1001,-142;
 -14,-246, -42,  56,  14, -10, -63,-1006,-143;
 -11,-244, -37,  54,  15,  -8, -66,-1003,-136;
 -13,-245, -40,  52,  13,  -9, -66,-1000,-141;
 -14,-243, -37,  51,  12,  -9, -62,-1003,-136;
 -15,-246, -40,  51,  13,  -9, -67,-1001,-133;
 -15,-245, -35,  50,  13,  -9, -61,-1006,-138;
 -13,-247, -37,  49,  11, -11, -62,-1005,-134;
  -9,-241, -41,  48,  10, -11, -64,-1008,-141;
 -13,-246, -40,  48,   9, -13, -65,-1000,-132;
 -13,-246, -37,  49,   9, -12, -62,-1001,-138;
 -14,-245, -34,  48,   9, -12, -66,-1002,-138;
 -14,-245, -37,  49,   9, -12, -68,-1005,-135;
 -12,-243, -35,  48,   9, -14, -63,-1000,-137;
 -13,-245, -37,  49,   9, -14, -60,-1009,-134;
 -14,-247, -37,  49,   9, -15, -65,-1004,-139;
 -15,-241, -40,  48,   9, -16, -61,-1006,-143;
  -7,-251, -24,  49,  10, -14, -66,-1007,-138;
 -16,-248, -38,  48,  12, -15, -68,-1005,-140;
 -14,-256, -36,  46,  12, -13, -65,-1001,-136;
 -17,-248, -38,  48,  13, -13, -64,-1001,-134;
  -8,-246, -16,  47,  14, -15, -63,-1003,-138;
 -12,-244, -42,  47,  14, -13, -63,-1006,-138;
 -14,-245, -68,  46,  14, -12, -61,-1005,-132;
 -17,-252, -35,  47,  14, -13, -68,-1003,-135;
 -18,-256, -39,  48,  13, -13, -62,-1007,-136;
  -9,-241, -38,  48,  13, -11, -63,-1006,-139;
 -14,-249, -31,  49,  11, -13, -60,-1002,-140;
  -2,-244, -29,  49,  12, -13, -58,-1008,-133;
 -12,-247, -42,  49,  11, -12, -60,-1009,-137;
  -9,-248, -40,  48,   9, -11, -59,-1008,-142;
 -12,-245, -42,  49,  10, -12, -59,-1004,-141;
  -6,-249, -43,  49,  10, -12, -57,-1007,-139;
  -9,-242, -40,  50,  10, -12, -54,-1005,-139;
 -11,-245, -41,  51,  11, -12, -55,-1003,-139;
 -14,-245, -42,  51,  10, -12, -57,-1001,-135;
 -10,-243, -35,  51,  10, -11, -58,-1000,-148;
 -10,-245, -37,  52,   9, -12, -58,-1001,-136;
 -14,-246, -41,  54,  11, -13, -57,-1009,-139;
 -15,-245, -38,  54,  10, -12, -66,-1006,-140;
 -15,-244, -37,  53,   9, -12, -62,-1007,-141;
 -14,-244, -38,  52,  10, -12, -59,-1003,-141;
 -11,-246, -36,  52,  10, -12, -63,-1000,-137;
 -17,-244, -40,  51,  10, -13, -62,-998,-135;
 -15,-246, -41,  50,  11, -14, -62,-1004,-140;
 -12,-244, -38,  46,  11, -16, -64,-1009,-144;
 -14,-246, -38,  45,  10, -17, -68,-997,-145;
 -11,-248, -40,  46,  10, -17, -60,-1005,-145;
 -13,-246, -38,  48,  10, -16, -67,-1007,-144;
 -10,-246, -41,  51,  10, -15, -62,-1006,-146;
 -14,-248, -42,  52,   9, -13, -61,-1002,-147;
 -10,-250, -37,  54,  10, -13, -62,-1006,-134;
 -14,-245, -40,  56,  11, -14, -61,-1003,-140;
 -10,-250, -38,  59,  12, -13, -61,-1007,-141;
 -14,-246, -39,  60,  12, -10, -61,-1010,-141;
 -13,-244, -34,  62,  13, -10, -66,-997,-138;
 -12,-246, -36,  62,  13,  -9, -62,-1000,-138;
 -11,-246, -34,  61,  14, -12, -60,-1003,-138;
 -12,-248, -39,  60,  15, -12, -55,-1004,-138;
 -13,-245, -35,  59,  17, -11, -57,-1005,-133;
 -10,-247, -39,  57,  15, -11, -57,-1007,-134;
 -12,-244, -39,  56,  15, -12, -58,-1007,-135;
 -12,-246, -41,  54,  14, -12, -63,-1005,-141;
 -10,-244, -38,  54,  13, -15, -60,-1004,-134;
 -10,-247, -36,  52,  12, -15, -64,-1006,-137;
 -14,-243, -36,  52,  10, -15, -58,-1008,-140;
 -14,-244, -41,  53,   9, -15, -60,-1005,-141;
 -16,-245, -36,  53,   8, -15, -68,-1005,-138;
 -10,-245, -41,  51,   7, -15, -64,-1001,-139;
 -16,-244, -39,  50,   7, -15, -64,-1003,-136;
  -6,-245, -42,  47,   8, -15, -63,-1000,-139;
  -8,-243, -39,  46,   9, -13, -61,-1001,-136;
  -5,-247, -39,  45,   9, -11, -59,-1002,-145;
 -20,-245, -39,  45,  11, -12, -62,-1004,-140;
 -11,-246, -38,  47,  11, -12, -61,-1001,-132;
 -12,-242, -37,  47,  13, -10, -61,-1004,-132;
 -13,-248, -38,  50,  14, -10, -60,-997,-136;
 -16,-245, -36,  51,  16,  -7, -62,-1001,-137;
 -13,-243, -37,  51,  16,  -7, -59,-1007,-137;
 -13,-244, -38,  49,  15,  -7, -64,-1004,-134;
 -15,-246, -40,  45,  13,  -7, -61,-1004,-133;
 -13,-246, -37,  44,  12,  -8, -62,-1004,-137;
 -16,-246, -38,  41,  10,  -8, -62,-1006,-134;
 -16,-247, -39,  41,  12, -10, -58,-1004,-139;
 -12,-243, -42,  39,  10, -10, -59,-1012,-137;
 -12,-249, -38,  40,   9, -12, -63,-1004,-139;
 -13,-246, -40,  39,   9, -13, -62,-1002,-137;
 -15,-245, -38,  41,  10, -13, -62,-1008,-142;
  -9,-246, -40,  42,  11, -13, -65,-1002,-142;
 -12,-244, -36,  42,  12, -15, -61,-1001,-137;
 -12,-246, -40,  44,  14, -14, -56,-1007,-135;
 -12,-246, -36,  43,  14, -13, -61,-1009,-136;
 -12,-243, -40,  42,  13, -13, -64,-1005,-136;
 -12,-245, -40,  43,  13, -13, -63,-1001,-138;
 -11,-244, -39,  43,  14, -15, -60,-1002,-143;
 -12,-244, -42,  42,  12, -13, -56,-1002,-144;
 -11,-246, -38,  42,  12, -13, -59,-999,-142;
 -14,-246, -40,  42,  12, -12, -59,-1004,-136;
 -10,-246, -37,  42,  11, -11, -56,-999,-145;
 -13,-245, -38,  42,  12, -13, -61,-1001,-142;
 -12,-244, -38,  42,  11, -13, -59,-1006,-142;
 -12,-244, -41,  41,  10, -13, -62,-1000,-139;
 -15,-246, -38,  43,  10, -13, -61,-1007,-136;
  -9,-245, -42,  43,  10, -13, -60,-1005,-138;
 -11,-249, -39,  43,  11, -12, -65,-1008,-139;
 -10,-247, -41,  45,  11, -13, -59,-1002,-138;
 -13,-246, -36,  47,  10, -13, -61,-999,-146;
 -12,-248, -37,  49,  12, -13, -61,-1006,-142;
 -11,-245, -42,  51,  13, -12, -62,-997,-137;
 -11,-242, -40,  50,  13, -11, -58,-1003,-145;
 -13,-247, -40,  49,  14, -11, -57,-1008,-139;
 -11,-244, -42,  48,  16, -11, -63,-1006,-142;
 -12,-244, -41,  46,  13, -11, -57,-1004,-143;
 -12,-246, -40,  43,  13, -11, -54,-1002,-146;
 -14,-247, -41,  41,  12, -11, -59,-1003,-147;
 -13,-247, -39,  42,  11, -10, -61,-1004,-140;
 -12,-246, -37,  42,  13, -11, -56,-1005,-143;
 -16,-246, -42,  42,  12, -10, -58,-1002,-141;
 -12,-244, -40,  44,  10,  -9, -59,-1011,-141;
 -11,-244, -40,  47,  11,  -8, -62,-1010,-145;
 -15,-247, -42,  49,  10,  -9, -60,-1004,-138;
 -13,-249, -40,  50,  11,  -8, -61,-1005,-139;
 -14,-246, -37,  50,  11,  -6, -62,-1006,-137;
 -14,-246, -38,  51,  11,  -8, -64,-1003,-144;
 -13,-247, -39,  52,  12,  -8, -66,-1000,-147;
 -16,-242, -41,  52,  12,  -9, -61,-1000,-144;
 -13,-244, -40,  52,  11,  -8, -62,-1000,-148;
  -9,-248, -37,  53,  12,  -8, -62,-1007,-141;
 -12,-243, -39,  51,  11,  -8, -62,-1005,-137;
 -12,-247, -39,  51,  12,  -9, -61,-1010,-140;
 -14,-244, -39,  51,  12, -10, -62,-1004,-142;
 -11,-244, -39,  49,  14, -10, -59,-1003,-140;
 -12,-244, -38,  51,  14, -11, -64,-1002,-142;
 -12,-245, -39,  52,  14,  -8, -63,-1004,-143;
  -9,-245, -38,  54,  15,  -9, -58,-1003,-140;
 -14,-244, -37,  55,  15,  -8, -62,-1003,-142;
 -10,-250, -41,  56,  15,  -8, -63,-1007,-141;
  -2,-247, -36,  57,  15,  -6, -62,-1003,-138;
 -13,-248, -40,  58,  14,  -6, -65,-1005,-141;
 -11,-245, -36,  57,  14,  -6, -59,-1001,-145;
 -11,-244, -37,  57,  11,  -6, -58,-999,-141;
 -11,-242, -39,  58,  12,  -6, -61,-1004,-140;
 -12,-248, -42,  57,  12,  -6, -58,-1005,-148;
 -11,-244, -41,  56,  11,  -7, -61,-1005,-138;
 -13,-244, -37,  57,  11,  -8, -61,-1003,-143;
 -15,-243, -41,  57,  11, -10, -58,-1005,-139;
 -15,-244, -38,  57,  10,  -8, -61,-1005,-139;
  -8,-241, -34,  58,  11,  -9, -62,-1001,-141;
 -13,-245, -42,  60,  13,  -9, -61,-1008,-145;
 -12,-248, -41,  59,  13,  -8, -59,-1007,-138;
 -10,-245, -40,  59,  12, -10, -63,-1003,-144;
 -12,-246, -40,  60,  12, -11, -67,-995,-139;
 -12,-246, -41,  60,  12, -10, -62,-1008,-142;
 -13,-247, -36,  62,  11,  -9, -61,-1007,-138;
 -12,-247, -34,  63,  11,  -9, -71,-1005,-139;
 -14,-245, -42,  62,  11, -10, -64,-1005,-146;
 -13,-248, -37,  64,  12,  -8, -67,-1004,-137;
 -12,-245, -42,  63,  13,  -9, -56,-1000,-136;
 -14,-246, -35,  63,  12,  -9, -64,-1000,-140;
 -12,-243, -42,  63,  13, -10, -62,-1002,-141;
 -11,-244, -42,  63,  14,  -9, -63,-1003,-143;
 -12,-246, -38,  61,  14,  -8, -65,-1003,-141;
 -15,-243, -38,  61,  14,  -7, -60,-1003,-142;
 -12,-245, -39,  60,  13,  -8, -62,-1007,-137;
 -12,-248, -38,  57,  11,  -8, -65,-1005,-140;
 -14,-244, -40,  56,  11,  -8, -63,-1005,-137;
 -13,-246, -40,  56,  11,  -8, -57,-1004,-141;
 -13,-243, -41,  55,  10,  -7, -63,-1000,-134;
 -10,-243, -41,  53,  12,  -7, -60,-1000,-144;
 -12,-246, -40,  52,  11,  -8, -58,-1006,-139;
 -12,-245, -38,  51,  11,  -8, -61,-1002,-140;
 -15,-244, -38,  51,  11,  -8, -62,-1003,-140;
 -12,-246, -41,  50,  11, -11, -60,-1005,-142;
 -12,-248, -40,  52,  11, -10, -64,-1001,-138;
 -15,-245, -40,  50,  11, -12, -56,-1003,-137;
 -15,-244, -40,  48,  11, -14, -63,-1002,-134;
 -13,-242, -37,  46,  11, -15, -61,-1003,-135;
 -14,-246, -38,  43,  12, -15, -66,-1004,-135;
 -13,-246, -41,  41,  13, -15, -64,-1004,-133;
 -12,-245, -39,  40,  12, -14, -69,-1008,-143;
 -14,-245, -37,  41,  13, -14, -67,-1005,-135;
 -13,-245, -38,  43,  13, -12, -65,-1006,-140;
 -11,-247, -41,  45,  14, -11, -62,-1004,-139;
 -13,-245, -41,  47,  15, -11, -62,-1006,-139;
 -12,-244, -39,  47,  15, -10, -67,-1010,-142;
 -10,-249, -39,  47,  15, -10, -63,-1008,-142;
 -12,-243, -38,  49,  15,  -8, -62,-1003,-145;
 -11,-244, -36,  50,  14,  -9, -62,-1000,-137;
  -9,-243, -37,  50,  14,  -8, -65,-996,-143;
 -11,-245, -42,  50,  13, -11, -60,-1000,-146;
 -15,-245, -39,  51,  12, -11, -67,-1002,-141;
 -13,-245, -42,  49,  12, -11, -63,-998,-141;
 -12,-246, -38,  48,  12, -12, -64,-1002,-143;
 -14,-242, -37,  46,  14, -12, -63,-1007,-132;
 -15,-245, -36,  45,  13, -12, -62,-1003,-140;
 -13,-242, -35,  43,  14, -12, -65,-1003,-140;
 -12,-247, -40,  42,  14, -14, -66,-1003,-137;
 -13,-248, -39,  42,  14, -14, -64,-1009,-137;
 -15,-244, -40,  44,  13, -13, -66,-1010,-138;
 -11,-249, -39,  45,  13, -13, -63,-1009,-140;
 -12,-247, -44,  49,  12, -15, -60,-1001,-140;
 -12,-245, -38,  51,  12, -14, -61,-1005,-145;
 -15,-243, -39,  53,  11, -15, -63,-1003,-140;
 -11,-245, -40,  54,  12, -16, -63,-1010,-143;
 -11,-245, -40,  55,  12, -17, -60,-1005,-139;
 -13,-244, -37,  54,  13, -15, -57,-1004,-143;
 -11,-246, -36,  52,  12, -16, -61,-1001,-138;
  -9,-244, -39,  51,  13, -15, -57,-1004,-141;
 -10,-244, -39,  51,  13, -14, -62,-1000,-136;
 -14,-243, -41,  49,  13, -11, -56,-1001,-140;
  -9,-249, -34,  48,  15, -11, -62,-1003,-136;
 -11,-245, -42,  47,  15,  -8, -61,-1000,-135;
 -11,-246, -41,  48,  14,  -9, -55,-1005,-133;
 -12,-245, -37,  47,  15,  -8, -53,-1003,-134;
 -13,-246, -39,  47,  13,  -8, -60,-1000,-133;
 -11,-246, -39,  49,  13,  -8, -61,-1004,-138;
 -12,-245, -43,  49,  14,  -7, -56,-1007,-137;
 -10,-248, -38,  51,  12,  -6, -59,-1006,-139;
 -12,-245, -41,  49,  11,  -8, -57,-1000,-132;
 -14,-243, -33,  51,   9,  -9, -56,-1004,-143;
 -13,-244, -41,  52,   8,  -8, -63,-1006,-143;
 -13,-243, -40,  48,   9, -10, -60,-1004,-138;
 -11,-246, -43,  46,   9,  -9, -54,-999,-142;
  -9,-245, -36,  44,   9,  -9, -60,-1003,-139;
 -12,-246, -42,  42,   8,  -9, -62,-1004,-142;
 -12,-245, -42,  41,   8, -10, -62,-1005,-142;
 -11,-246, -43,  41,   8, -11, -62,-1005,-142;
 -13,-244, -42,  41,   8, -11, -56,-1006,-148;
 -12,-246, -42,  43,  10, -12, -62,-1006,-148;
 -13,-244, -41,  44,   9, -11, -60,-1005,-148;
 -11,-244, -41,  46,  10, -10, -61,-1007,-149;
 -11,-244, -41,  47,  12, -10, -65,-1004,-153;
 -13,-245, -42,  49,  13,  -9, -63,-1006,-148;
 -14,-242, -43,  48,  13, -10, -60,-1005,-151;
 -10,-244, -43,  49,  15, -10, -64,-1002,-146;
 -12,-243, -39,  47,  16,  -9, -62,-995,-143;
 -12,-244, -41,  47,  17,  -8, -65,-999,-147;
 -12,-244, -39,  45,  16,  -7, -58,-1002,-142;
 -15,-244, -43,  44,  18,  -8, -59,-999,-144;
 -12,-243, -39,  43,  16,  -7, -67,-1003,-144;
 -12,-245, -38,  41,  17, -10, -66,-1006,-143;
 -13,-243, -40,  40,  17, -11, -65,-1000,-137;
 -14,-245, -40,  40,  16, -10, -64,-1000,-139;
 -12,-244, -37,  39,  16, -10, -61,-1006,-139;
 -14,-246, -39,  40,  16,  -9, -66,-1006,-139;
 -12,-247, -40,  41,  16,  -9, -63,-1001,-143;
 -16,-245, -40,  42,  15,  -9, -64,-1006,-138;
 -10,-244, -42,  44,  15,  -9, -61,-1007,-140;
 -14,-245, -39,  44,  15, -10, -67,-1006,-132;
 -15,-244, -38,  46,  14, -10, -60,-1009,-141;
 -11,-247, -39,  46,  13, -10, -61,-1002,-141;
 -10,-244, -38,  48,  13,  -9, -66,-1002,-146;
 -11,-243, -41,  47,  12,  -9, -61,-1004,-144;
 -12,-244, -41,  47,  11,  -9, -57,-1006,-140;
 -12,-246, -43,  46,  12, -10, -65,-1001,-143;
 -12,-244, -37,  45,  12,  -8, -60,-1005,-143;
 -12,-243, -39,  43,  13,  -9, -62,-1006,-143;
 -10,-244, -37,  42,  12,  -8, -62,-1001,-137;
 -14,-241, -40,  42,  14,  -8, -66,-999,-144;
 -12,-245, -38,  41,  13,  -8, -59,-998,-138;
 -13,-244, -40,  40,  13,  -8, -67,-1004,-139;
 -14,-244, -42,  39,  13,  -7, -63,-998,-136;
 -12,-244, -36,  39,  13,  -8, -64,-1004,-137;
 -11,-247, -38,  38,  12,  -9, -63,-1005,-135;
 -13,-243, -38,  37,  12, -11, -61,-1003,-139;
 -12,-246, -42,  37,  10, -10, -61,-1003,-140;
 -11,-246, -41,  37,  11, -13, -61,-1002,-136;
 -14,-245, -38,  38,  11, -11, -61,-1006,-140;
 -13,-246, -36,  40,  12, -11, -57,-1001,-137;
 -12,-244, -42,  42,  11, -11, -56,-1007,-137;
 -13,-245, -36,  44,  11, -12, -67,-1009,-142;
 -11,-245, -37,  45,  11, -11, -60,-1008,-143;
 -13,-244, -35,  47,  11, -12, -63,-1011,-149;
 -11,-248, -37,  46,  12, -10, -67,-1002,-139;
 -14,-242, -41,  46,  12, -10, -62,-1005,-138;
 -12,-248, -40,  47,  11, -11, -62,-997,-149;
 -13,-239, -46,  47,  12, -12, -60,-1000,-148;
 -15,-245, -40,  46,  11, -10, -60,-995,-143;
 -11,-244, -42,  44,  11, -11, -60,-996,-144;
 -11,-246, -41,  45,  11, -11, -63,-1000,-143;
 -10,-246, -39,  44,  10,  -9, -59,-997,-145;
 -13,-244, -42,  43,  12,  -9, -57,-1002,-153;
 -11,-243, -44,  44,  11,  -8, -63,-1002,-149;
 -17,-241, -36,  45,  10,  -7, -62,-1005,-148;
 -17,-255, -33,  47,  10,  -8, -64,-1003,-153;
 -13,-250, -53,  50,  12,  -6, -58,-1001,-157;
 -16,-238, -39,  51,  12,  -6, -63,-1001,-152;
  -8,-248, -47,  50,  13,  -5, -62,-1001,-152;
  -5,-238, -28,  49,  13,  -5, -58,-999,-144;
 -11,-241, -48,  46,  13,  -4, -58,-1000,-143;
 -19,-246, -44,  42,  15,  -5, -59,-999,-145;
  -7,-245, -32,  38,  15,  -4, -64,-997,-141;
   5,-237, -35,  34,  15,  -5, -62,-1001,-138;
 -20,-252, -21,  27,  14,  -6, -60,-998,-128;
 -20,-244, -31,  23,  14,  -7, -66,-1005,-125;
 -24,-246, -45,  16,  15,  -9, -67,-1003,-121;
 -12,-248, -40,  11,  12, -10, -59,-1005,-125;
  -8,-249, -17,   5,  12, -12, -62,-1006,-127;
 -19,-245, -34,   3,  12, -13, -59,-1004,-125;
  -8,-254, -32,   0,  11, -15, -69,-1007,-122;
 -13,-241, -40,   0,  10, -17, -70,-1010,-123;
  -5,-242, -46,   1,  11, -17, -63,-1012,-124;
 -11,-246, -28,   3,  10, -16, -65,-1009,-129;
 -20,-242, -31,   5,  11, -16, -64,-1017,-131;
 -15,-248, -44,   8,  12, -16, -63,-1014,-133;
 -13,-241, -41,  13,  13, -14, -62,-1018,-136;
 -21,-249, -41,  16,  13, -13, -65,-1018,-139;
 -13,-245, -45,  22,  13, -13, -61,-1014,-151;
 -14,-251, -46,  28,  15, -11, -64,-1017,-156;
  -9,-263, -42,  34,  15, -13, -70,-1014,-163;
 -20,-239, -47,  42,  14, -12, -63,-1014,-165;
 -16,-259, -50,  46,  15, -12, -65,-1019,-168;
 -19,-236, -37,  52,  13, -12, -63,-1012,-176;
 -11,-250, -47,  59,  13, -14, -63,-1012,-182;
 -15,-249, -55,  65,  12, -13, -65,-1011,-187;
 -13,-246, -47,  70,  11, -14, -65,-1014,-188;
 -11,-245, -56,  74,  10, -16, -64,-1007,-185;
 -24,-241, -49,  80,   9, -14, -63,-1004,-193;
  -9,-247, -49,  84,   6, -14, -63,-1004,-189;
  -7,-248, -53,  87,   6, -15, -61,-1003,-201;
 -14,-244, -50,  89,   6, -14, -59,-1002,-191;
 -10,-245, -52,  89,   4, -16, -63,-998,-192;
 -10,-245, -51,  88,   4, -14, -65,-995,-184;
 -10,-244, -48,  87,   2, -13, -60,-993,-184;
 -16,-245, -47,  85,   2, -13, -62,-994,-182;
 -12,-245, -47,  85,   1, -14, -65,-994,-169;
 -16,-245, -42,  86,   0, -13, -62,-999,-169;
 -12,-246, -46,  84,   0, -12, -60,-995,-167;
 -16,-244, -49,  86,   1, -11, -55,-996,-164;
 -17,-240, -46,  86,   1, -10, -63,-1006,-154;
 -15,-245, -39,  86,   2,  -8, -65,-1002,-157;
 -12,-246, -45,  88,   3,  -9, -60,-1003,-152;
 -11,-244, -44,  91,   6,  -8, -64,-997,-147;
 -18,-241, -36,  91,   7,  -6, -58,-1004,-151;
 -12,-243, -41,  91,   8,  -5, -59,-994,-145;
 -13,-244, -41,  90,  11,  -9, -58,-997,-145;
 -14,-244, -38,  89,  11,  -8, -60,-1002,-143;
 -11,-245, -39,  87,  11, -10, -58,-1006,-135;
 -13,-245, -41,  85,  11,  -9, -60,-1004,-144;
 -13,-245, -39,  84,  11,  -9, -54,-1005,-143;
 -10,-247, -39,  83,  12, -11, -59,-1005,-140;
 -13,-245, -38,  83,  11, -11, -54,-1005,-147;
 -10,-245, -40,  83,  11, -10, -55,-1003,-138;
 -11,-244, -37,  85,  10, -11, -53,-1005,-139;
 -11,-248, -38,  85,  10, -11, -60,-1009,-140;
 -10,-246, -38,  85,   9, -11, -62,-1002,-136;
 -11,-247, -37,  86,   9, -10, -59,-1005,-140;
 -10,-248, -38,  86,   9, -12, -58,-1009,-135;
 -11,-245, -38,  86,   9,  -9, -61,-1005,-133;
 -11,-247, -39,  88,  10,  -9, -64,-1007,-137;
 -11,-249, -37,  92,   9,  -9, -58,-1004,-145;
  -2,-244, -27,  95,   9,  -9, -56,-1002,-139;
 -14,-246, -39, 100,  10,  -7, -58,-1005,-140;
 -10,-246, -38, 106,  10,  -5, -58,-1011,-146;
 -13,-245, -36, 112,  10,  -4, -57,-1000,-140;
 -15,-244, -37, 116,  11,  -4, -60,-1001,-146;
 -13,-246, -40, 117,  11,  -4, -63,-1003,-141;
 -14,-246, -38, 117,  10,  -3, -59,-997,-139;
 -14,-244, -37, 115,  13,  -2, -59,-990,-139;
 -14,-242, -39, 112,  14,  -3, -62,-995,-131;
 -13,-243, -36, 107,  14,  -4, -65,-991,-130;
 -12,-242, -35,  99,  16,  -4, -64,-989,-120;
 -13,-243, -35,  91,  15,  -4, -62,-992,-118;
  -9,-243, -32,  83,  14,  -8, -64,-991,-113;
 -12,-242, -30,  72,  13,  -8, -66,-991,-113;
 -14,-243, -29,  63,  12,  -6, -68,-995,-108;
 -11,-244, -28,  54,  11, -10, -57,-992,-104;
 -11,-242, -25,  43,  12, -11, -67,-997, -92;
 -15,-243, -27,  34,  11, -13, -67,-1004, -96;
 -14,-247, -28,  27,  13, -13, -68,-1006, -95;
 -11,-247, -24,  22,  13, -13, -64,-1008,-101;
 -11,-248, -29,  20,  14, -15, -69,-1014, -95;
 -15,-245, -30,  18,  15, -15, -74,-1010, -97;
 -13,-245, -27,  19,  17, -15, -70,-1013, -94;
 -17,-245, -31,  21,  20, -14, -65,-1010,-110;
 -15,-244, -28,  23,  22, -13, -74,-1014,-105;
 -12,-251, -31,  27,  22, -12, -70,-1009,-112;
 -12,-248, -34,  28,  24, -11, -67,-1011,-114;
 -15,-245, -35,  28,  26, -13, -65,-1007,-114;
 -14,-248, -33,  28,  25, -14, -65,-1008,-123;
 -11,-246, -32,  26,  24, -15, -64,-1009,-127;
 -13,-246, -38,  25,  24, -11, -67,-1004,-137;
 -15,-244, -42,  26,  23, -11, -60,-1013,-140;
 -15,-247, -39,  29,  21, -12, -62,-1015,-138;
  -9,-248, -41,  30,  19, -11, -62,-1011,-139;
 -15,-247, -41,  33,  17, -10, -63,-1012,-144;
 -14,-251, -39,  37,  14, -10, -64,-1014,-154;
 -13,-246, -45,  40,  13, -10, -59,-1008,-154;
 -10,-247, -44,  44,  12, -10, -56,-1010,-158;
 -14,-246, -47,  46,  10,  -9, -60,-1011,-157;
 -16,-249, -45,  50,   9,  -9, -57,-1008,-164;
 -12,-248, -45,  54,   7, -10, -59,-1010,-161;
 -15,-245, -45,  55,   7, -10, -64,-1008,-168;
 -11,-247, -45,  58,   5, -10, -64,-1007,-164;
 -12,-248, -46,  62,   4, -12, -65,-1004,-168;
