  -8,-247, -48,  41,   9, -13, -51,-997,-164;
 -12,-247, -44,  40,   8, -14, -50,-999,-157;
 -10,-245, -46,  38,   8, -14, -51,-1000,-162;
 -10,-244, -44,  37,   8, -13, -50,-999,-163;
 -10,-243, -42,  38,   6, -13, -55,-1002,-158;
 -11,-242, -47,  39,   7, -12, -52,-1005,-165;
  -8,-247, -44,  41,   7, -12, -51,-1000,-163;
  -9,-249, -43,  41,   7, -13, -53,-998,-161;
 -11,-245, -45,  44,   7, -11, -53,-998,-159;
 -10,-247, -45,  44,   6, -12, -53,-997,-163;
 -10,-244, -43,  44,   8, -14, -56,-1001,-167;
 -10,-243, -45,  45,   7, -14, -51,-998,-165;
 -13,-244, -46,  47,   7, -15, -56,-999,-166;
 -12,-246, -44,  47,   9, -15, -54,-999,-172;
 -10,-244, -44,  49,   9, -14, -53,-1002,-167;
  -9,-245, -43,  50,  10, -13, -54,-998,-167;
 -11,-244, -44,  48,  11, -12, -55,-1004,-164;
 -11,-243, -46,  48,  10, -12, -51,-999,-165;
 -12,-245, -46,  48,  12, -13, -51,-999,-168;
  -9,-244, -45,  47,  12, -13, -51,-1002,-166;
  -9,-243, -44,  46,  14, -13, -52,-1004,-174;
  -8,-245, -47,  46,  13, -12, -57,-1003,-173;
 -12,-246, -49,  46,  15, -12, -54,-997,-168;
 -10,-249, -45,  48,  14, -13, -47,-997,-169;
  -9,-243, -44,  49,  13, -12, -55,-997,-173;
  -8,-247, -44,  48,  13, -10, -55,-997,-165;
 -10,-245, -45,  48,  12, -11, -50,-995,-170;
 -10,-242, -48,  47,  13, -10, -48,-997,-168;
  -8,-242, -45,  47,  14,  -8, -47,-997,-167;
 -12,-240, -47,  47,  13,  -8, -52,-997,-170;
 -10,-244, -47,  47,  13,  -9, -49,-999,-164;
  -8,-245, -48,  47,  12,  -8, -54,-998,-167;
  -9,-240, -46,  45,  12,  -8, -48,-996,-165;
 -11,-242, -44,  44,  11,  -8, -53,-994,-165;
 -14,-243, -47,  45,  10,  -9, -55,-994,-165;
  -9,-244, -51,  45,  12,  -8, -55,-996,-169;
 -17,-241, -46,  46,  12,  -7, -59,-998,-170;
 -12,-243, -44,  46,  11,  -6, -60,-1003,-164;
 -13,-245, -45,  48,  13,  -8, -54,-995,-163;
 -12,-244, -48,  50,  12,  -6, -60,-1000,-171;
 -10,-245, -50,  52,  12,  -9, -56,-1001,-165;
  -8,-243, -49,  53,  13, -10, -53,-1000,-169;
 -10,-245, -45,  53,  14, -10, -55,-1003,-172;
 -10,-247, -46,  53,  13, -10, -54,-1001,-173;
 -12,-245, -46,  51,  13, -11, -51,-999,-174;
  -9,-247, -45,  52,  13, -12, -51,-1006,-171;
  -9,-247, -49,  55,  13, -11, -51,-1007,-171;
 -11,-245, -45,  55,  13, -12, -50,-1007,-167;
  -9,-246, -47,  56,  12, -11, -52,-1003,-169;
 -10,-244, -49,  55,  11,  -9, -51,-999,-168;
  -7,-242, -47,  56,  12,  -9, -56,-1001,-169;
 -10,-242, -50,  56,  13, -10, -55,-999,-170;
  -8,-245, -44,  56,  13,  -8, -53,-1002,-168;
 -11,-246, -47,  57,  12,  -9, -54,-1001,-164;
 -10,-242, -48,  56,  13,  -9, -56,-1008,-170;
 -11,-244, -44,  56,  13,  -8, -56,-998,-166;
 -12,-244, -48,  53,  14,  -9, -53,-999,-166;
 -12,-244, -43,  53,  16,  -8, -58,-999,-166;
 -10,-241, -46,  53,  17,  -7, -52,-997,-164;
 -14,-243, -43,  50,  16,  -8, -59,-999,-163;
 -10,-245, -43,  47,  15, -10, -58,-1001,-162;
  -8,-246, -47,  46,  14,  -9, -55,-998,-162;
 -11,-245, -43,  45,  14,  -7, -57,-1000,-164;
 -10,-245, -46,  45,  13,  -8, -59,-999,-163;
 -14,-243, -45,  43,  12,  -7, -54,-999,-167;
 -14,-245, -43,  45,  11,  -7, -55,-1003,-167;
 -11,-247, -45,  46,  11,  -7, -53,-998,-170;
 -12,-243, -48,  46,  11,  -7, -55,-1001,-167;
 -13,-243, -48,  47,  10,  -8, -51,-998,-171;
  -9,-248, -46,  48,  11,  -8, -57,-1001,-170;
  -9,-245, -44,  47,  12,  -8, -49,-1002,-169;
 -11,-246, -46,  49,  13,  -8, -52,-1003,-167;
  -8,-245, -45,  49,  14,  -7, -54,-1002,-165;
  -9,-246, -44,  51,  15,  -9, -53,-1002,-162;
  -8,-246, -46,  52,  17, -10, -53,-1000,-164;
 -12,-244, -45,  53,  18, -10, -53,-999,-164;
 -10,-245, -44,  55,  18,  -9, -55,-999,-158;
 -11,-243, -46,  55,  17,  -9, -52,-999,-160;
 -11,-242, -47,  56,  17, -10, -56,-997,-165;
  -9,-250, -46,  54,  15,  -8, -55,-994,-168;
 -12,-240, -44,  52,  15,  -9, -52,-1001,-166;
 -12,-242, -45,  50,  13, -10, -57,-1000,-164;
 -12,-244, -48,  51,  12, -10, -54,-996,-165;
 -14,-242, -43,  50,  11, -11, -61,-1001,-157;
 -10,-246, -45,  50,  10, -12, -55,-1000,-169;
 -10,-244, -43,  49,   8, -11, -53,-996,-166;
 -11,-246, -46,  51,   7, -12, -57,-995,-165;
 -12,-247, -44,  50,   8, -11, -55,-1003,-165;
 -13,-246, -42,  52,   8, -10, -54,-1000,-165;
  -9,-244, -44,  53,   8,  -9, -53,-1000,-163;
 -11,-244, -42,  54,   8,  -8, -57,-1005,-166;
 -12,-243, -47,  55,  10,  -8, -53,-998,-165;
 -11,-244, -50,  55,  12,  -8, -58,-997,-169;
 -11,-244, -45,  54,  12,  -8, -52,-999,-170;
 -11,-245, -47,  54,  14, -10, -52,-999,-164;
 -14,-242, -43,  54,  14,  -8, -51,-998,-166;
 -10,-240, -46,  53,  15,  -9, -54,-997,-168;
 -11,-245, -47,  53,  16, -10, -49,-999,-167;
  -9,-245, -48,  54,  15,  -9, -55,-1000,-167;
  -9,-246, -50,  55,  16,  -8, -54,-1001,-172;
 -10,-246, -44,  55,  16,  -8, -51,-1001,-174;
  -8,-249, -43,  55,  15,  -9, -56,-1000,-171;
 -10,-243, -48,  55,  16,  -8, -57,-1007,-164;
 -10,-245, -42,  55,  16,  -8, -54,-1003,-165;
 -10,-243, -46,  55,  15,  -8, -57,-1002,-166;
  -9,-244, -46,  55,  16,  -8, -54,-1002,-169;
  -9,-243, -46,  56,  14, -10, -52,-999,-169;
  -9,-246, -48,  58,  13,  -7, -56,-997,-171;
  -9,-244, -44,  58,  13,  -8, -56,-1004,-169;
 -10,-246, -45,  58,  11,  -7, -51,-1000,-169;
  -9,-245, -46,  58,  11, -10, -53,-999,-166;
 -10,-243, -45,  57,  11, -11, -53,-1002,-168;
 -10,-246, -46,  57,  10, -11, -52,-1003,-165;
 -10,-247, -48,  57,   7, -11, -53,-996,-166;
 -10,-240, -44,  57,   7, -11, -53,-1002,-172;
 -12,-246, -45,  58,   8, -11, -53,-1000,-164;
 -12,-242, -45,  57,   8, -11, -50,-1000,-176;
  -9,-242, -44,  57,   7, -11, -54,-1002,-165;
  -8,-246, -45,  57,   8, -11, -55,-1000,-162;
 -11,-242, -44,  57,   8, -12, -58,-1000,-165;
  -9,-245, -45,  58,   8, -12, -53,-999,-168;
 -12,-242, -44,  57,   9, -14, -58,-1000,-167;
 -13,-242, -45,  57,  10, -13, -59,-999,-166;
 -11,-244, -43,  58,  11, -11, -52,-1001,-170;
 -10,-245, -42,  58,  11, -12, -54,-997,-166;
  -7,-243, -46,  59,  11, -10, -54,-1001,-166;
 -13,-243, -43,  60,  13,  -8, -54,-993,-165;
 -12,-242, -47,  60,  13,  -8, -54,-996,-173;
 -12,-243, -46,  59,  12,  -9, -50,-999,-164;
 -11,-242, -45,  58,  13,  -8, -54,-996,-166;
 -12,-242, -38,  58,  11,  -7, -52,-1001,-166;
 -11,-245, -46,  56,  11,  -7, -51,-998,-162;
 -13,-242, -46,  54,  12,  -7, -50,-1000,-163;
  -9,-244, -48,  52,  11,  -6, -54,-997,-164;
 -11,-244, -44,  51,  10,  -7, -52,-1001,-166;
 -12,-243, -44,  49,  11,  -6, -52,-1003,-162;
  -9,-246, -43,  49,  10,  -7, -56,-1002,-162;
 -12,-243, -47,  48,  11,  -8, -52,-1002,-162;
 -13,-244, -44,  48,  10,  -9, -53,-1002,-159;
 -12,-243, -45,  49,  11,  -9, -54,-1003,-168;
 -10,-246, -45,  52,  10,  -9, -58,-1004,-157;
 -11,-248, -45,  54,   9, -12, -60,-1005,-166;
  -8,-249, -44,  55,   8, -12, -60,-1003,-166;
 -10,-247, -53,  57,   9, -11, -56,-1005,-165;
 -12,-243, -43,  56,   9, -12, -61,-999,-166;
  -6,-243, -46,  56,   9, -13, -57,-1001,-165;
 -11,-244, -44,  56,   9, -10, -60,-998,-162;
 -12,-244, -46,  55,  10, -11, -56,-995,-166;
 -13,-243, -44,  56,  10, -10, -62,-994,-169;
 -12,-245, -43,  54,  10,  -9, -59,-999,-165;
  -9,-244, -43,  56,  10,  -8, -53,-999,-165;
  -9,-242, -47,  57,  10,  -7, -53,-999,-168;
 -13,-241, -46,  58,  10,  -6, -53,-1003,-167;
 -14,-243, -45,  58,  10,  -6, -58,-999,-172;
 -11,-245, -45,  57,   9,  -6, -59,-1000,-172;
 -11,-243, -47,  57,   9,  -7, -55,-998,-166;
 -13,-240, -43,  54,   9,  -6, -55,-998,-170;
 -12,-242, -44,  54,  10,  -7, -52,-1003,-171;
 -13,-244, -48,  53,  11,  -5, -53,-998,-163;
 -10,-245, -44,  53,  10,  -7, -58,-1002,-167;
 -13,-240, -47,  51,  10,  -5, -52,-1007,-169;
 -12,-246, -47,  52,  11,  -5, -53,-996,-165;
  -8,-244, -45,  53,  11,  -7, -54,-1001,-164;
 -13,-244, -44,  52,  13,  -6, -52,-1000,-166;
 -10,-243, -40,  52,  14,  -7, -50,-1003,-168;
 -15,-245, -47,  52,  13,  -8, -54,-995,-169;
  -6,-247, -49,  52,  15,  -6, -53,-996,-168;
 -11,-246, -47,  52,  16,  -7, -50,-1002,-165;
 -10,-245, -50,  54,  16,  -8, -52,-1004,-167;
 -11,-247, -44,  54,  16,  -9, -57,-1000,-170;
  -7,-243, -48,  54,  14,  -8, -53,-999,-164;
 -11,-245, -46,  55,  13,  -7, -50,-998,-168;
 -11,-245, -48,  55,  13,  -7, -51,-994,-166;
 -10,-243, -45,  55,  11,  -8, -53,-996,-167;
 -13,-240, -44,  55,  11,  -8, -53,-999,-167;
  -8,-242, -47,  55,   9,  -6, -58,-1003,-166;
 -13,-245, -47,  53,   8,  -7, -57,-997,-168;
 -12,-244, -46,  50,   8,  -9, -57,-998,-169;
 -13,-245, -48,  50,   8,  -8, -57,-1000,-165;
 -11,-242, -42,  50,   8, -10, -58,-1004,-167;
 -12,-248, -48,  52,   8,  -9, -54,-1003,-167;
 -11,-243, -45,  52,   7,  -9, -60,-1003,-169;
  -9,-248, -45,  54,   7, -10, -58,-1005,-167;
 -12,-245, -48,  53,   9, -10, -53,-1004,-170;
 -14,-243, -50,  56,  10, -10, -55,-998,-162;
 -13,-245, -48,  56,  11, -12, -61,-1000,-168;
 -13,-243, -46,  57,  12, -10, -56,-1000,-165;
 -10,-247, -48,  57,  13,  -9, -57,-999,-168;
  -8,-244, -47,  58,  14,  -9, -59,-995,-167;
 -12,-245, -43,  59,  14,  -7, -59,-1002,-166;
 -10,-246, -45,  59,  15,  -8, -60,-998,-166;
 -12,-244, -44,  59,  15,  -5, -58,-992,-162;
 -11,-244, -44,  58,  16,  -7, -52,-994,-162;
  -9,-247, -42,  58,  16,  -8, -54,-997,-161;
  -9,-246, -45,  56,  16, -10, -52,-1000,-163;
 -13,-243, -45,  53,  15, -10, -54,-995,-164;
 -12,-242, -42,  49,  16,  -9, -54,-997,-168;
  -7,-245, -46,  47,  16, -10, -59,-999,-161;
 -10,-243, -42,  45,  15, -10, -51,-996,-168;
 -11,-240, -46,  45,  14, -11, -55,-999,-168;
 -13,-241, -45,  43,  14, -13, -60,-1001,-162;
 -10,-246, -43,  43,  13, -11, -56,-1002,-169;
 -11,-245, -45,  44,  13, -12, -54,-1001,-165;
 -14,-246, -48,  45,  11, -10, -56,-997,-165;
 -12,-246, -50,  45,  10, -10, -53,-999,-164;
 -12,-247, -46,  47,   8, -11, -59,-1000,-172;
 -11,-246, -45,  47,   9,  -9, -56,-1001,-169;
 -13,-241, -42,  48,   8, -10, -56,-1000,-167;
  -9,-244, -49,  49,   9,  -9, -62,-1002,-165;
 -13,-243, -42,  49,  11,  -9, -53,-998,-167;
 -12,-243, -43,  50,  10,  -7, -58,-995,-166;
 -10,-244, -45,  51,  11,  -6, -55,-1000,-159;
 -12,-245, -43,  49,  11,  -6, -58,-994,-163;
 -10,-244, -44,  49,  11,  -5, -61,-997,-163;
 -13,-246, -45,  49,  11,  -6, -53,-999,-159;
 -10,-242, -43,  49,  10,  -6, -58,-999,-157;
 -12,-243, -42,  49,  10,  -7, -60,-1002,-158;
 -10,-245, -42,  50,  10,  -7, -60,-999,-162;
 -12,-243, -46,  49,  10,  -8, -62,-1001,-162;
  -9,-246, -44,  50,  10,  -9, -60,-1001,-159;
 -12,-243, -47,  50,   9,  -8, -58,-998,-160;
 -11,-246, -45,  49,   9,  -9, -54,-998,-162;
 -13,-242, -46,  49,   8,  -9, -56,-998,-167;
  -9,-244, -47,  47,   8,  -9, -58,-995,-164;
 -13,-241, -42,  46,   8,  -7, -57,-1002,-166;
  -6,-247, -47,  45,  10,  -8, -57,-1002,-167;
 -12,-244, -49,  45,  11,  -8, -60,-996,-168;
 -14,-244, -44,  45,  10,  -9, -54,-997,-167;
 -12,-244, -46,  45,  10, -10, -57,-1001,-168;
 -15,-244, -44,  45,  12,  -9, -54,-999,-170;
 -11,-245, -50,  46,  12, -10, -58,-1003,-170;
 -12,-242, -47,  46,  12, -10, -59,-996,-170;
 -11,-246, -46,  47,  14, -11, -61,-1005,-166;
 -13,-244, -47,  47,  15, -11, -56,-1002,-166;
 -10,-244, -45,  49,  16, -10, -62,-997,-171;
  -8,-244, -47,  49,  15, -11, -56,-999,-166;
 -10,-245, -45,  49,  17, -10, -59,-998,-164;
 -11,-245, -46,  49,  17,  -9, -56,-994,-163;
 -16,-245, -45,  49,  16, -11, -57,-998,-168;
 -13,-242, -47,  48,  16, -13, -61,-1001,-170;
 -10,-244, -48,  48,  16, -12, -62,-999,-164;
 -13,-245, -46,  48,  15, -12, -60,-996,-167;
  -9,-242, -45,  48,  14, -12, -61,-999,-171;
 -13,-243, -43,  49,  14, -13, -60,-1000,-155;
 -14,-243, -45,  49,  13, -11, -55,-1000,-165;
 -11,-244, -45,  48,  13, -11, -57,-1002,-170;
 -11,-246, -48,  47,  12, -10, -56,-999,-165;
 -14,-245, -49,  46,  13, -10, -62,-997,-166;
 -10,-244, -46,  48,  13, -10, -62,-1007,-164;
  -9,-243, -43,  47,  13,  -9, -58,-996,-164;
  -8,-245, -45,  47,  12,  -7, -57,-1004,-160;
 -11,-246, -46,  47,  12,  -6, -59,-997,-163;
 -14,-243, -46,  48,  12,  -7, -62,-999,-170;
 -12,-245, -45,  48,  13,  -6, -56,-1001,-166;
 -14,-244, -47,  47,  12,  -8, -51,-1000,-165;
 -14,-246, -44,  46,  12,  -8, -54,-999,-166;
 -10,-243, -46,  48,  12,  -9, -53,-1004,-167;
 -11,-245, -47,  47,  12,  -9, -55,-1004,-169;
 -11,-244, -43,  48,  10, -12, -58,-1000,-167;
 -10,-244, -46,  48,  11, -11, -48,-998,-173;
 -11,-246, -49,  48,  11, -12, -52,-998,-172;
  -9,-246, -42,  46,  11, -14, -53,-997,-166;
 -13,-245, -47,  44,  13, -12, -48,-997,-167;
 -12,-246, -46,  44,  13, -14, -53,-996,-169;
 -12,-244, -45,  43,  14, -12, -54,-999,-167;
 -13,-243, -49,  42,  14, -14, -54,-1000,-171;
 -10,-244, -45,  42,  14, -13, -60,-1000,-168;
 -12,-242, -46,  41,  13, -13, -56,-1004,-164;
 -13,-239, -45,  42,  13, -13, -52,-997,-161;
 -10,-244, -45,  43,  13, -12, -60,-1002,-169;
 -13,-243, -44,  44,  12, -11, -59,-998,-172;
 -12,-240, -45,  46,  12, -11, -55,-999,-163;
 -11,-245, -46,  45,  11, -10, -63,-996,-170;
 -11,-245, -48,  47,  10,  -9, -60,-995,-166;
  -8,-246, -44,  47,  11, -11, -54,-999,-167;
 -12,-244, -45,  47,  11, -11, -57,-1000,-170;
  -9,-243, -48,  46,   9, -10, -56,-999,-162;
 -10,-244, -47,  45,  10, -10, -57,-998,-169;
 -11,-246, -44,  43,  10, -11, -57,-996,-172;
 -12,-245, -45,  43,  11, -11, -50,-1004,-163;
 -13,-242, -48,  43,  11, -10, -59,-998,-171;
 -12,-241, -47,  42,  12, -10, -57,-1005,-172;
 -12,-243, -45,  42,  11, -11, -54,-1003,-175;
 -10,-247, -45,  42,  11, -11, -50,-998,-171;
 -10,-248, -48,  41,  13, -11, -56,-1001,-167;
  -9,-244, -46,  43,  13,  -9, -61,-1005,-171;
  -7,-246, -47,  44,  13, -10, -53,-1003,-171;
  -9,-246, -45,  45,  14, -12, -58,-1001,-173;
  -8,-245, -48,  48,  13, -12, -57,-998,-167;
 -11,-247, -42,  49,  14, -10, -56,-997,-172;
  -9,-245, -48,  49,  14, -11, -60,-996,-172;
  -5,-244, -45,  49,  13,  -9, -56,-997,-172;
  -9,-247, -49,  48,  12, -10, -52,-1006,-171;
  -7,-244, -50,  48,  12, -10, -57,-995,-168;
  -8,-244, -47,  47,  12, -11, -53,-996,-174;
 -10,-248, -48,  46,  12, -11, -59,-996,-166;
 -12,-244, -44,  44,  11, -10, -52,-994,-169;
  -8,-244, -46,  44,  11,  -9, -58,-997,-168;
 -13,-244, -46,  43,  11,  -9, -56,-997,-169;
  -8,-245, -46,  43,  10,  -9, -55,-996,-170;
 -15,-243, -46,  42,  10,  -9, -49,-995,-172;
 -10,-243, -45,  43,  10,  -9, -57,-995,-169;
 -12,-244, -45,  43,  12,  -9, -53,-999,-172;
 -12,-243, -46,  44,  12, -10, -51,-1001,-176;
 -11,-245, -46,  43,  13, -11, -55,-997,-162;
 -12,-242, -48,  44,  12, -10, -56,-998,-167;
 -11,-244, -47,  43,  13, -11, -54,-999,-167;
 -12,-244, -45,  42,  13, -11, -60,-997,-170;
 -12,-244, -43,  42,  12, -12, -50,-995,-168;
 -11,-241, -48,  43,  13, -11, -56,-998,-164;
  -9,-246, -48,  40,  12, -12, -54,-998,-166;
 -12,-245, -46,  39,  12, -13, -59,-1000,-166;
 -14,-245, -45,  37,  11, -13, -56,-998,-174;
 -15,-247, -50,  36,  10, -14, -62,-1002,-170;
 -13,-244, -44,  36,   9, -13, -65,-1002,-168;
 -10,-246, -45,  39,   9, -12, -61,-1002,-171;
 -12,-246, -41,  41,   9, -13, -65,-999,-169;
 -13,-244, -43,  43,   7, -13, -64,-1006,-172;
 -11,-244, -44,  45,   8, -14, -62,-1005,-172;
 -14,-245, -49,  45,   9, -12, -62,-1001,-172;
 -14,-245, -49,  47,  10, -12, -63,-999,-170;
 -12,-246, -46,  48,  11, -12, -60,-999,-172;
 -10,-244, -46,  50,  11, -10, -57,-997,-170;
 -11,-242, -45,  50,  11,  -9, -61,-997,-176;
 -13,-245, -45,  50,  12, -10, -60,-996,-167;
 -10,-245, -47,  49,  15, -12, -54,-995,-171;
 -11,-244, -43,  47,  15, -12, -56,-995,-171;
 -15,-241, -46,  45,  15, -13, -58,-994,-166;
 -14,-243, -45,  40,  16, -13, -57,-1001,-165;
  -9,-244, -45,  39,  16, -14, -53,-1001,-170;
 -11,-247, -46,  39,  15, -15, -62,-1001,-171;
 -12,-243, -46,  35,  15, -15, -53,-1000,-168;
 -12,-245, -46,  35,  14, -15, -57,-999,-170;
 -12,-243, -47,  37,  14, -15, -60,-1000,-176;
 -14,-242, -49,  38,  13, -15, -54,-1005,-169;
 -11,-243, -47,  41,  12, -14, -61,-995,-169;
 -11,-246, -48,  42,  13, -14, -60,-1000,-169;
 -10,-241, -45,  44,  13, -14, -55,-1004,-172;
 -12,-244, -46,  44,  12, -14, -56,-997,-181;
 -11,-244, -51,  44,  12, -15, -51,-998,-178;
 -11,-243, -51,  44,  10, -15, -51,-1001,-168;
  -7,-243, -45,  43,  10, -14, -55,-990,-176;
 -11,-242, -50,  42,  10, -13, -60,-995,-172;
 -10,-240, -50,  41,  10, -13, -51,-992,-172;
 -14,-240, -47,  40,  10, -12, -53,-994,-171;
 -11,-247, -44,  41,   9,  -8, -54,-995,-173;
  -9,-246, -45,  41,   9,  -9, -51,-998,-169;
 -14,-241, -51,  41,   8,  -8, -54,-997,-178;
 -13,-244, -41,  41,   8,  -7, -54,-993,-171;
 -10,-245, -47,  40,   7, -10, -55,-994,-169;
 -13,-244, -47,  39,   6,  -8, -57,-994,-173;
 -11,-243, -47,  37,   5,  -8, -56,-999,-168;
 -12,-247, -44,  37,   5,  -9, -56,-1001,-173;
  -8,-245, -45,  37,   5,  -9, -54,-999,-176;
 -11,-245, -49,  36,   6, -11, -56,-1002,-177;
 -11,-245, -45,  36,   6, -11, -58,-1002,-176;
 -14,-243, -49,  36,   6, -12, -53,-1002,-173;
 -11,-243, -49,  37,   6, -11, -52,-1002,-174;
 -12,-247, -50,  37,   7, -12, -51,-1005,-176;
 -11,-245, -47,  38,   8, -12, -52,-1001,-173;
 -11,-244, -48,  39,  10, -13, -56,-1000,-178;
 -10,-244, -47,  41,  12, -14, -54,-1001,-172;
  -9,-245, -48,  41,  14, -15, -53,-1005,-178;
  -9,-244, -45,  42,  14, -15, -61,-1000,-178;
 -12,-247, -49,  44,  14, -16, -56,-994,-174;
 -11,-241, -45,  43,  15, -16, -52,-996,-177;
 -12,-240, -49,  42,  14, -15, -56,-991,-181;
 -12,-243, -46,  41,  15, -16, -62,-994,-181;
 -12,-243, -48,  39,  13, -16, -61,-994,-170;
 -13,-242, -50,  36,  13, -13, -60,-995,-180;
 -10,-243, -46,  34,  12, -13, -58,-995,-173;
 -10,-242, -46,  33,  11, -13, -60,-989,-173;
 -16,-240, -48,  34,  10, -13, -58,-994,-168;
 -11,-247, -45,  35,   9, -12, -58,-1000,-176;
  -9,-245, -47,  36,   8, -11, -60,-998,-173;
 -10,-245, -44,  37,   8, -11, -57,-998,-172;
 -10,-247, -48,  38,   9, -13, -53,-998,-171;
 -11,-243, -47,  39,   8, -13, -59,-1002,-173;
 -10,-245, -48,  39,   8, -12, -56,-1003,-171;
 -13,-243, -50,  38,   9, -10, -53,-1000,-176;
 -12,-242, -47,  36,   9, -11, -53,-997,-173;
  -2,-249, -39,  33,  10, -10, -53,-1000,-175;
 -11,-244, -45,  31,   9, -10, -56,-1002,-169;
  -9,-242, -47,  29,   9,  -9, -59,-999,-175;
  -9,-243, -49,  30,  10, -10, -56,-1002,-174;
 -11,-246, -48,  30,  11, -10, -56,-1000,-175;
  -9,-243, -46,  29,  10, -11, -55,-997,-174;
 -10,-244, -48,  29,  10, -12, -54,-1001,-174;
  -7,-244, -48,  30,  11, -11, -55,-1002,-179;
 -13,-242, -48,  30,   9, -12, -61,-1001,-172;
 -14,-243, -49,  30,  10, -12, -57,-999,-172;
 -11,-242, -48,  29,  10, -14, -64,-997,-177;
  -9,-245, -47,  29,   9, -12, -57,-1000,-182;
  -8,-243, -54,  28,   7, -14, -63,-995,-177;
 -13,-241, -51,  26,   8, -13, -63,-996,-180;
 -13,-244, -42,  25,   7, -13, -62,-995,-178;
 -10,-245, -51,  24,   6, -13, -57,-997,-184;
 -12,-239, -50,  24,   8, -12, -61,-998,-177;
 -15,-247, -48,  23,   7, -11, -60,-998,-180;
 -16,-243, -44,  25,   6, -11, -59,-1001,-177;
 -15,-244, -49,  25,   6, -10, -60,-997,-175;
  -9,-244, -54,  25,   5,  -9, -60,-998,-180;
 -10,-243, -49,  24,   7, -11, -54,-1001,-175;
  -9,-242, -48,  25,   7, -11, -57,-998,-176;
 -11,-245, -49,  26,   8, -11, -55,-1006,-176;
  -8,-246, -46,  26,   6, -10, -58,-996,-182;
 -11,-246, -51,  25,   6, -13, -57,-997,-175;
 -12,-243, -50,  23,   7, -12, -53,-994,-181;
  -9,-244, -47,  22,   7, -12, -53,-993,-178;
 -14,-241, -49,  22,   7, -11, -52,-997,-181;
  -7,-244, -48,  20,   7, -12, -54,-996,-172;
 -11,-243, -49,  21,   7, -12, -56,-997,-180;
 -12,-244, -47,  20,   8, -13, -53,-997,-176;
 -12,-239, -48,  19,   9, -13, -55,-996,-185;
 -10,-241, -46,  19,   9, -14, -55,-999,-183;
 -10,-243, -46,  19,   9, -13, -59,-997,-180;
 -10,-241, -53,  18,  10, -13, -53,-994,-184;
 -11,-245, -47,  18,  10, -14, -54,-997,-188;
 -13,-247, -46,  17,   9, -14, -54,-998,-184;
  -9,-244, -48,  18,  11, -14, -55,-999,-181;
 -10,-247, -48,  20,  10, -16, -53,-996,-186;
 -16,-242, -50,  22,  10, -15, -53,-1000,-188;
 -10,-244, -47,  22,  10, -15, -54,-994,-179;
 -11,-241, -49,  23,  10, -16, -55,-1000,-187;
 -10,-241, -52,  25,  10, -15, -48,-997,-183;
 -11,-245, -49,  26,  10, -15, -48,-994,-189;
 -14,-241, -51,  26,  12, -15, -53,-994,-189;
  -8,-241, -49,  26,  12, -16, -54,-1000,-183;
 -10,-245, -54,  28,  12, -14, -52,-999,-188;
 -11,-242, -55,  28,  12, -14, -56,-999,-184;
  -6,-244, -49,  28,  12, -15, -51,-999,-187;
 -10,-238, -49,  29,  11, -14, -51,-992,-185;
  -8,-244, -48,  29,  10, -12, -49,-999,-188;
 -10,-243, -50,  29,   9, -11, -53,-1002,-182;
  -8,-244, -50,  30,  10, -11, -51,-1001,-182;
 -13,-245, -49,  32,   9, -11, -58,-996,-191;
  -7,-246, -50,  33,   8, -12, -50,-998,-184;
 -13,-243, -50,  35,   9, -10, -51,-999,-182;
 -10,-247, -49,  39,  10, -10, -53,-996,-186;
 -14,-242, -47,  39,   9, -11, -57,-997,-188;
  -9,-244, -46,  41,  11, -11, -63,-993,-181;
 -10,-241, -54,  43,  10, -10, -62,-990,-187;
 -13,-242, -48,  45,  10, -10, -58,-997,-183;
 -14,-244, -47,  45,  11, -10, -56,-994,-188;
 -11,-244, -51,  44,  11, -12, -64,-997,-184;
 -11,-244, -49,  44,  11, -11, -59,-994,-184;
 -12,-243, -49,  42,  10, -13, -60,-993,-183;
 -15,-240, -52,  41,  10, -14, -62,-993,-186;
 -13,-244, -51,  40,  10, -13, -62,-992,-186;
 -12,-247, -50,  39,  10, -13, -58,-994,-183;
  -8,-246, -47,  39,   9, -14, -60,-995,-189;
 -13,-246, -51,  42,  10, -14, -61,-999,-188;
 -13,-242, -49,  43,  10, -12, -56,-997,-192;
 -12,-245, -49,  44,  10,  -9, -55,-1000,-192;
 -12,-244, -53,  48,  11,  -9, -55,-1003,-193;
 -12,-242, -53,  51,  11,  -9, -51,-994,-194;
 -12,-246, -54,  54,  11,  -8, -51,-996,-193;
 -13,-242, -52,  58,  12,  -8, -53,-996,-193;
 -12,-243, -51,  59,  14,  -7, -58,-994,-188;
 -11,-242, -51,  60,  15,  -7, -60,-995,-192;
 -11,-245, -54,  59,  14,  -7, -55,-998,-189;
 -12,-243, -50,  59,  15,  -8, -52,-993,-193;
 -12,-243, -51,  58,  16,  -7, -54,-995,-185;
 -11,-246, -50,  54,  17,  -8, -54,-997,-184;
 -13,-242, -50,  52,  17,  -9, -57,-993,-193;
 -10,-245, -52,  51,  16, -12, -60,-997,-191;
  -9,-248, -50,  49,  15, -11, -54,-997,-187;
 -13,-246, -51,  46,  15, -10, -52,-998,-184;
 -13,-245, -52,  45,  14, -10, -58,-996,-182;
 -11,-241, -51,  47,  14,  -9, -58,-997,-189;
  -9,-243, -53,  48,  14,  -8, -52,-998,-195;
 -11,-241, -51,  51,  12,  -8, -55,-998,-188;
 -11,-243, -52,  55,  10,  -7, -49,-998,-199;
  -8,-243, -51,  57,   9,  -8, -55,-995,-190;
  -9,-243, -53,  58,   9,  -7, -56,-995,-183;
 -12,-245, -51,  59,  10,  -6, -53,-993,-184;
 -10,-240, -47,  61,  11,  -6, -52,-991,-187;
 -12,-242, -48,  61,  11,  -6, -54,-996,-183;
 -10,-243, -51,  62,  11,  -7, -49,-998,-182;
 -11,-243, -51,  62,  11,  -8, -56,-993,-182;
 -14,-241, -48,  63,  11,  -8, -55,-995,-175;
 -10,-244, -49,  64,   9,  -7, -55,-991,-180;
  -9,-244, -46,  63,   9,  -8, -53,-996,-180;
 -13,-244, -49,  63,   9,  -8, -54,-996,-178;
 -11,-242, -42,  63,   8,  -8, -54,-998,-173;
 -13,-244, -49,  63,   8,  -7, -52,-998,-185;
 -13,-242, -47,  61,   7,  -8, -58,-998,-175;
 -15,-243, -51,  62,   7,  -9, -55,-998,-184;
 -11,-243, -48,  63,   7,  -9, -54,-996,-187;
 -13,-244, -47,  63,   8,  -7, -57,-997,-188;
 -15,-239, -48,  62,   9,  -8, -56,-996,-189;
 -12,-243, -50,  61,  10,  -7, -54,-992,-183;
 -10,-241, -49,  61,  14,  -7, -58,-999,-187;
  -7,-242, -52,  61,  15,  -6, -55,-996,-183;
 -10,-244, -47,  59,  16,  -6, -54,-994,-186;
  -9,-243, -48,  60,  16,  -4, -52,-991,-191;
  -9,-243, -48,  60,  17,  -5, -53,-991,-188;
  -9,-248, -48,  59,  19,  -5, -51,-1000,-190;
 -10,-244, -52,  60,  19,  -4, -50,-995,-184;
 -10,-244, -50,  61,  20,  -4, -52,-1000,-188;
 -12,-244, -49,  61,  18,  -2, -47,-998,-184;
 -11,-242, -51,  59,  18,  -3, -53,-998,-183;
 -14,-242, -51,  59,  16,  -3, -53,-997,-187;
  -9,-245, -52,  59,  13,  -2, -52,-999,-179;
 -10,-242, -48,  57,  13,  -3, -51,-996,-184;
  -8,-243, -50,  56,  12,  -2, -58,-997,-187;
 -13,-242, -50,  55,  12,  -2, -54,-998,-189;
 -10,-241, -49,  55,  11,  -3, -56,-996,-188;
 -12,-242, -51,  55,   9,  -2, -54,-997,-191;
 -13,-245, -48,  57,   8,  -4, -53,-1004,-182;
  -9,-242, -52,  58,   9,  -3, -53,-1000,-187;
 -14,-244, -52,  61,   9,  -1, -51,-1000,-193;
 -10,-248, -51,  62,   9,  -3, -52,-1002,-190;
 -12,-247, -52,  64,  10,  -3, -52,-999,-183;
 -14,-243, -51,  63,   9,  -4, -53,-999,-188;
 -13,-244, -47,  62,   8,  -5, -54,-994,-182;
 -11,-244, -51,  62,   9,  -6, -57,-996,-185;
 -14,-242, -51,  62,   9,  -6, -65,-1000,-182;
 -14,-243, -51,  65,   8,  -6, -60,-1002,-183;
 -12,-246, -49,  65,   8,  -7, -59,-997,-181;
 -15,-244, -51,  66,   8,  -8, -62,-995,-187;
 -13,-241, -52,  66,   8,  -9, -65,-994,-184;
 -15,-243, -48,  65,   9, -10, -60,-995,-183;
 -13,-242, -50,  63,  10, -12, -65,-996,-183;
 -13,-243, -50,  60,  10, -11, -65,-997,-192;
 -10,-242, -51,  58,  11, -12, -66,-989,-188;
 -15,-243, -53,  56,  13, -11, -64,-996,-188;
 -12,-240, -50,  55,  14, -12, -61,-999,-184;
  -9,-245, -50,  54,  15, -12, -59,-992,-184;
 -12,-242, -50,  53,  16, -11, -61,-996,-183;
 -10,-245, -48,  51,  16, -10, -64,-995,-189;
 -15,-242, -50,  51,  16, -12, -59,-993,-188;
 -12,-242, -49,  49,  16, -14, -59,-989,-181;
 -14,-242, -48,  47,  16, -14, -65,-990,-184;
 -11,-241, -48,  43,  14, -13, -62,-989,-184;
 -14,-240, -48,  40,  14, -16, -62,-990,-183;
 -17,-241, -53,  37,  12, -18, -61,-990,-190;
 -13,-240, -51,  31,  11, -19, -61,-987,-185;
 -15,-243, -51,  24,  10, -24, -68,-994,-189;
 -15,-244, -52,  14,   9, -28, -66,-993,-188;
 -13,-243, -56,   4,   5, -32, -69,-999,-184;
 -14,-246, -51,  -6,   2, -36, -73,-1004,-183;
 -12,-247, -51, -13,  -2, -41, -69,-1005,-187;
 -14,-245, -51, -21,  -6, -43, -70,-1009,-190;
   5,-247, -36, -28,  -8, -47, -68,-1005,-181;
 -15,-244, -52, -37,  -8, -50, -69,-998,-184;
 -16,-244, -43, -49,  -7, -51, -74,-996,-177;
 -15,-244, -46, -63,  -6, -51, -70,-994,-178;
 -15,-245, -49, -74,  -6, -51, -73,-988,-168;
 -12,-239, -48, -86,  -6, -53, -63,-983,-172;
  -9,-238, -46, -98,  -9, -56, -55,-977,-169;
  -4,-238, -47,-119, -11, -63, -39,-979,-166;
  -3,-244, -47,-146, -12, -72, -23,-989,-168;
  -3,-242, -43,-181, -10, -86, -18,-994,-158;
  -2,-240, -37,-213,  -8,-103, -16,-990,-133;
   1,-235, -38,-233,  -6,-123, -12,-975,-130;
   0,-230, -37,-241,  -8,-143, -14,-951,-129;
   0,-222, -40,-245, -13,-163,  -9,-925,-135;
   1,-216, -43,-260, -20,-182,  -8,-899,-152;
   0,-208, -50,-293, -26,-200,  -8,-869,-179;
   0,-207, -53,-339, -32,-219,  -1,-860,-195;
   0,-210, -53,-393, -35,-236, -10,-869,-197;
   0,-213, -56,-444, -39,-250, -15,-892,-209;
  -1,-221, -58,-483, -40,-258, -19,-908,-216;
  -3,-222, -56,-509, -38,-258, -22,-932,-215;
  -3,-227, -57,-522, -32,-249, -22,-945,-220;
  -3,-235, -56,-521, -23,-231, -32,-965,-221;
  -9,-241, -57,-517,  -6,-210, -50,-989,-212;
 -10,-247, -52,-503,  13,-187, -56,-1003,-200;
 -13,-249, -50,-480,  35,-164, -69,-1030,-196;
 -16,-252, -51,-450,  56,-143, -81,-1038,-184;
 -18,-255, -50,-414,  77,-121, -87,-1037,-186;
 -20,-251, -50,-380,  91, -95, -92,-1041,-184;
 -17,-254, -48,-354,  98, -72, -85,-1033,-184;
 -17,-247, -49,-334,  98, -51, -79,-1020,-183;
 -17,-250, -49,-320,  94, -34, -75,-1012,-185;
 -17,-239, -52,-310,  84, -23, -67,-991,-193;
 -15,-239, -51,-303,  69, -15, -63,-987,-199;
 -14,-237, -54,-301,  53, -10, -52,-977,-201;
 -10,-235, -54,-302,  35, -10, -54,-971,-202;
 -10,-233, -54,-305,  21, -16, -47,-968,-205;
  -9,-234, -53,-314,   9, -20, -48,-956,-204;
 -10,-230, -54,-329,   0, -26, -54,-945,-208;
 -13,-225, -56,-350,  -7, -35, -62,-938,-209;
 -14,-225, -57,-375,  -9, -44, -66,-936,-204;
 -12,-225, -56,-401,  -8, -54, -63,-935,-202;
 -13,-225, -51,-426,  -7, -64, -70,-931,-191;
 -14,-227, -52,-448,  -5, -73, -64,-935,-195;
 -16,-225, -47,-466,  -2, -78, -70,-924,-197;
 -14,-225, -53,-479,   2, -81, -73,-929,-203;
 -15,-224, -56,-489,   4, -80, -73,-930,-205;
 -13,-223, -55,-496,   9, -79, -67,-924,-212;
 -13,-223, -57,-500,  10, -74, -63,-930,-225;
 -14,-224, -62,-505,  14, -66, -54,-928,-238;
  -6,-225, -64,-509,  22, -58, -47,-928,-247;
  -7,-223, -66,-516,  30, -50, -37,-926,-266;
  -3,-222, -72,-526,  39, -43, -34,-925,-284;
  -5,-226, -74,-541,  50, -35, -34,-927,-292;
  -2,-225, -78,-560,  58, -25, -32,-920,-300;
  -5,-222, -78,-584,  67, -21, -30,-920,-318;
   0,-225, -79,-611,  72, -18, -26,-925,-317;
  -2,-226, -80,-636,  77, -19, -24,-933,-309;
  -8,-221, -79,-657,  82, -24, -26,-933,-323;
  -1,-228, -83,-674,  86, -28, -19,-939,-323;
  -3,-226, -80,-688,  88, -36, -23,-931,-318;
  -5,-224, -82,-701,  90, -44, -18,-936,-320;
   0,-222, -84,-715,  86, -54, -15,-922,-323;
   1,-220, -81,-736,  83, -65, -11,-914,-318;
   0,-216, -83,-764,  77, -77,   0,-894,-324;
   2,-215, -83,-793,  68, -88,   1,-899,-321;
   7,-218, -84,-821,  64, -98,   9,-896,-319;
   7,-218, -78,-843,  63,-107,   7,-900,-317;
   2,-221, -86,-853,  59,-116,  12,-921,-325;
   4,-230, -88,-856,  58,-119,   6,-929,-343;
   3,-231, -88,-856,  61,-121,  11,-947,-355;
   3,-232, -97,-854,  64,-122,  11,-960,-370;
   5,-236,-102,-853,  65,-117,  10,-974,-393;
   1,-241,-100,-858,  66,-117,   5,-980,-400;
   4,-237,-101,-865,  60,-112,   9,-990,-402;
   2,-241,-104,-880,  54,-107,   8,-983,-406;
   1,-239,-101,-898,  41,-103,   8,-987,-406;
   3,-238,-105,-923,  27,-105,   7,-971,-417;
  -1,-229,-103,-957,  17,-106,  -5,-949,-412;
   0,-225,-107,-989,  11,-109, -11,-938,-414;
   0,-219,-109,-1020,   3,-113, -13,-918,-418;
   1,-218,-106,-1058,  -3,-119, -15,-909,-422;
  -2,-218,-104,-1103,  -5,-124, -13,-905,-409;
   3,-214,-103,-1144,  -8,-128, -13,-893,-410;
   0,-218,-104,-1184, -13,-131, -10,-903,-409;
  -2,-219,-104,-1214, -24,-133, -13,-904,-415;
   0,-216,-105,-1243, -39,-143,  -9,-899,-421;
  -1,-219,-112,-1269, -54,-155, -14,-900,-428;
  -1,-220,-116,-1291, -63,-170, -21,-904,-442;
   0,-219,-115,-1311, -68,-187, -19,-912,-450;
  -1,-221,-123,-1334, -72,-203, -28,-915,-462;
  -8,-226,-117,-1350, -68,-220, -36,-925,-477;
 -12,-228,-125,-1358, -62,-235, -52,-932,-493;
 -13,-230,-133,-1352, -54,-241, -61,-943,-527;
 -15,-237,-140,-1335, -50,-243, -73,-951,-558;
 -21,-239,-148,-1303, -42,-236, -83,-970,-593;
 -17,-242,-160,-1256, -42,-226, -83,-981,-628;
 -20,-246,-170,-1200, -41,-214, -82,-997,-690;
 -21,-246,-183,-1135, -46,-205, -78,-997,-735;
 -12,-243,-201,-1082, -55,-196, -59,-991,-804;
  -4,-242,-219,-1071, -66,-196, -21,-985,-887;
  13,-239,-232,-1114, -76,-195,  28,-997,-947;
  28,-252,-243,-1218,-109,-193, 114,-1061,-987;
  36,-273,-249,-1388,-158,-204, 147,-1142,-1018;
  39,-302,-254,-1587,-206,-221, 156,-1236,-1019;
  33,-322,-252,-1765,-245,-239, 150,-1350,-977;
  29,-354,-233,-1889,-275,-249, 120,-1431,-943;
  16,-373,-220,-1941,-293,-246,  74,-1488,-904;
   5,-383,-219,-1920,-302,-229,  39,-1533,-883;
   4,-385,-217,-1826,-307,-203,  13,-1543,-878;
   1,-386,-221,-1664,-295,-172,   1,-1528,-892;
   2,-376,-223,-1443,-263,-134,  -5,-1481,-913;
   2,-354,-235,-1171,-227, -89,  -1,-1413,-954;
  -2,-332,-249,-871,-190, -36, -11,-1326,-993;
  -2,-308,-257,-569,-152,  13,  -3,-1226,-1010;
  -2,-286,-244,-286,-114,  54,  -1,-1132,-1002;
   2,-255,-240, -46, -82,  83,  14,-1030,-973;
   2,-227,-231, 142, -61,  92,  11,-928,-926;
   2,-200,-222, 275, -34,  98,   8,-832,-881;
   7,-169,-205, 351,   1, 103,  20,-738,-835;
   3,-155,-191, 378,  43, 111,   7,-646,-806;
   1,-134,-188, 362,  83, 132,   9,-580,-769;
   3,-126,-191, 308, 119, 148,  14,-511,-767;
   5,-116,-193, 220, 165, 153,  18,-473,-753;
   6,-105,-189, 114, 211, 152,  18,-450,-749;
  11,-104,-181,   6, 244, 146,  27,-445,-748;
  11,-105,-186, -98, 264, 137,  25,-447,-747;
   7,-109,-191,-191, 278, 126,  29,-466,-750;
   6,-113,-186,-277, 287, 114,  28,-481,-747;
   8,-126,-182,-354, 282, 103,  29,-507,-736;
  11,-126,-179,-423, 265,  96,  29,-529,-721;
   8,-134,-178,-478, 245,  98,  35,-560,-701;
  13,-140,-171,-514, 227, 103,  46,-578,-685;
  15,-145,-165,-535, 211, 105,  48,-593,-659;
  15,-147,-156,-542, 190, 107,  58,-601,-639;
  19,-149,-155,-533, 170, 104,  59,-611,-619;
  15,-149,-151,-509, 158,  99,  55,-604,-596;
  18,-151,-143,-469, 150,  95,  57,-610,-575;
  13,-145,-133,-427, 142,  81,  58,-601,-566;
  12,-146,-143,-390, 122,  67,  53,-594,-564;
  13,-142,-143,-363, 103,  52,  57,-599,-567;
  15,-147,-145,-345,  81,  32,  42,-594,-577;
  11,-144,-149,-334,  60,  10,  34,-598,-597;
   9,-143,-152,-333,  40,  -7,  35,-593,-614;
   6,-143,-159,-339,  25, -20,  32,-597,-644;
   4,-146,-170,-352,  25, -24,  29,-615,-676;
   6,-145,-176,-372,  32, -26,  16,-615,-709;
   8,-149,-183,-391,  39, -19,   7,-615,-731;
   4,-154,-186,-406,  52,  -5,   7,-625,-755;
   3,-154,-195,-416,  65,   2,   0,-632,-775;
   0,-155,-191,-424,  80,   7, -11,-642,-789;
   1,-159,-191,-429,  89,  14,  -5,-646,-784;
   0,-162,-191,-427,  89,  17, -12,-655,-779;
   0,-167,-191,-419,  89,  16,  -8,-664,-777;
  -2,-167,-192,-402,  89,  16, -10,-673,-771;
  -2,-165,-187,-373,  90,  19,  -6,-670,-761;
   0,-168,-183,-328,  90,  27,  -9,-676,-754;
   1,-164,-184,-272,  89,  36,  -4,-668,-737;
  -1,-163,-183,-206,  88,  46,  -4,-659,-724;
   0,-160,-171,-134,  95,  52,   0,-637,-708;
   1,-152,-165, -60,  93,  61,  -6,-618,-689;
   1,-143,-164,   7,  91,  70,  -1,-594,-669;
   1,-137,-162,  65,  89,  67,  -8,-568,-654;
   0,-127,-162, 106,  90,  61,  -3,-531,-648;
   0,-125,-156, 130,  92,  54,  -9,-497,-635;
  -1,-118,-158, 143,  90,  47, -12,-477,-636;
  -2,-112,-163, 142,  86,  38, -10,-459,-638;
  -3,-107,-161, 128,  84,  27, -12,-441,-647;
   0,-104,-163, 107,  81,  19,  -7,-439,-663;
   1,-105,-167,  75,  78,  15,   3,-437,-686;
   0,-108,-179,  37,  77,  13,   0,-442,-702;
   3,-111,-179,  -4,  83,  14,   1,-454,-716;
   1,-110,-181, -48,  90,  17,   3,-460,-734;
  16,-120,-179, -90,  99,  17,   7,-479,-742;
   0,-120,-188,-131, 105,  26,   5,-497,-747;
   3,-124,-185,-163, 113,  30,   3,-514,-755;
   1,-130,-183,-185, 121,  35,   9,-535,-753;
   1,-131,-186,-196, 129,  40,   8,-553,-742;
   2,-137,-180,-196, 136,  46,   8,-570,-738;
   4,-142,-185,-186, 142,  52,   5,-580,-735;
   4,-144,-179,-165, 148,  58,  14,-586,-727;
   2,-143,-177,-138, 159,  66,  15,-587,-711;
   9,-144,-170,-105, 167,  73,  21,-590,-700;
   6,-145,-170, -67, 173,  80,  27,-585,-685;
   9,-144,-166, -23, 179,  85,  29,-582,-664;
   8,-137,-162,  23, 186,  91,  34,-565,-657;
  14,-138,-157,  74, 194, 100,  42,-562,-644;
  11,-134,-155, 121, 194,  95,  40,-551,-631;
  13,-130,-154, 160, 190,  82,  41,-534,-621;
  12,-126,-153, 188, 184,  65,  46,-515,-618;
  11,-123,-157, 208, 177,  47,  52,-506,-634;
  14,-118,-158, 220, 166,  27,  49,-489,-632;
  16,-117,-156, 226, 153,   4,  53,-477,-640;
  14,-115,-162, 227, 142, -21,  55,-464,-637;
  14,-110,-161, 224, 134, -47,  49,-457,-638;
  16,-112,-155, 217, 128, -73,  54,-455,-640;
  11,-111,-154, 210, 126, -93,  42,-457,-634;
  11,-116,-154, 201, 127,-111,  37,-458,-618;
   7,-113,-155, 193, 128,-127,  31,-458,-615;
   6,-116,-144, 188, 128,-140,  19,-466,-602;
   3,-115,-149, 185, 123,-149,  13,-469,-591;
   1,-114,-145, 186, 116,-154,   7,-471,-579;
   3,-116,-142, 191, 110,-157,   4,-472,-578;
   0,-117,-142, 201, 105,-158,  -3,-472,-573;
   1,-116,-142, 210,  97,-155,  -2,-480,-576;
   0,-115,-141, 225,  92,-150, -13,-479,-573;
   0,-119,-141, 241,  86,-141, -17,-473,-564;
   0,-114,-140, 262,  81,-129, -16,-466,-557;
  -4,-109,-135, 286,  75,-114, -13,-464,-546;
   0,-113,-133, 315,  68, -99, -10,-449,-544;
  -1,-110,-136, 348,  60, -80, -16,-440,-529;
   0,-105,-136, 378,  50, -68, -13,-435,-528;
  -1,-101,-131, 404,  42, -56,  -3,-416,-528;
   2,-102,-129, 423,  32, -47,  -3,-402,-526;
   6, -94,-130, 435,  22, -35,   3,-390,-531;
   5, -91,-135, 440,  14, -27,  17,-374,-545;
   6, -89,-140, 439,  10, -17,  16,-362,-558;
   8, -90,-145, 432,  10, -13,  31,-360,-573;
   9, -87,-149, 419,   9, -11,  38,-353,-586;
  14, -86,-151, 398,   9, -15,  46,-358,-602;
  13, -88,-156, 370,  11, -17,  49,-373,-628;
  15, -94,-163, 332,  15, -25,  58,-390,-638;
  19, -99,-165, 291,  16, -31,  63,-418,-656;
  19,-110,-168, 248,  14, -40,  69,-442,-681;
  19,-114,-171, 206,  13, -48,  75,-478,-683;
  20,-124,-167, 172,  14, -58,  77,-513,-674;
  19,-133,-167, 154,   9, -69,  70,-543,-663;
  16,-139,-155, 158,  -1, -79,  66,-574,-673;
  21,-145,-169, 185,  -9, -91,  73,-586,-675;
  18,-147,-171, 231, -15,-101,  66,-590,-687;
  18,-146,-173, 289, -17,-109,  68,-585,-687;
  20,-143,-170, 351, -19,-114,  62,-589,-691;
  16,-142,-168, 407, -16,-112,  55,-588,-671;
  17,-142,-167, 456, -12,-110,  55,-585,-656;
  13,-141,-158, 498,  -6,-109,  49,-590,-647;
  12,-143,-160, 531,  -4,-111,  42,-588,-632;
  13,-139,-156, 562,  -6,-112,  41,-580,-624;
  10,-137,-151, 595, -18,-117,  45,-574,-629;
  12,-133,-160, 627, -33,-125,  45,-560,-641;
  16,-133,-170, 651, -49,-135,  55,-531,-661;
  15,-127,-172, 660, -61,-145,  56,-527,-705;
  14,-123,-184, 646, -64,-149,  51,-513,-743;
  14,-129,-192, 605, -59,-146,  50,-533,-776;
  11,-130,-196, 541, -45,-138,  37,-561,-802;
   8,-145,-195, 467, -26,-134,  33,-603,-801;
   9,-161,-197, 393,  -8,-128,  24,-654,-799;
   7,-179,-196, 336,  10,-118,  18,-710,-802;
   4,-192,-199, 305,  21,-107,  13,-760,-806;
   4,-196,-197, 307,  35, -93,  17,-797,-799;
   6,-207,-190, 346,  48, -78,  15,-826,-775;
   3,-209,-187, 424,  59, -63,  14,-839,-751;
   6,-214,-183, 538,  56, -57,  20,-857,-737;
   9,-217,-181, 661,  44, -55,  26,-871,-732;
   5,-219,-186, 779,  18, -51,  23,-871,-729;
   5,-222,-181, 888, -10, -51,  29,-903,-732;
   8,-232,-177, 986, -51, -53,  40,-939,-723;
  11,-247,-172,1073, -96, -52,  38,-1004,-705;
  -1,-271,-163,1151,-135, -53,  18,-1077,-660;
   2,-298,-146,1227,-161, -46,  12,-1208,-588;
  -2,-350,-127,1321,-184, -41,  -8,-1402,-514;
  -8,-413,-109,1450,-205, -25, -32,-1635,-452;
 -12,-482,-112,1634,-231,   1, -48,-1898,-429;
 -14,-537,-136,1887,-247,  53, -62,-2079,-493;
 -15,-557,-165,2217,-271, 152, -53,-2210,-650;
  -4,-539,-237,2591,-314, 267, -15,-2155,-934;
   8,-466,-344,2997,-395, 331,  25,-1897,-1324;
   0,-361,-426,3210,-467, 342,  34,-1519,-1687;
  31,-260,-493,3244,-529, 332, 147,-1198,-1956;
  42,-217,-487,2990,-504, 313, 191,-971,-1967;
  63,-230,-402,2501,-403, 277, 216,-979,-1635;
  63,-260,-307,1979,-302, 211, 208,-1083,-1304;
  32,-265,-243,1585,-274, 134, 131,-1086,-1039;
  32,-269,-208,1406,-288,  98, 139,-1122,-847;
  25,-249,-194,1354,-316,  45, 107,-1010,-744;
  27,-226,-168,1346,-306,  30,  80,-920,-706;
  17,-193,-156,1306,-286,  44,  40,-802,-682;
   4,-173,-156,1219,-268,  82,   6,-728,-648;
 -11,-160,-159,1095,-246, 124, -32,-696,-618;
  -8,-161,-144, 950,-215, 160, -45,-675,-591;
  -6,-159,-132, 793,-191, 184, -47,-680,-556;
  -2,-164,-120, 641,-176, 192, -36,-697,-531;
   0,-178,-132, 503,-170, 183, -23,-729,-514;
  -1,-191,-126, 378,-149, 158, -16,-786,-488;
   0,-206,-112, 274,-116, 129, -17,-856,-467;
   3,-223,-103, 190, -88, 101, -15,-933,-447;
   0,-244,-104, 127, -78,  82, -14,-989,-422;
  -1,-256,-106,  92, -71,  68, -14,-1036,-396;
  -1,-258, -92,  84, -68,  60, -11,-1065,-365;
   2,-258, -79, 100, -76,  55,  -2,-1065,-339;
   5,-258, -70, 129, -99,  50,   4,-1053,-298;
   4,-249, -75, 177,-129,  40,  14,-1023,-274;
   2,-244, -70, 228,-145,  25,   6,-993,-243;
   7,-237, -54, 286,-154,  12,  16,-962,-226;
   8,-233, -53, 339,-165,  -2,  20,-940,-212;
   6,-225, -58, 384,-175, -10,  17,-924,-194;
   5,-221, -58, 419,-177, -13,  15,-915,-181;
   2,-220, -50, 450,-163,  -8,   9,-907,-168;
   5,-217, -41, 478,-144,   4,   2,-913,-166;
   6,-225, -37, 505,-130,  20,   0,-922,-159;
   2,-227, -42, 540,-113,  38,  -3,-941,-149;
  -4,-233, -46, 580, -89,  55, -18,-954,-145;
  -2,-239, -43, 625, -61,  70, -17,-972,-148;
   0,-244, -42, 676, -40,  87, -25,-994,-163;
  -6,-246, -50, 730, -26, 101, -31,-1014,-177;
  -9,-253, -58, 785, -15, 114, -35,-1024,-193;
 -11,-254, -55, 837,   0, 127, -44,-1044,-193;
  -6,-257, -52, 887,  11, 142, -45,-1055,-195;
  -7,-256, -55, 932,  12, 155, -43,-1050,-205;
  -9,-254, -59, 966,  10, 168, -40,-1050,-219;
  -3,-255, -64, 993,  10, 177, -31,-1044,-228;
  -2,-253, -64,1011,  14, 183, -21,-1036,-240;
   0,-247, -62,1021,  19, 189, -12,-1021,-251;
   2,-251, -67,1025,  21, 191,  -7,-1015,-256;
   2,-246, -70,1019,  26, 190,   6,-1007,-262;
   7,-243, -68,1004,  37, 187,  21,-996,-267;
   8,-239, -67, 984,  48, 179,  18,-990,-275;
  10,-238, -69, 959,  55, 167,  22,-975,-283;
   5,-233, -74, 935,  60, 153,  27,-968,-289;
   9,-235, -74, 909,  70, 139,  23,-955,-291;
   8,-232, -80, 885,  83, 124,  30,-957,-294;
  11,-232, -75, 860,  93, 112,  35,-951,-300;
  11,-231, -77, 829,  97, 101,  35,-949,-301;
  11,-229, -77, 794,  96,  88,  40,-947,-307;
  14,-230, -82, 759,  94,  79,  42,-944,-311;
  14,-228, -77, 722,  91,  66,  34,-939,-307;
  10,-227, -75, 684,  80,  55,  31,-936,-314;
   8,-226, -80, 648,  69,  45,  24,-935,-307;
   9,-223, -81, 612,  64,  35,  19,-935,-311;
   6,-225, -76, 574,  61,  28,   8,-932,-305;
   1,-225, -74, 536,  58,  18,  -4,-930,-285;
   0,-225, -67, 503,  54,  13, -13,-930,-272;
   0,-225, -73, 474,  51,  10, -16,-935,-263;
  -6,-223, -66, 451,  51,   9, -27,-932,-255;
  -3,-222, -67, 430,  53,   6, -37,-927,-249;
  -5,-220, -63, 412,  55,   2, -42,-915,-249;
  -9,-217, -65, 393,  56,   2, -38,-909,-246;
  -6,-212, -69, 374,  61,   1, -42,-903,-246;
 -12,-217, -64, 353,  72,   0, -44,-908,-245;
  -4,-223, -65, 331,  82,   5, -46,-915,-248;
  -6,-223, -64, 306,  93,   9, -42,-918,-247;
  -8,-224, -64, 284, 105,  12, -45,-930,-243;
 -10,-226, -69, 268, 120,  20, -44,-935,-233;
  -3,-229, -58, 256, 133,  27, -43,-938,-233;
  -7,-229, -56, 253, 140,  34, -48,-947,-225;
  -6,-235, -57, 254, 143,  40, -42,-960,-215;
 -10,-234, -53, 262, 142,  47, -39,-959,-216;
  -5,-231, -59, 271, 144,  52, -44,-961,-200;
  -6,-238, -49, 279, 138,  52, -42,-969,-189;
  -9,-239, -50, 284, 131,  54, -48,-977,-184;
  -8,-236, -50, 288, 124,  55, -54,-978,-180;
 -12,-239, -50, 292, 122,  55, -50,-978,-184;
 -14,-237, -47, 297, 120,  56, -58,-977,-184;
 -12,-236, -45, 301, 115,  57, -60,-983,-175;
 -16,-238, -45, 309, 111,  59, -70,-979,-166;
 -16,-241, -52, 316, 107,  59, -67,-984,-176;
 -18,-240, -47, 325, 107,  59, -75,-989,-179;
 -13,-240, -43, 336, 103,  60, -75,-987,-167;
 -18,-238, -48, 344,  95,  62, -74,-987,-173;
 -16,-239, -50, 350,  87,  62, -74,-977,-179;
 -16,-239, -48, 357,  81,  61, -72,-972,-186;
 -15,-237, -46, 363,  74,  60, -75,-972,-182;
 -15,-236, -51, 366,  65,  61, -79,-963,-194;
 -16,-233, -54, 367,  56,  56, -80,-961,-197;
 -16,-234, -54, 366,  53,  52, -78,-964,-202;
 -15,-235, -52, 360,  51,  45, -78,-962,-194;
 -13,-233, -51, 350,  47,  39, -77,-963,-198;
 -15,-235, -55, 335,  42,  31, -82,-964,-196;
 -18,-235, -57, 319,  38,  24, -73,-963,-198;
 -19,-234, -55, 303,  37,  20, -79,-971,-201;
 -18,-237, -51, 285,  37,  17, -79,-972,-203;
 -17,-237, -55, 271,  34,  17, -86,-972,-204;
 -18,-236, -54, 257,  28,  17, -87,-977,-204;
 -17,-237, -57, 245,  24,  19, -83,-985,-210;
 -18,-238, -53, 235,  23,  22, -91,-983,-208;
 -17,-238, -51, 227,  18,  23, -87,-981,-204;
 -20,-242, -54, 219,  13,  25, -86,-983,-201;
 -17,-238, -56, 212,   8,  27, -92,-987,-199;
 -18,-242, -54, 207,   5,  29, -86,-988,-198;
 -18,-241, -48, 200,  -1,  30, -84,-985,-197;
 -17,-237, -50, 188,  -7,  31, -79,-980,-188;
 -18,-238, -52, 177, -17,  31, -74,-979,-196;
 -17,-241, -54, 164, -23,  31, -68,-981,-198;
 -15,-239, -54, 151, -28,  33, -70,-983,-197;
 -18,-240, -58, 137, -33,  32, -64,-987,-201;
 -14,-243, -55, 125, -37,  32, -65,-991,-205;
 -17,-244, -57, 113, -40,  32, -66,-993,-205;
 -12,-245, -52, 102, -40,  33, -58,-994,-204;
 -15,-241, -54,  93, -39,  34, -59,-991,-210;
 -13,-237, -51,  84, -40,  33, -59,-988,-204;
 -10,-237, -55,  75, -36,  32, -49,-987,-211;
 -11,-239, -52,  65, -31,  29, -46,-980,-205;
  -7,-240, -55,  54, -22,  28, -48,-982,-199;
  -5,-239, -54,  43, -19,  28, -42,-983,-197;
  -8,-242, -51,  33, -18,  27, -39,-982,-187;
  -9,-238, -54,  25, -11,  24, -30,-985,-183;
  -5,-242, -49,  18,  -4,  23, -33,-992,-175;
  -6,-243, -46,  13,   0,  20, -32,-999,-174;
  -4,-243, -47,  10,   2,  16, -35,-989,-161;
  -4,-244, -46,   9,   3,  11, -34,-993,-163;
  -6,-242, -46,  10,   5,   8, -35,-991,-166;
  -7,-240, -46,  12,   5,   5, -38,-990,-161;
  -5,-240, -40,  16,   5,   1, -43,-990,-161;
  -6,-245, -42,  20,   0,  -3, -37,-987,-163;
  -7,-242, -45,  25,  -1,  -5, -34,-982,-156;
  -8,-243, -44,  31,  -1,  -5, -39,-987,-161;
  -9,-241, -45,  36,  -1,  -6, -40,-991,-162;
  -6,-242, -44,  39,  -1,  -4, -44,-992,-160;
 -10,-241, -46,  42,   0,  -4, -48,-991,-167;
 -13,-241, -44,  44,   4,   1, -50,-995,-171;
 -10,-245, -48,  46,   7,   3, -53,-999,-173;
  -6,-246, -48,  50,   8,   7, -54,-996,-173;
 -11,-246, -50,  52,   8,  11, -53,-998,-181;
 -13,-246, -54,  56,   9,  13, -58,-995,-178;
 -10,-248, -48,  59,   8,  13, -56,-1000,-182;
 -10,-242, -45,  61,   5,  14, -54,-1000,-171;
 -12,-242, -40,  61,   2,  16, -50,-1000,-170;
 -14,-245, -45,  60,   1,  18, -55,-995,-172;
 -12,-244, -48,  59,   1,  18, -59,-998,-172;
 -11,-238, -46,  54,   1,  20, -57,-997,-166;
 -13,-244, -47,  51,  -1,  20, -60,-994,-175;
 -11,-243, -48,  48,   0,  19, -56,-997,-179;
 -11,-244, -47,  43,   3,  21, -56,-1001,-173;
  -9,-246, -52,  42,   6,  22, -50,-1000,-178;
  -9,-244, -43,  40,   9,  21, -44,-996,-171;
 -10,-247, -52,  38,  14,  21, -49,-1000,-184;
 -10,-235, -40,  39,  19,  20, -47,-998,-181;
 -13,-251, -52,  39,  22,  20, -45,-1003,-180;
  -8,-245, -48,  42,  27,  19, -48,-995,-173;
 -11,-239, -49,  44,  30,  22, -45,-994,-181;
  -8,-244, -48,  47,  35,  22, -46,-997,-188;
  -8,-243, -54,  49,  39,  24, -45,-997,-192;
 -11,-241, -54,  50,  44,  23, -51,-992,-185;
 -10,-238, -50,  52,  47,  22, -46,-988,-194;
  -5,-241, -49,  51,  49,  22, -43,-985,-189;
 -14,-233, -63,  48,  51,  19, -47,-982,-186;
  -8,-238, -52,  45,  52,  17, -48,-989,-195;
 -10,-237, -50,  42,  56,  15, -42,-979,-195;
 -12,-237, -53,  39,  59,  13, -44,-978,-202;
  -9,-239, -49,  36,  60,  12, -48,-980,-201;
  -8,-243, -56,  31,  60,  10, -43,-986,-199;
  -9,-240, -54,  29,  59,   6, -47,-986,-207;
 -10,-241, -56,  25,  58,   5, -49,-988,-208;
 -11,-244, -58,  23,  56,   1, -45,-991,-209;
  -9,-242, -58,  23,  54,   0, -53,-991,-206;
  -5,-245, -55,  21,  54,   0, -52,-991,-212;
 -12,-245, -53,  24,  53,   0, -55,-993,-213;
  -7,-246, -51,  25,  52,   3, -52,-994,-225;
 -12,-242, -57,  27,  51,   5, -54,-989,-217;
  -9,-242, -58,  29,  52,   8, -57,-991,-221;
 -11,-243, -54,  30,  53,  11, -61,-988,-213;
 -12,-243, -58,  29,  53,  13, -56,-985,-211;
  -9,-243, -59,  29,  51,  15, -63,-988,-220;
 -14,-242, -57,  26,  50,  16, -64,-992,-215;
 -17,-239, -58,  21,  50,  18, -69,-990,-213;
 -13,-240, -58,  17,  50,  16, -73,-991,-211;
 -18,-241, -54,  13,  50,  15, -71,-991,-211;
 -11,-245, -60,  10,  47,  15, -75,-989,-205;
 -17,-242, -56,   7,  45,  14, -74,-990,-207;
 -16,-243, -55,   9,  44,  13, -75,-990,-206;
 -14,-242, -55,  10,  43,  11, -76,-993,-209;
 -14,-240, -53,  15,  40,   7, -77,-993,-210;
 -14,-243, -58,  20,  38,   4, -74,-994,-209;
 -15,-245, -53,  24,  35,   1, -78,-998,-207;
 -13,-246, -53,  29,  33,  -2, -74,-990,-208;
 -16,-241, -56,  33,  29,  -2, -79,-995,-208;
 -18,-240, -53,  34,  26,  -4, -71,-990,-212;
 -18,-241, -56,  34,  23,  -6, -72,-991,-211;
 -13,-244, -57,  38,  21,  -8, -76,-991,-209;
 -19,-241, -60,  40,  17, -12, -74,-993,-214;
 -17,-238, -58,  40,  12, -16, -72,-997,-217;
 -17,-241, -61,  42,  10, -18, -75,-991,-218;
 -19,-241, -61,  42,   6, -19, -79,-991,-218;
 -18,-244, -59,  45,   4, -18, -77,-992,-219;
 -17,-240, -60,  47,   1, -20, -80,-990,-215;
 -23,-244, -64,  49,  -4, -19, -80,-991,-211;
 -16,-240, -55,  51,  -4, -19, -80,-991,-208;
 -16,-242, -57,  51,  -5, -19, -83,-986,-212;
 -17,-239, -57,  50,  -7, -18, -76,-990,-211;
 -17,-240, -55,  47,  -8, -19, -79,-989,-211;
 -15,-242, -55,  45,  -8, -20, -83,-987,-209;
 -17,-237, -55,  41,  -9, -20, -84,-979,-205;
 -18,-240, -54,  35,  -9, -19, -81,-983,-198;
 -18,-238, -54,  29,  -7, -19, -85,-985,-198;
 -17,-241, -49,  22,  -6, -20, -85,-984,-197;
 -16,-241, -54,  14,  -4, -21, -83,-988,-197;
 -17,-241, -53,   7,  -2, -21, -81,-989,-191;
 -23,-239, -53,   0,   0, -21, -80,-990,-189;
 -14,-240, -47,  -9,   4, -21, -76,-990,-183;
 -11,-235, -49, -15,   7, -20, -66,-985,-191;
 -15,-241, -52, -18,  11, -19, -69,-991,-192;
 -17,-240, -53, -19,  15, -16, -67,-991,-187;
 -12,-242, -53, -16,  17, -13, -61,-992,-197;
 -13,-245, -53, -14,  20, -16, -62,-994,-199;
  -8,-246, -52,  -8,  23, -18, -60,-996,-194;
 -12,-244, -56,  -2,  27, -18, -57,-1000,-201;
 -12,-246, -55,   3,  30, -18, -61,-998,-201;
 -11,-246, -57,   4,  34, -19, -61,-998,-205;
 -13,-245, -54,   5,  36, -20, -56,-994,-212;
 -10,-243, -57,   5,  40, -19, -52,-993,-213;
  -9,-244, -58,   4,  41, -21, -55,-995,-213;
 -11,-237, -56,   0,  41, -23, -49,-993,-215;
 -10,-243, -57,  -2,  43, -26, -45,-997,-221;
  -9,-244, -54,  -2,  43, -27, -41,-1003,-221;
  -9,-241, -58,  -1,  42, -29, -36,-999,-215;
 -10,-245, -57,  -3,  39, -30, -43,-999,-211;
  -6,-245, -55,  -2,  37, -32, -40,-997,-212;
  -9,-245, -57,  -1,  33, -35, -50,-994,-210;
  -8,-242, -56,   0,  30, -35, -45,-994,-210;
 -11,-242, -53,   1,  25, -37, -48,-997,-208;
 -10,-242, -57,   2,  19, -37, -50,-989,-210;
 -12,-240, -56,   3,  15, -38, -53,-990,-216;
 -10,-241, -56,   3,  11, -36, -55,-986,-217;
 -11,-239, -58,   3,   9, -38, -58,-987,-213;
 -13,-238, -54,   3,   5, -38, -52,-987,-214;
 -11,-239, -62,   4,   1, -38, -54,-983,-223;
 -13,-240, -59,   3,   1, -36, -59,-984,-214;
 -10,-239, -57,   1,  -1, -37, -57,-988,-217;
 -13,-240, -58,   0,  -2, -38, -54,-977,-215;
 -10,-244, -58,  -2,  -2, -38, -60,-981,-223;
 -12,-239, -61,  -6,  -3, -38, -50,-988,-214;
 -12,-240, -60,  -6,  -2, -38, -53,-988,-213;
 -12,-243, -58,  -7,  -1, -38, -53,-990,-217;
 -12,-243, -60,  -6,  -2, -38, -53,-994,-216;
 -10,-243, -59,  -4,  -3, -38, -50,-1000,-211;
  -8,-239, -58,  -1,  -5, -36, -42,-999,-216;
  -8,-243, -56,   4,  -7, -35, -42,-998,-221;
  -7,-246, -59,   9,  -7, -35, -40,-999,-218;
  -7,-241, -62,  14, -10, -35, -43,-999,-225;
 -10,-244, -56,  18, -10, -35, -37,-993,-228;
  -8,-242, -59,  19,  -9, -35, -33,-991,-231;
  -6,-241, -60,  21,  -8, -37, -34,-991,-232;
  -5,-240, -62,  21,  -7, -37, -38,-994,-227;
  -4,-248, -58,  21,  -4, -36, -35,-991,-233;
  -4,-242, -62,  20,   0, -36, -36,-993,-227;
  -4,-244, -63,  18,   3, -33, -30,-989,-229;
  -7,-240, -62,  16,   8, -32, -35,-992,-232;
  -2,-242, -60,  14,  10, -32, -31,-995,-228;
  -5,-242, -61,  13,  12, -31, -37,-996,-234;
  -3,-246, -58,  12,  16, -31, -33,-991,-228;
  -5,-240, -62,  12,  18, -29, -35,-985,-233;
  -5,-242, -60,  10,  21, -30, -41,-987,-237;
  -7,-243, -61,   9,  22, -28, -39,-983,-229;
 -10,-238, -53,   8,  25, -27, -39,-985,-233;
  -7,-242, -71,   6,  28, -25, -45,-983,-233;
  -8,-238, -59,   5,  30, -23, -48,-977,-234;
 -10,-239, -60,   4,  30, -23, -48,-982,-230;
 -11,-240, -61,   3,  31, -22, -54,-983,-236;
 -15,-241, -59,   4,  31, -22, -56,-988,-233;
  -8,-241, -61,   4,  31, -19, -56,-989,-233;
 -10,-243, -59,   5,  29, -18, -59,-987,-236;
  -8,-243, -59,   6,  27, -16, -51,-987,-233;
 -14,-239, -61,   8,  25, -17, -59,-993,-232;
 -12,-242, -59,  10,  25, -16, -57,-990,-231;
 -10,-239, -62,  14,  26, -16, -58,-990,-234;
 -15,-242, -63,  18,  25, -15, -53,-993,-231;
 -11,-240, -62,  21,  24, -11, -51,-987,-233;
  -9,-243, -63,  24,  25, -12, -48,-989,-232;
  -8,-239, -62,  28,  26, -11, -47,-985,-236;
  -7,-243, -60,  32,  27, -10, -47,-984,-231;
 -10,-240, -63,  35,  27, -10, -46,-992,-237;
  -8,-243, -59,  39,  28, -10, -44,-998,-234;
 -10,-241, -61,  43,  28, -11, -47,-994,-237;
  -6,-245, -62,  46,  28, -10, -43,-993,-236;
 -10,-242, -59,  49,  28, -11, -43,-995,-232;
 -10,-243, -63,  52,  27, -12, -45,-992,-232;
 -15,-252, -71,  56,  27, -13, -45,-993,-234;
  -8,-243, -62,  57,  27, -16, -48,-993,-234;
 -12,-240, -64,  59,  26, -17, -50,-990,-237;
 -10,-244, -64,  62,  26, -18, -45,-991,-234;
  -8,-243, -61,  63,  24, -19, -49,-990,-238;
 -10,-242, -62,  65,  22, -20, -48,-990,-241;
  -6,-240, -62,  65,  20, -22, -49,-988,-238;
 -10,-242, -62,  66,  18, -23, -54,-988,-230;
 -10,-245, -61,  67,  12, -22, -55,-988,-232;
 -11,-241, -63,  67,  11, -23, -52,-989,-239;
 -13,-242, -62,  67,  10, -23, -54,-984,-234;
 -12,-241, -63,  67,   6, -24, -57,-988,-241;
 -15,-240, -61,  68,   4, -23, -61,-983,-240;
 -11,-241, -64,  69,   3, -22, -58,-982,-240;
 -14,-238, -59,  67,   3, -22, -56,-978,-233;
  -7,-239, -57,  66,   3, -21, -58,-980,-232;
 -13,-237, -60,  64,   2, -21, -59,-978,-233;
 -13,-237, -62,  62,   2, -21, -60,-981,-226;
 -11,-239, -63,  60,   2, -21, -58,-980,-218;
 -15,-241, -59,  58,   4, -20, -59,-984,-221;
 -13,-243, -56,  55,   4, -21, -61,-984,-222;
 -15,-240, -59,  54,   3, -21, -59,-983,-226;
 -12,-239, -60,  53,   5, -21, -59,-987,-226;
 -14,-240, -61,  52,   7, -19, -59,-988,-224;
 -10,-239, -59,  49,   7, -19, -59,-989,-224;
 -13,-240, -62,  47,   7, -19, -54,-986,-222;
 -10,-242, -61,  45,   7, -18, -52,-992,-229;
 -10,-243, -61,  44,   6, -19, -50,-993,-226;
 -11,-242, -59,  44,   4, -19, -52,-1000,-230;
  -9,-244, -59,  47,   2, -21, -50,-991,-225;
 -13,-244, -62,  51,   1, -19, -48,-996,-231;
  -9,-245, -57,  54,   3, -21, -45,-996,-231;
  -5,-245, -59,  59,   2, -20, -45,-999,-237;
 -10,-242, -63,  65,   3, -20, -43,-996,-235;
  -9,-242, -64,  69,   4, -20, -41,-995,-231;
  -9,-241, -60,  72,   5, -20, -36,-991,-229;
  -4,-245, -60,  75,   4, -20, -37,-994,-229;
  -7,-241, -60,  77,   4, -19, -38,-992,-218;
  -2,-244, -57,  78,   5, -18, -37,-992,-225;
  -8,-240, -58,  79,   4, -18, -35,-993,-220;
  -7,-243, -55,  80,   3, -18, -36,-993,-216;
  -7,-241, -60,  81,   3, -15, -35,-994,-219;
  -4,-244, -61,  82,   4, -15, -30,-994,-212;
  -5,-243, -57,  82,   3, -15, -38,-1002,-214;
 -22,-241, -57,  82,   4, -16, -31,-990,-212;
  -7,-240, -58,  83,   5, -16, -29,-987,-216;
  -7,-241, -58,  83,   5, -14, -39,-989,-208;
  -1,-242, -54,  82,   6, -13, -35,-988,-216;
  -4,-242, -61,  80,   6, -12, -37,-987,-211;
  -9,-239, -53,  77,   7, -13, -41,-988,-214;
  -6,-239, -60,  75,   7, -13, -38,-986,-213;
  -7,-243, -57,  73,   8, -13, -42,-987,-220;
  -7,-241, -57,  70,   8, -13, -48,-992,-214;
  -7,-239, -57,  66,   7, -14, -45,-985,-217;
  -8,-241, -55,  63,   7, -14, -46,-988,-215;
  -8,-243, -58,  61,   6, -14, -46,-985,-218;
 -11,-241, -58,  58,   6, -13, -40,-986,-218;
  -6,-240, -57,  58,   7, -16, -39,-990,-223;
  -9,-240, -58,  57,   8, -14, -52,-986,-221;
  -5,-240, -58,  55,   9, -13, -45,-990,-224;
 -10,-238, -58,  55,  10, -13, -39,-989,-215;
  -9,-240, -61,  53,  13, -14, -41,-990,-218;
  -8,-241, -60,  55,  16, -14, -43,-992,-223;
  -9,-243, -57,  55,  17, -15, -44,-991,-220;
  -9,-240, -58,  57,  17, -16, -46,-985,-221;
  -7,-245, -61,  57,  17, -15, -47,-991,-224;
  -4,-242, -62,  56,  17, -16, -41,-983,-224;
  -8,-243, -58,  56,  16, -15, -39,-989,-220;
  -9,-242, -61,  56,  15, -18, -40,-992,-226;
  -6,-241, -58,  57,  14, -19, -44,-992,-226;
  -5,-242, -59,  57,  13, -19, -41,-989,-222;
  -8,-242, -61,  58,  14, -17, -39,-989,-221;
  -7,-244, -60,  60,  14, -19, -39,-992,-228;
  -8,-243, -57,  63,  14, -17, -36,-990,-221;
  -7,-241, -60,  66,  15, -17, -40,-991,-225;
  -9,-242, -57,  67,  17, -15, -41,-990,-225;
  -9,-241, -57,  68,  18, -15, -38,-988,-221;
  -6,-241, -60,  66,  19, -14, -43,-989,-224;
  -8,-242, -57,  66,  20, -15, -45,-987,-219;
  -9,-241, -61,  66,  21, -14, -54,-989,-220;
 -11,-243, -61,  65,  20, -12, -56,-984,-219;
 -10,-241, -58,  65,  20, -10, -54,-990,-224;
 -15,-241, -62,  66,  21, -11, -54,-988,-220;
 -13,-240, -59,  65,  20, -11, -55,-984,-217;
 -11,-240, -58,  66,  20,  -9, -57,-987,-221;
 -11,-241, -58,  68,  20,  -8, -60,-989,-229;
 -10,-247, -69,  68,  19,  -6, -58,-990,-223;
 -11,-242, -63,  69,  18,  -5, -56,-987,-224;
 -10,-239, -61,  72,  16,  -4, -59,-989,-230;
 -10,-242, -55,  74,  15,  -2, -53,-988,-226;
 -11,-242, -61,  74,  14,  -3, -55,-989,-230;
 -12,-241, -59,  73,  14,  -2, -52,-988,-223;
  -9,-242, -62,  68,  14,  -2, -52,-992,-222;
 -12,-241, -60,  64,  15,  -1, -48,-985,-224;
  -9,-241, -56,  61,  15,  -3, -51,-983,-219;
 -12,-243, -58,  59,  15,  -3, -48,-991,-217;
 -10,-242, -60,  57,  13,  -5, -47,-993,-221;
 -11,-243, -61,  57,  13,  -4, -48,-991,-217;
  -8,-243, -56,  56,  12,  -7, -51,-992,-217;
  -6,-245, -58,  58,  10, -10, -50,-993,-219;
  -9,-242, -57,  59,   9, -10, -47,-986,-216;
 -12,-242, -56,  59,   9, -12, -48,-993,-214;
  -7,-239, -58,  61,   9, -14, -51,-990,-211;
 -10,-241, -59,  59,   9, -16, -52,-989,-218;
 -10,-240, -58,  57,  10, -17, -46,-984,-215;
  -9,-239, -57,  57,  10, -14, -48,-985,-208;
  -9,-240, -61,  55,  10, -13, -50,-990,-214;
 -11,-245, -59,  55,  11, -13, -47,-989,-218;
  -8,-242, -59,  56,  11, -13, -48,-991,-215;
 -13,-245, -63,  55,  12, -11, -50,-990,-222;
 -11,-239, -56,  57,  12, -11, -48,-994,-222;
  -5,-239, -60,  56,  11, -11, -50,-996,-224;
 -11,-242, -60,  57,  13,  -9, -49,-992,-224;
  -9,-243, -60,  57,  13,  -8, -45,-996,-229;
  -8,-243, -62,  55,  12,  -8, -46,-987,-222;
  -2,-244, -62,  55,  11,  -8, -45,-994,-220;
  -8,-244, -62,  53,  12,  -8, -44,-992,-224;
  -9,-241, -59,  53,  11,  -8, -49,-991,-225;
  -9,-247, -57,  52,  10,  -9, -45,-991,-220;
  -7,-245, -60,  53,   9,  -8, -44,-989,-221;
  -8,-243, -58,  54,   9,  -8, -49,-993,-218;
  -6,-244, -57,  55,   9,  -9, -48,-991,-214;
  -6,-243, -58,  57,   7,  -9, -40,-993,-216;
  -8,-243, -57,  57,   8,  -7, -44,-988,-215;
  -4,-246, -54,  59,   8,  -4, -44,-988,-218;
  -7,-243, -57,  59,   7,  -2, -47,-990,-214;
  -8,-240, -56,  60,   7,  -5, -46,-990,-218;
  -9,-243, -59,  61,   7,  -6, -46,-990,-219;
  -8,-237, -56,  61,   8,  -3, -40,-988,-222;
  -4,-240, -54,  62,   8,  -4, -38,-989,-215;
 -11,-239, -70,  64,   9,  -5, -41,-982,-222;
  -1,-256, -66,  64,   9,  -4, -41,-990,-225;
  -8,-244, -57,  64,  11,  -3, -37,-990,-218;
  -8,-239, -62,  65,  12,  -2, -45,-986,-221;
  -8,-240, -59,  65,  12,  -5, -39,-989,-225;
  -9,-239, -61,  64,  13,  -3, -44,-991,-224;
 -10,-242, -58,  62,  14,  -4, -46,-991,-230;
 -11,-242, -60,  59,  14,  -4, -43,-994,-222;
  -6,-241, -61,  58,  13,  -7, -47,-991,-224;
  -9,-243, -55,  56,  14,  -7, -46,-994,-225;
  -8,-244, -59,  57,  12,  -9, -49,-992,-222;
  -7,-242, -60,  59,  11,  -9, -49,-992,-218;
  -9,-241, -60,  58,   9,  -9, -47,-994,-226;
  -7,-243, -60,  60,   8, -10, -45,-990,-230;
 -10,-246, -59,  61,   6, -10, -42,-992,-225;
  -7,-241, -61,  62,   6, -11, -48,-991,-225;
  -8,-240, -57,  61,   5, -10, -48,-990,-230;
  -8,-242, -57,  59,   7,  -9, -48,-982,-220;
  -9,-241, -55,  59,   7,  -8, -44,-988,-226;
 -10,-241, -62,  58,   7,  -8, -49,-986,-217;
 -10,-238, -58,  58,   8,  -6, -47,-988,-219;
 -10,-241, -55,  56,   8,  -7, -49,-988,-217;
  -8,-242, -56,  56,   8,  -7, -47,-987,-216;
  -8,-242, -56,  55,   9,  -7, -54,-990,-225;
 -12,-241, -58,  54,  11,  -8, -49,-995,-220;
  -9,-244, -58,  53,  10,  -8, -50,-988,-217;
 -13,-240, -62,  54,  11,  -7, -52,-992,-223;
 -10,-239, -57,  55,  11,  -8, -52,-990,-224;
 -11,-242, -58,  57,  12,  -9, -50,-989,-219;
 -10,-243, -59,  57,  10,  -8, -46,-991,-220;
 -10,-243, -61,  57,  10,  -8, -49,-991,-216;
 -12,-242, -61,  58,  11,  -9, -49,-989,-223;
 -12,-239, -61,  58,  13,  -7, -49,-990,-226;
 -10,-243, -60,  58,  12,  -6, -50,-987,-217;
 -10,-241, -61,  58,  11,  -5, -50,-991,-220;
 -11,-244, -61,  59,  11,  -7, -52,-991,-225;
 -10,-243, -58,  61,  11,  -7, -47,-991,-215;
 -11,-242, -58,  63,  11,  -5, -50,-990,-218;
 -10,-241, -56,  64,  11,  -5, -52,-990,-209;
 -10,-240, -55,  65,  11,  -4, -51,-991,-213;
 -12,-244, -60,  67,  10,  -2, -47,-991,-211;
 -11,-243, -57,  66,  11,  -1, -51,-988,-216;
  -9,-242, -52,  65,  12,   0, -46,-988,-211;
  -7,-242, -53,  65,  11,   0, -51,-991,-212;
 -10,-239, -58,  64,  12,   0, -52,-992,-212;
 -10,-240, -54,  63,  10,   1, -52,-982,-206;
 -11,-241, -57,  62,   9,  -2, -53,-987,-214;
 -12,-242, -56,  63,   7,  -3, -58,-989,-210;
  -8,-240, -58,  61,   6,  -3, -47,-991,-213;
 -10,-241, -59,  59,   6,  -4, -51,-988,-213;
 -10,-243, -57,  59,   5,  -6, -53,-990,-216;
 -10,-242, -55,  58,   5,  -5, -52,-993,-214;
  -9,-241, -57,  57,   5,  -7, -52,-991,-218;
  -8,-240, -59,  57,   6,  -7, -57,-992,-211;
 -17,-246, -49,  58,   6,  -7, -54,-990,-219;
  -9,-245, -56,  59,   7,  -8, -53,-990,-218;
  -7,-241, -56,  60,   7,  -8, -55,-993,-215;
 -11,-243, -58,  62,  10,  -8, -50,-990,-220;
 -13,-244, -57,  62,  11, -10, -51,-988,-224;
 -10,-245, -56,  62,  13,  -8, -53,-988,-217;
 -10,-240, -59,  61,  14, -10, -53,-990,-219;
 -11,-236, -61,  61,  14,  -8, -51,-997,-222;
 -12,-241, -59,  61,  15, -10, -50,-990,-218;
 -12,-243, -61,  60,  16,  -8, -51,-990,-212;
 -10,-241, -62,  60,  17,  -8, -50,-995,-220;
  -9,-242, -54,  60,  17,  -7, -47,-987,-223;
 -12,-234, -58,  60,  17,  -7, -46,-983,-221;
  -4,-241, -59,  62,  17,  -8, -46,-988,-217;
  -8,-241, -56,  61,  17,  -9, -49,-991,-215;
  -9,-243, -55,  62,  16,  -8, -53,-990,-220;
  -9,-244, -56,  62,  15,  -6, -51,-987,-212;
 -11,-241, -57,  60,  15,  -7, -48,-991,-213;
  -9,-240, -58,  60,  14,  -9, -50,-993,-210;
  -9,-243, -56,  62,  13,  -9, -49,-993,-212;
  -7,-243, -58,  62,  13, -10, -49,-987,-204;
 -12,-244, -59,  63,  13, -10, -51,-994,-211;
  -9,-244, -57,  64,  11,  -9, -50,-993,-214;
  -8,-241, -56,  65,  12, -10, -52,-990,-213;
  -6,-240, -58,  64,  11,  -9, -50,-989,-213;
 -11,-241, -56,  64,  11, -11, -52,-989,-215;
  -7,-245, -55,  63,  12, -11, -50,-991,-215;
  -5,-239, -56,  61,  12, -10, -46,-991,-212;
 -11,-242, -56,  61,  11, -11, -50,-986,-211;
 -10,-243, -57,  60,  11, -11, -50,-991,-214;
  -9,-243, -55,  60,  11, -10, -45,-992,-212;
 -11,-243, -61,  59,  10, -10, -49,-990,-212;
  -9,-243, -55,  57,  10,  -9, -52,-995,-219;
 -10,-240, -55,  55,   9, -10, -49,-991,-212;
 -10,-243, -58,  56,   9, -11, -51,-992,-218;
 -11,-242, -58,  55,   7, -11, -52,-990,-216;
 -10,-243, -56,  56,   8, -13, -50,-992,-218;
  -6,-243, -58,  56,  10, -13, -53,-992,-220;
 -10,-241, -59,  56,   9, -12, -50,-990,-216;
 -10,-237, -61,  56,  10, -11, -53,-992,-214;
  -9,-238, -56,  56,  11, -11, -50,-988,-216;
 -12,-242, -55,  55,  11, -11, -51,-989,-212;
 -11,-242, -58,  55,  10, -11, -52,-989,-210;
 -10,-241, -56,  53,  11, -11, -51,-990,-212;
  -8,-238, -55,  54,  11, -10, -50,-984,-210;
 -10,-240, -55,  51,  10,  -9, -48,-987,-214;
 -12,-238, -61,  50,  11, -11, -52,-990,-213;
 -12,-241, -62,  49,  10, -13, -50,-989,-216;
  -8,-240, -59,  47,  10, -12, -44,-987,-214;
 -10,-245, -57,  45,  11, -11, -45,-992,-213;
 -10,-240, -56,  43,  10, -14, -47,-989,-212;
  -7,-240, -59,  42,  11, -13, -50,-990,-212;
  -9,-242, -57,  42,  11, -13, -54,-990,-214;
 -11,-243, -58,  42,  11, -13, -51,-991,-210;
  -9,-243, -56,  44,  12, -11, -48,-992,-216;
  -6,-244, -56,  42,  12, -12, -46,-988,-220;
  -9,-247, -47,  44,  12, -12, -51,-991,-218;
 -10,-241, -56,  46,  12, -12, -49,-989,-217;
 -11,-244, -60,  46,  12, -12, -49,-991,-215;
  -8,-242, -59,  46,  13, -12, -48,-991,-214;
  -9,-241, -54,  45,  13, -11, -47,-993,-215;
 -14,-241, -59,  46,  12, -12, -52,-992,-216;
 -11,-244, -60,  45,  12, -11, -50,-989,-216;
  -9,-241, -59,  43,  11, -13, -49,-992,-218;
  -7,-243, -59,  44,  11, -14, -47,-988,-221;
  -9,-242, -59,  42,  10, -12, -48,-994,-215;
 -11,-243, -56,  42,  11, -13, -49,-988,-214;
 -11,-243, -56,  42,   9, -12, -48,-996,-216;
  -7,-244, -59,  44,   9, -14, -52,-988,-220;
 -12,-242, -59,  44,  10, -13, -49,-993,-211;
  -7,-242, -63,  45,  10, -14, -51,-992,-217;
 -10,-239, -58,  46,  11, -12, -48,-989,-216;
  -9,-239, -57,  46,  11, -14, -46,-988,-220;
 -10,-236, -59,  47,  11, -14, -48,-983,-224;
 -12,-241, -53,  45,  10, -13, -52,-986,-222;
  -8,-239, -60,  46,  11, -13, -50,-986,-219;
 -13,-238, -56,  44,  11, -13, -55,-988,-220;
 -12,-240, -54,  43,  11, -14, -50,-987,-218;
 -11,-240, -55,  41,  10, -13, -53,-988,-220;
  -9,-242, -56,  41,  10, -15, -50,-988,-210;
 -10,-241, -59,  40,  10, -14, -51,-989,-214;
 -11,-241, -58,  40,  10, -13, -53,-992,-213;
 -14,-240, -56,  40,  11, -14, -54,-993,-219;
 -11,-244, -57,  43,  12, -14, -50,-992,-216;
 -13,-242, -59,  44,  12, -14, -53,-994,-219;
 -10,-245, -57,  45,  12, -14, -50,-991,-225;
 -14,-243, -59,  48,  14, -13, -48,-990,-217;
 -10,-246, -59,  49,  16, -15, -55,-992,-219;
 -12,-244, -60,  51,  16, -14, -49,-995,-224;
 -12,-241, -59,  51,  17, -14, -51,-989,-218;
 -12,-239, -61,  51,  18, -14, -49,-995,-220;
  -9,-242, -60,  53,  19, -13, -46,-993,-216;
 -10,-242, -57,  51,  19, -13, -51,-984,-217;
 -14,-240, -58,  50,  19, -15, -58,-993,-215;
  -9,-241, -60,  47,  18, -14, -51,-992,-220;
 -10,-242, -57,  45,  16, -15, -51,-992,-217;
  -9,-241, -59,  44,  17, -16, -53,-991,-216;
 -11,-240, -59,  43,  15, -17, -54,-990,-218;
 -10,-237, -63,  43,  15, -17, -50,-991,-216;
  -1,-244, -62,  41,  15, -18, -55,-995,-217;
  -9,-241, -59,  41,  15, -18, -52,-992,-217;
 -11,-241, -57,  42,  15, -16, -49,-987,-213;
  -9,-241, -57,  42,  18, -15, -49,-991,-212;
  -8,-246, -62,  44,  17, -16, -49,-990,-217;
  -9,-243, -58,  46,  18, -16, -51,-986,-223;
 -11,-239, -57,  47,  19, -15, -50,-995,-217;
 -11,-243, -61,  48,  19, -15, -47,-991,-222;
  -9,-242, -60,  46,  19, -17, -44,-989,-225;
  -9,-242, -59,  46,  18, -17, -44,-991,-222;
 -11,-241, -57,  44,  18, -18, -48,-990,-217;
  -8,-239, -56,  44,  16, -19, -48,-992,-220;
  -6,-246, -58,  46,  15, -16, -48,-993,-212;
 -11,-239, -57,  49,  13, -16, -50,-990,-216;
  -7,-245, -57,  51,  13, -15, -45,-988,-211;
 -11,-241, -59,  54,  12, -14, -46,-994,-217;
 -12,-241, -56,  55,  11, -14, -47,-988,-210;
  -9,-242, -61,  57,  12, -12, -50,-986,-215;
  -8,-243, -60,  56,  11, -13, -49,-988,-213;
  -9,-241, -56,  56,  10, -13, -44,-989,-215;
  -9,-242, -59,  53,  11, -14, -47,-991,-214;
  -9,-244, -56,  50,  11, -14, -49,-988,-217;
 -11,-243, -60,  48,  10, -12, -48,-987,-214;
 -10,-244, -55,  47,  10, -14, -46,-991,-221;
  -7,-240, -59,  47,  10, -13, -44,-988,-215;
  -8,-239, -59,  46,  10, -13, -46,-990,-214;
  -9,-243, -57,  47,  11, -13, -53,-994,-214;
  -6,-245, -54,  46,  10, -11, -45,-990,-220;
  -9,-242, -56,  48,  11, -13, -50,-993,-219;
 -12,-241, -60,  49,  12, -12, -46,-992,-224;
 -11,-241, -62,  49,  12, -12, -42,-998,-225;
  -9,-242, -57,  49,  12, -12, -44,-992,-223;
 -10,-243, -58,  49,  14, -14, -44,-989,-220;
  -9,-243, -60,  48,  13, -14, -41,-990,-221;
 -10,-240, -58,  50,  13, -15, -35,-990,-221;
 -10,-242, -58,  51,  14, -15, -45,-988,-224;
  -6,-245, -61,  51,  14, -16, -48,-989,-220;
  -9,-241, -59,  52,  13, -16, -46,-989,-218;
  -9,-241, -59,  53,  14, -14, -50,-989,-223;
  -7,-244, -60,  53,  13, -13, -46,-986,-221;
  -9,-242, -59,  53,  13, -13, -51,-990,-214;
 -10,-241, -60,  54,  13, -12, -46,-986,-221;
  -8,-243, -59,  55,  12, -12, -45,-986,-218;
 -11,-241, -43,  54,  12, -12, -49,-990,-227;
 -13,-240, -57,  56,  12, -14, -46,-993,-226;
 -10,-240, -61,  57,  13, -14, -48,-990,-218;
  -8,-244, -58,  57,  12, -13, -50,-992,-221;
 -10,-243, -60,  57,  14, -12, -44,-987,-220;
  -9,-243, -58,  58,  12, -12, -44,-989,-215;
  -6,-241, -57,  57,  12, -13, -50,-990,-232;
 -11,-240, -60,  57,  10, -12, -47,-992,-220;
 -10,-242, -59,  56,   9, -12, -50,-992,-226;
  -8,-244, -59,  55,   8, -11, -48,-989,-221;
  -9,-243, -59,  54,   9, -10, -42,-990,-218;
  -8,-239, -57,  52,   9,  -9, -46,-989,-220;
  -6,-244, -59,  51,   8,  -8, -49,-991,-225;
  -9,-241, -58,  53,   7,  -9, -44,-995,-217;
 -11,-242, -57,  55,   7,  -8, -48,-993,-219;
  -7,-243, -55,  57,   6,  -9, -48,-990,-219;
  -9,-240, -56,  58,   5,  -8, -44,-996,-215;
 -10,-242, -57,  58,   6, -10, -45,-991,-221;
 -10,-242, -62,  59,   4,  -9, -47,-993,-221;
 -12,-243, -56,  60,   6, -11, -46,-992,-219;
  -7,-242, -58,  60,   5, -12, -50,-993,-218;
  -9,-243, -57,  59,   7, -11, -49,-990,-223;
 -11,-242, -59,  59,   8, -12, -50,-990,-220;
 -11,-241, -64,  57,  10, -13, -47,-991,-221;
 -10,-240, -58,  56,  11, -12, -43,-989,-224;
  -9,-239, -59,  55,  11, -11, -49,-988,-216;
 -10,-240, -58,  56,  12, -12, -53,-988,-218;
  -9,-243, -57,  55,  13, -11, -46,-988,-218;
  -9,-242, -57,  55,  14, -10, -46,-985,-216;
  -8,-242, -60,  54,  14, -11, -46,-994,-223;
  -5,-242, -59,  53,  13, -11, -47,-993,-219;
  -7,-243, -57,  52,  13, -11, -43,-993,-216;
  -9,-239, -60,  50,  14, -10, -50,-988,-221;
 -10,-243, -55,  48,  13, -10, -47,-990,-217;
  -8,-242, -58,  47,  11, -10, -45,-992,-214;
  -8,-241, -59,  47,  12, -10, -47,-992,-219;
  -9,-243, -59,  45,  11,  -9, -45,-994,-225;
  -9,-240, -57,  44,  12,  -9, -50,-992,-215;
  -8,-243, -53,  44,  13,  -9, -40,-988,-215;
  -8,-241, -55,  43,  11,  -8, -47,-986,-213;
  -9,-242, -54,  43,  12,  -9, -43,-995,-215;
 -12,-240, -54,  43,  11, -11, -48,-989,-216;
 -11,-240, -57,  45,  11, -10, -50,-996,-217;
 -10,-240, -57,  47,  11, -10, -51,-993,-215;
 -11,-245, -61,  49,  11, -11, -59,-997,-217;
 -10,-244, -55,  51,  11, -11, -50,-996,-217;
  -6,-244, -58,  52,  11, -11, -51,-991,-220;
  -9,-241, -59,  55,  10, -12, -49,-991,-221;
  -8,-245, -60,  58,  11, -10, -46,-993,-225;
 -10,-245, -59,  59,  11, -10, -54,-995,-226;
  -7,-242, -60,  59,  12,  -8, -45,-990,-215;
  -9,-240, -58,  61,  11,  -8, -45,-989,-223;
  -8,-240, -60,  60,  11,  -7, -50,-988,-225;
 -11,-238, -57,  57,  10,  -6, -50,-991,-223;
 -11,-240, -60,  55,  11,  -6, -49,-984,-227;
  -9,-238, -60,  52,  11,  -6, -43,-989,-227;
 -13,-237, -59,  51,  12,  -6, -48,-982,-227;
  -4,-240, -58,  47,  10,  -7, -51,-984,-219;
 -11,-242, -62,  44,  10,  -8, -50,-988,-224;
  -8,-237, -58,  41,  10,  -7, -49,-989,-222;
  -7,-242, -59,  40,  11,  -9, -46,-992,-213;
  -9,-241, -58,  39,  10,  -8, -52,-991,-210;
 -11,-241, -55,  40,  10,  -8, -50,-986,-209;
 -12,-239, -57,  41,  11, -10, -49,-989,-213;
  -8,-244, -57,  44,  11, -10, -44,-993,-212;
  -5,-244, -56,  47,  13,  -9, -54,-994,-214;
  -8,-244, -55,  50,  12, -11, -46,-989,-213;
  -8,-242, -54,  55,  12, -11, -52,-987,-212;
 -12,-241, -56,  57,  12, -11, -54,-989,-216;
 -11,-245, -58,  57,  12, -12, -53,-990,-215;
  -6,-238, -59,  58,  11, -12, -49,-991,-222;
  -9,-243, -57,  59,  10, -12, -53,-998,-214;
 -11,-243, -55,  61,  12, -13, -51,-997,-216;
  -9,-241, -57,  62,  11, -13, -48,-991,-218;
  -7,-243, -58,  65,   8, -12, -51,-991,-222;
  -8,-244, -60,  69,   8, -11, -47,-994,-218;
  -9,-243, -58,  72,   7, -13, -54,-994,-220;
 -13,-241, -59,  75,   8, -13, -49,-996,-222;
  -9,-243, -62,  77,  10, -12, -49,-996,-224;
  -8,-242, -55,  78,   9, -10, -51,-992,-224;
  -8,-245, -56,  80,   8,  -9, -43,-992,-219;
 -10,-239, -60,  80,  10,  -9, -46,-998,-225;
  -8,-245, -61,  79,  11,  -9, -51,-990,-220;
 -11,-241, -59,  79,  11,  -9, -45,-990,-228;
 -12,-240, -61,  79,  11,  -8, -52,-991,-222;
 -10,-241, -56,  77,  12,  -9, -48,-984,-219;
  -8,-242, -57,  74,  12, -10, -47,-987,-216;
  -8,-245, -56,  71,  13, -10, -47,-988,-219;
  -9,-238, -61,  68,  11, -10, -51,-984,-223;
  -9,-243, -59,  67,   9, -10, -50,-989,-217;
 -12,-240, -59,  65,   8, -10, -50,-988,-217;
  -9,-242, -58,  64,   7,  -9, -53,-991,-213;
 -10,-243, -57,  63,   5,  -9, -47,-994,-215;
 -10,-242, -55,  63,   4, -11, -50,-991,-220;
 -10,-243, -56,  63,   4,  -9, -49,-992,-219;
  -8,-244, -57,  64,   3, -10, -45,-991,-215;
  -8,-246, -59,  64,   3, -12, -45,-990,-213;
  -8,-241, -59,  64,   3,  -9, -47,-990,-217;
 -11,-240, -54,  64,   4, -10, -47,-992,-221;
 -11,-242, -60,  68,   5, -11, -50,-991,-224;
 -10,-242, -55,  69,   7, -11, -46,-988,-212;
  -9,-241, -54,  70,   8,  -9, -43,-987,-218;
  -6,-243, -58,  70,  10,  -8, -44,-986,-214;
  -9,-239, -57,  71,  11,  -8, -46,-986,-217;
 -11,-239, -59,  71,  12,  -7, -46,-986,-223;
  -8,-242, -57,  73,  12,  -7, -48,-986,-213;
  -8,-243, -55,  72,  13,  -6, -53,-991,-211;
  -8,-242, -58,  73,  12,  -6, -45,-989,-210;
  -8,-243, -57,  75,  12,  -6, -45,-992,-212;
  -8,-239, -56,  76,  12,  -7, -48,-991,-213;
 -20,-241, -55,  75,  11,  -6, -47,-990,-214;
 -11,-241, -57,  77,  11,  -6, -48,-995,-211;
 -11,-245, -56,  78,  12,  -5, -42,-999,-215;
  -8,-241, -59,  79,  12,  -5, -42,-991,-214;
 -11,-241, -56,  82,  11,  -6, -39,-998,-222;
  -8,-242, -59,  84,  13,  -6, -46,-993,-220;
  -7,-242, -58,  86,  12,  -7, -48,-992,-227;
 -10,-242, -55,  87,  11,  -9, -47,-991,-221;
  -9,-242, -59,  87,  11, -10, -47,-990,-212;
  -7,-243, -58,  87,  12,  -8, -48,-991,-212;
  -9,-241, -60,  85,  11,  -8, -48,-990,-212;
 -10,-240, -60,  84,  11,  -9, -43,-988,-227;
  -8,-241, -59,  82,  11, -11, -51,-989,-215;
  -8,-240, -57,  82,  10, -10, -47,-988,-215;
 -11,-241, -56,  81,   9, -10, -45,-986,-211;
 -12,-238, -58,  82,  10, -11, -52,-987,-212;
 -10,-244, -53,  81,  10, -10, -52,-985,-211;
  -9,-243, -57,  82,   9,  -9, -54,-991,-212;
  -7,-241, -58,  80,   9,  -8, -51,-990,-216;
 -11,-240, -55,  81,   9,  -8, -51,-996,-220;
 -12,-240, -58,  80,   8, -10, -49,-988,-211;
 -10,-242, -52,  79,  10,  -9, -47,-988,-213;
  -6,-240, -64,  79,  10,  -9, -54,-986,-209;
 -14,-240, -52,  79,  10,  -8, -54,-989,-207;
 -11,-238, -53,  80,  10,  -8, -49,-992,-206;
 -10,-244, -59,  79,  11,  -9, -48,-988,-208;
 -10,-243, -55,  79,  11,  -9, -47,-995,-206;
 -10,-243, -52,  80,  11,  -8, -51,-997,-207;
 -12,-242, -57,  80,   9,  -7, -55,-998,-204;
  -9,-241, -52,  80,  10,  -8, -49,-996,-206;
 -11,-243, -57,  81,  10,  -9, -51,-993,-199;
 -11,-240, -57,  80,  10, -10, -53,-996,-207;
  -9,-243, -56,  81,  10,  -9, -55,-992,-208;
 -11,-242, -56,  81,  10, -11, -54,-994,-206;
  -9,-243, -54,  82,  10, -13, -54,-997,-205;
  -9,-242, -56,  82,  10, -13, -51,-999,-201;
 -11,-243, -59,  83,   9, -13, -56,-999,-207;
  -7,-247, -52,  84,  11, -13, -52,-993,-204;
 -11,-245, -56,  86,  12, -12, -54,-993,-204;
 -10,-245, -54,  87,  11, -12, -53,-993,-202;
  -8,-242, -53,  86,  10, -14, -55,-993,-200;
 -12,-241, -52,  87,  11, -14, -55,-994,-208;
 -11,-245, -55,  89,  11, -15, -51,-995,-204;
  -9,-245, -57,  90,  11, -14, -51,-995,-203;
 -14,-242, -54,  89,  11, -15, -55,-999,-205;
  -9,-241, -54,  89,  11, -13, -51,-996,-200;
  -7,-243, -53,  89,  12, -14, -51,-997,-205;
 -12,-243, -53,  90,  11, -14, -51,-994,-204;
  -9,-241, -55,  88,   9, -15, -51,-992,-202;
  -9,-242, -54,  87,  10, -15, -49,-997,-202;
 -10,-246, -54,  86,   9, -15, -55,-990,-201;
 -11,-244, -53,  84,   7, -16, -52,-991,-204;
  -8,-243, -51,  82,   7, -14, -47,-993,-205;
 -12,-243, -59,  82,   7, -12, -52,-995,-198;
  -8,-243, -56,  80,   7, -13, -48,-989,-203;
 -12,-245, -56,  80,   6, -14, -51,-988,-206;
 -10,-247, -56,  80,   6, -14, -53,-994,-201;
 -11,-243, -56,  78,   6, -14, -53,-991,-204;
 -12,-242, -54,  76,   6, -14, -52,-988,-204;
  -9,-241, -51,  75,   7, -14, -54,-991,-205;
 -14,-244, -50,  72,   7, -16, -54,-990,-204;
 -10,-240, -54,  70,   6, -18, -53,-991,-202;
 -10,-240, -51,  68,   5, -17, -49,-990,-204;
  -7,-245, -54,  67,   5, -18, -57,-985,-201;
 -11,-236, -51,  66,   6, -18, -52,-991,-199;
  -9,-246, -59,  64,   6, -18, -46,-995,-197;
 -14,-240, -50,  65,   6, -19, -49,-993,-202;
 -11,-243, -53,  64,   6, -18, -53,-995,-207;
 -11,-240, -52,  65,   8, -19, -46,-986,-202;
  -8,-242, -46,  65,   7, -20, -52,-993,-202;
  -9,-242, -54,  66,   7, -21, -49,-998,-198;
 -10,-244, -55,  65,   9, -19, -53,-997,-195;
 -12,-244, -54,  66,  10, -18, -50,-994,-196;
  -7,-245, -52,  67,   9, -18, -54,-994,-201;
 -10,-243, -54,  67,  10, -18, -49,-1000,-199;
  -7,-245, -50,  69,   9, -18, -52,-993,-195;
  -9,-243, -54,  71,   9, -18, -49,-1002,-205;
  -9,-244, -56,  74,   8, -18, -46,-1000,-205;
  -5,-245, -53,  79,   8, -20, -46,-1003,-208;
  -9,-244, -56,  84,   7, -21, -50,-1001,-212;
 -10,-243, -56,  88,   6, -18, -48,-996,-208;
  -8,-242, -58,  91,   6, -19, -43,-999,-208;
  -9,-248, -53,  93,   6, -17, -46,-993,-213;
 -11,-240, -55,  93,   5, -16, -44,-991,-206;
  -9,-243, -55,  89,   5, -15, -46,-992,-205;
  -7,-242, -57,  85,   5, -14, -50,-983,-203;
  -9,-242, -54,  80,   6, -14, -49,-987,-204;
  -8,-240, -54,  75,   8, -12, -49,-986,-205;
 -11,-241, -54,  71,   8, -13, -44,-985,-204;
  -9,-240, -54,  68,   9, -13, -46,-987,-205;
 -12,-243, -49,  66,  10, -12, -46,-986,-201;
  -8,-240, -51,  63,  10, -12, -47,-987,-193;
  -7,-240, -49,  61,  11, -14, -50,-990,-196;
  -9,-243, -57,  60,  11, -13, -49,-996,-194;
  -9,-242, -51,  60,  13, -13, -47,-995,-193;
  -7,-243, -52,  60,  12, -13, -57,-996,-205;
 -12,-243, -53,  61,  13, -13, -53,-993,-201;
  -9,-245, -51,  63,  13, -15, -47,-999,-201;
 -11,-242, -53,  66,  10, -14, -48,-992,-202;
 -12,-239, -55,  67,  10, -15, -48,-996,-205;
  -7,-244, -52,  68,  10, -15, -48,-994,-201;
  -8,-249, -49,  69,  10, -17, -49,-991,-203;
  -9,-241, -52,  68,  10, -16, -46,-991,-199;
 -11,-244, -55,  69,  10, -15, -47,-993,-204;
  -8,-242, -51,  69,   9, -16, -46,-994,-204;
  -8,-240, -52,  70,   8, -17, -47,-995,-206;
  -9,-245, -52,  70,   8, -18, -46,-996,-204;
  -9,-242, -53,  70,   7, -18, -42,-997,-201;
  -6,-242, -58,  70,   9, -17, -44,-995,-202;
  -8,-243, -45,  70,   9, -16, -48,-997,-197;
  -7,-242, -54,  71,   9, -15, -45,-995,-197;
 -13,-242, -51,  73,   9, -15, -50,-994,-202;
  -9,-246, -54,  75,  11, -14, -49,-993,-196;
  -7,-245, -51,  74,  10, -14, -46,-993,-198;
 -10,-241, -53,  74,  10, -14, -44,-994,-195;
  -9,-240, -53,  73,  11, -14, -46,-990,-196;
 -10,-243, -50,  73,  10, -14, -47,-998,-191;
 -11,-243, -50,  73,  10, -14, -50,-995,-187;
  -9,-244, -53,  72,   9, -11, -48,-990,-191;
  -8,-240, -55,  72,   9, -10, -49,-994,-198;
 -10,-242, -52,  72,   9, -11, -47,-998,-188;
 -11,-243, -53,  69,   9, -10, -47,-999,-185;
 -11,-242, -53,  66,   8, -10, -45,-993,-196;
 -11,-241, -51,  64,   9, -10, -44,-986,-192;
  -8,-247, -51,  63,   8,  -9, -47,-990,-195;
  -7,-243, -55,  61,   8, -10, -48,-994,-191;
 -11,-247, -54,  60,   9,  -9, -43,-993,-199;
  -7,-244, -54,  61,   9,  -8, -50,-990,-193;
  -8,-244, -51,  61,   8,  -7, -47,-997,-195;
 -10,-244, -52,  63,   8,  -7, -45,-992,-200;
  -5,-242, -59,  62,   9,  -7, -47,-994,-199;
  -6,-246, -52,  66,   9,  -7, -43,-991,-206;
  -9,-240, -54,  66,  11,  -7, -48,-994,-200;
  -8,-243, -52,  65,  12,  -7, -46,-989,-196;
  -8,-242, -49,  65,  13,  -6, -47,-993,-193;
  -9,-244, -51,  65,  13,  -7, -45,-991,-193;
  -7,-244, -54,  64,  13,  -6, -50,-992,-186;
  -8,-245, -50,  63,  14,  -9, -49,-992,-192;
  -6,-244, -50,  64,  15,  -9, -49,-996,-192;
 -10,-246, -53,  65,  16,  -8, -50,-997,-184;
  -9,-245, -53,  66,  14,  -8, -48,-998,-196;
 -15,-243, -53,  67,  15,  -8, -49,-993,-192;
 -12,-244, -51,  67,  16,  -8, -52,-996,-195;
  -8,-242, -50,  67,  15,  -8, -58,-993,-198;
  -9,-244, -55,  64,  15,  -8, -48,-996,-197;
  -8,-243, -50,  63,  15,  -9, -52,-993,-199;
  -9,-245, -52,  61,  16,  -9, -49,-996,-190;
  -8,-241, -56,  60,  14, -10, -50,-992,-198;
  -9,-243, -50,  59,  15, -10, -51,-997,-184;
  -9,-244, -50,  58,  13, -10, -47,-991,-189;
 -11,-242, -48,  57,  13, -10, -48,-988,-183;
 -13,-248, -40,  58,  13, -11, -48,-996,-188;
 -20,-243, -45,  57,  10, -10, -50,-992,-187;
 -12,-244, -48,  56,  10, -12, -48,-994,-182;
 -10,-242, -56,  56,  10, -10, -44,-997,-189;
  -6,-244, -48,  55,  10, -10, -49,-999,-191;
  -9,-243, -54,  57,  10,  -9, -47,-996,-194;
  -9,-246, -50,  60,  10,  -8, -51,-990,-194;
  -6,-244, -54,  61,  10,  -9, -48,-995,-185;
  -6,-245, -54,  63,  11,  -8, -51,-991,-189;
  -9,-244, -49,  64,  11,  -6, -53,-994,-193;
  -8,-245, -52,  65,  12,  -4, -52,-992,-190;
  -9,-244, -53,  66,  12,  -3, -47,-995,-195;
 -10,-242, -53,  66,  12,  -4, -47,-994,-198;
  -9,-241, -50,  64,  12,  -4, -51,-992,-196;
  -6,-245, -52,  64,  14,  -4, -46,-992,-197;
 -10,-243, -54,  63,  12,  -3, -51,-996,-191;
 -11,-243, -51,  62,  12,  -2, -49,-997,-203;
 -11,-245, -53,  61,  12,  -5, -47,-997,-195;
 -10,-242, -54,  60,  13,  -3, -51,-993,-202;
 -10,-243, -55,  59,  13,  -4, -44,-997,-193;
  -8,-242, -51,  58,  12,  -4, -43,-995,-201;
 -10,-242, -54,  56,  12,  -5, -50,-997,-202;
  -9,-243, -54,  56,  12,  -5, -46,-995,-196;
 -10,-244, -53,  55,  12,  -5, -44,-995,-199;
  -7,-242, -53,  54,  11,  -7, -46,-994,-200;
 -12,-243, -50,  54,  11,  -7, -47,-994,-195;
  -8,-246, -51,  54,  11,  -6, -45,-995,-194;
 -11,-242, -50,  54,  11,  -6, -44,-991,-193;
  -8,-241, -52,  54,  11,  -6, -46,-990,-197;
  -7,-241, -47,  54,  11,  -6, -43,-995,-189;
 -10,-243, -49,  54,  12,  -7, -50,-996,-184;
  -8,-242, -48,  52,  12,  -5, -49,-994,-183;
  -8,-245, -50,  52,  12,  -3, -49,-997,-192;
  -7,-247, -51,  53,  12,  -4, -44,-997,-190;
  -9,-239, -50,  53,  12,  -3, -46,-995,-184;
  -6,-242, -49,  53,  12,  -3, -46,-996,-191;
  -7,-244, -52,  55,  12,  -2, -46,-995,-187;
 -10,-244, -52,  54,  12,  -1, -45,-993,-193;
  -8,-244, -56,  54,  12,  -2, -48,-992,-187;
 -11,-243, -52,  56,  12,  -2, -50,-997,-193;
 -11,-241, -52,  56,  14,  -1, -48,-994,-198;
  -9,-244, -51,  55,  13,   0, -51,-993,-199;
 -10,-243, -51,  56,  12,  -1, -51,-990,-195;
 -10,-244, -53,  53,  12,   0, -46,-994,-195;
 -12,-244, -36,  51,  13,  -1, -48,-996,-194;
 -14,-245, -56,  50,  12,   0, -47,-994,-196;
 -10,-243, -52,  50,  11,   1, -47,-999,-190;
  -8,-242, -50,  51,  12,   0, -52,-995,-194;
 -10,-243, -50,  52,  12,  -1, -48,-994,-189;
  -7,-242, -54,  52,  12,  -2, -54,-994,-185;
 -11,-245, -52,  52,  11,  -4, -45,-999,-194;
 -12,-242, -50,  54,  13,  -4, -50,-995,-184;
  -9,-243, -50,  55,  12,  -4, -49,-1000,-191;
 -11,-245, -53,  55,  14,  -4, -46,-998,-191;
 -11,-245, -55,  55,  13,  -5, -57,-1000,-185;
  -9,-239, -53,  57,  13,  -4, -50,-997,-191;
 -11,-242, -50,  55,  13,  -2, -49,-990,-193;
 -11,-241, -49,  56,  14,  -5, -52,-997,-197;
 -14,-242, -52,  58,  14,  -5, -49,-995,-188;
 -10,-246, -53,  57,  13,  -6, -50,-995,-187;
 -11,-244, -50,  56,  14,  -7, -52,-999,-190;
  -9,-244, -46,  56,  14,  -6, -55,-1000,-183;
 -13,-239, -50,  54,  13,  -5, -57,-995,-184;
  -9,-244, -54,  52,  12,  -7, -54,-993,-189;
 -14,-241, -52,  52,  12,  -6, -53,-995,-187;
  -9,-244, -53,  50,  12,  -6, -58,-995,-184;
  -7,-243, -41,  50,  11,  -6, -52,-997,-189;
 -10,-244, -49,  49,  11,  -4, -53,-997,-188;
 -11,-242, -53,  48,   9,  -4, -51,-992,-190;
 -13,-241, -56,  49,  10,  -4, -57,-996,-188;
 -13,-244, -51,  48,  11,  -3, -58,-996,-190;
 -13,-244, -53,  49,  12,  -5, -58,-999,-195;
 -10,-243, -52,  51,  11,  -5, -54,-999,-195;
 -13,-245, -55,  54,  11,  -4, -59,-996,-196;
 -11,-243, -53,  55,  11,  -3, -60,-999,-204;
 -11,-244, -51,  57,  11,  -3, -53,-995,-197;
 -12,-244, -53,  60,  11,  -4, -50,-999,-196;
 -12,-242, -53,  59,  11,  -6, -54,-991,-197;
 -11,-243, -51,  60,  11,  -7, -61,-994,-200;
 -10,-241, -51,  59,  12,  -8, -56,-995,-198;
 -12,-246, -53,  57,  13,  -6, -54,-994,-195;
 -12,-242, -52,  57,  14,  -5, -51,-991,-194;
 -11,-243, -53,  54,  15,  -5, -58,-994,-197;
 -10,-243, -51,  52,  16,  -5, -57,-993,-189;
 -11,-242, -50,  50,  18,  -6, -54,-1000,-192;
 -11,-241, -53,  47,  19,  -9, -59,-991,-193;
 -10,-245, -52,  45,  18,  -9, -57,-996,-193;
 -12,-240, -50,  44,  18,  -9, -57,-995,-196;
 -11,-249, -53,  46,  18,  -9, -63,-998,-188;
  -7,-244, -52,  49,  18,  -9, -58,-993,-192;
  -9,-244, -52,  52,  16,  -8, -54,-995,-200;
 -12,-239, -53,  53,  16,  -6, -53,-993,-194;
 -13,-244, -54,  54,  15,  -7, -47,-992,-198;
 -11,-241, -50,  53,  15,  -8, -53,-993,-203;
 -10,-242, -51,  53,  14, -11, -49,-997,-192;
 -12,-239, -54,  51,  12, -10, -51,-996,-203;
 -10,-242, -51,  48,  13, -10, -51,-994,-202;
 -12,-244, -51,  49,  14, -11, -51,-997,-196;
  -9,-240, -53,  51,  13,  -9, -51,-997,-197;
 -10,-243, -52,  53,  12,  -9, -51,-998,-189;
  -6,-245, -53,  55,  14, -10, -48,-999,-193;
 -11,-243, -49,  57,  14,  -9, -49,-992,-188;
 -11,-244, -50,  59,  13,  -8, -54,-992,-190;
 -11,-245, -47,  60,  13,  -7, -47,-994,-188;
  -9,-243, -52,  61,  12,  -7, -53,-995,-184;
  -8,-244, -48,  60,  12,  -8, -54,-991,-192;
  -9,-243, -50,  59,  12,  -9, -46,-996,-184;
 -10,-244, -48,  58,  11,  -9, -49,-992,-188;
 -11,-243, -52,  57,  10,  -6, -45,-994,-192;
  -9,-242, -49,  54,   9,  -9, -47,-992,-190;
 -14,-242, -57,  52,   6,  -7, -50,-992,-188;
  -9,-243, -49,  50,   7,  -7, -50,-992,-195;
 -11,-243, -50,  48,   8,  -8, -47,-991,-186;
 -11,-240, -51,  47,   6,  -9, -52,-996,-190;
  -9,-244, -51,  46,   6, -10, -47,-994,-188;
 -12,-245, -53,  46,   6,  -8, -50,-998,-196;
  -8,-246, -51,  47,   5,  -9, -52,-998,-196;
 -12,-243, -51,  48,   6,  -8, -58,-997,-190;
 -11,-245, -53,  51,   7,  -9, -58,-995,-188;
 -11,-243, -52,  53,   7,  -6, -50,-993,-193;
 -13,-243, -50,  55,   8,  -7, -55,-994,-198;
 -10,-240, -52,  56,   8,  -7, -54,-996,-195;
  -8,-244, -51,  57,   9,  -7, -52,-994,-201;
 -10,-242, -51,  56,  11,  -7, -51,-990,-202;
 -11,-244, -51,  54,  12,  -7, -53,-993,-198;
 -13,-241, -55,  51,  12,  -9, -55,-990,-203;
 -12,-241, -53,  51,  13,  -9, -52,-996,-197;
 -10,-246, -54,  48,  15, -10, -50,-996,-200;
 -11,-245, -52,  49,  16, -11, -55,-995,-196;
 -10,-240, -55,  48,  16, -11, -53,-992,-206;
 -13,-244, -55,  50,  16, -11, -54,-1000,-184;
 -10,-242, -55,  50,  17, -12, -53,-1000,-186;
 -13,-244, -53,  51,  16, -12, -53,-1000,-190;
 -11,-241, -55,  53,  16, -12, -56,-994,-191;
 -11,-243, -52,  54,  16, -12, -57,-994,-193;
 -10,-242, -54,  55,  16, -12, -58,-995,-196;
 -12,-244, -53,  56,  16, -10, -54,-1000,-199;
 -13,-246, -53,  57,  14, -10, -56,-993,-193;
 -13,-242, -52,  55,  14,  -8, -51,-994,-201;
 -11,-242, -53,  54,  13,  -8, -53,-994,-193;
 -14,-242, -50,  52,  12,  -6, -52,-995,-196;
 -12,-241, -49,  50,  11,  -7, -55,-994,-194;
 -11,-245, -53,  49,  11,  -6, -51,-995,-198;
 -11,-243, -51,  49,  11,  -6, -47,-996,-199;
 -12,-244, -51,  49,  12,  -7, -49,-995,-194;
 -11,-240, -52,  48,  12,  -8, -55,-993,-193;
  -9,-245, -55,  47,  12,  -7, -52,-1000,-199;
 -13,-242, -50,  47,  12,  -8, -53,-992,-194;
  -9,-243, -54,  47,  12,  -9, -54,-995,-199;
  -7,-245, -52,  47,  12,  -9, -51,-996,-190;
 -12,-242, -52,  48,  13,  -9, -54,-994,-200;
 -12,-239, -54,  47,  12,  -9, -56,-995,-197;
 -15,-242, -51,  48,  11,  -9, -51,-994,-189;
  -5,-232, -48,  49,  11, -10, -57,-994,-191;
 -11,-243, -55,  50,  10, -10, -52,-997,-189;
 -10,-242, -52,  52,  10, -10, -52,-994,-186;
 -10,-242, -55,  53,  10,  -9, -51,-997,-190;
 -10,-243, -51,  55,  11,  -9, -55,-998,-195;
 -12,-243, -54,  55,  12,  -8, -54,-994,-196;
 -13,-243, -49,  55,  13,  -7, -53,-993,-193;
 -12,-242, -53,  56,  13,  -7, -50,-990,-190;
 -11,-241, -50,  55,  15,  -6, -53,-997,-196;
 -11,-243, -53,  53,  13,  -7, -54,-990,-191;
 -11,-242, -50,  51,  13,  -6, -52,-997,-195;
  -9,-242, -51,  50,  12,  -6, -48,-997,-196;
 -10,-243, -54,  49,  13,  -7, -48,-992,-200;
 -12,-242, -49,  49,  14,  -8, -57,-993,-189;
  -9,-243, -51,  47,  14,  -9, -54,-996,-192;
 -10,-244, -54,  46,  14,  -8, -53,-994,-187;
  -9,-245, -53,  46,  13,  -8, -55,-993,-190;
  -9,-243, -52,  45,  14,  -7, -53,-992,-200;
 -11,-245, -52,  44,  15,  -8, -54,-995,-191;
 -11,-242, -53,  44,  15,  -9, -48,-994,-198;
 -10,-245, -54,  45,  15,  -9, -49,-996,-195;
 -11,-245, -49,  44,  15,  -9, -53,-994,-198;
  -9,-243, -55,  45,  14, -10, -55,-993,-196;
 -11,-240, -51,  44,  15,  -9, -53,-999,-199;
  -6,-243, -51,  44,  13, -11, -55,-994,-193;
 -12,-243, -53,  44,  12, -11, -55,-1001,-195;
 -10,-242, -56,  45,  12, -11, -55,-995,-196;
 -11,-242, -53,  47,  11, -11, -53,-997,-191;
 -11,-242, -54,  47,  11, -13, -56,-1000,-197;
 -10,-245, -51,  49,  10, -11, -53,-1001,-199;
 -10,-241, -53,  52,  10, -11, -58,-1002,-193;
 -11,-242, -51,  54,  11, -10, -53,-999,-189;
 -11,-244, -53,  56,  10, -10, -53,-995,-196;
 -10,-240, -51,  57,  11, -11, -56,-996,-197;
 -10,-244, -52,  59,  11, -12, -54,-993,-197;
 -13,-242, -53,  58,  12, -11, -50,-993,-202;
  -8,-243, -54,  57,  10, -11, -52,-998,-192;
  -5,-246, -52,  58,  11, -11, -52,-993,-200;
  -8,-242, -50,  56,  11, -11, -53,-995,-191;
 -10,-246, -51,  55,  12, -11, -48,-997,-193;
 -13,-248, -54,  54,  11, -10, -51,-995,-197;
   1,-258, -47,  53,   9, -12, -52,-995,-193;
  -9,-251, -24,  51,  11, -10, -51,-993,-200;
 -11,-249, -44,  54,   9,  -9, -51,-993,-193;
  -1,-241, -48,  53,  10,  -9, -53,-994,-193;
  -2,-239, -46,  53,   9, -11, -51,-997,-191;
  -9,-252, -48,  53,   9, -11, -52,-997,-193;
  -5,-236, -47,  53,  10, -11, -52,-996,-186;
 -10,-261, -49,  54,   9, -12, -51,-992,-192;
 -33,-240, -35,  55,   9, -12, -52,-993,-187;
  -4,-259, -47,  54,  10, -14, -58,-992,-187;
  -9,-242, -45,  56,   9, -15, -56,-993,-191;
 -11,-249, -53,  56,   9, -16, -52,-995,-189;
  -9,-246, -59,  56,   9, -15, -53,-998,-195;
 -13,-248, -55,  56,  10, -15, -54,-997,-195;
  -6,-246, -51,  57,   9, -15, -56,-997,-194;
 -10,-242, -50,  57,  10, -13, -54,-1000,-197;
  -9,-243, -52,  57,  10, -14, -48,-998,-196;
  -9,-245, -55,  56,  11, -15, -57,-997,-201;
 -13,-242, -48,  57,  10, -14, -54,-996,-194;
 -11,-245, -57,  58,  10, -15, -49,-994,-192;
 -10,-245, -54,  59,  10, -15, -55,-996,-198;
  -9,-243, -54,  58,  11, -14, -54,-997,-197;
  -9,-242, -51,  57,  12, -14, -50,-991,-195;
 -13,-241, -54,  55,  13, -14, -49,-999,-188;
 -11,-242, -54,  54,  13, -12, -52,-994,-188;
  -9,-242, -55,  52,  13, -13, -56,-997,-189;
 -11,-242, -48,  51,  13, -11, -54,-994,-192;
 -10,-243, -53,  50,  12, -11, -57,-996,-197;
 -12,-241, -53,  50,  14, -12, -52,-993,-191;
  -9,-243, -51,  50,  12, -13, -54,-995,-189;
 -12,-242, -52,  51,  11, -12, -54,-996,-191;
 -10,-241, -53,  52,  11, -11, -54,-995,-196;
  -9,-243, -53,  52,  12, -11, -51,-998,-193;
 -10,-247, -54,  52,  12, -11, -48,-994,-192;
  -9,-244, -51,  51,  10, -11, -51,-997,-193;
  -8,-244, -51,  52,  11, -13, -55,-998,-194;
 -13,-244, -49,  50,  11, -13, -48,-997,-186;
  -7,-246, -49,  50,  12, -12, -50,-1000,-198;
 -11,-246, -53,  51,  13, -14, -47,-995,-196;
 -10,-241, -55,  50,  14, -12, -48,-994,-196;
 -11,-244, -52,  50,  14, -13, -55,-992,-191;
 -12,-240, -51,  50,  15, -13, -48,-995,-187;
 -10,-242, -55,  49,  16, -11, -47,-991,-187;
  -7,-245, -51,  49,  14, -11, -50,-997,-191;
  -8,-242, -51,  48,  13, -11, -48,-993,-193;
  -9,-243, -50,  46,  12, -10, -52,-1000,-191;
  -9,-243, -53,  45,  11, -10, -51,-996,-182;
 -12,-241, -50,  44,   9, -11, -50,-994,-184;
 -11,-240, -52,  44,   7, -11, -51,-994,-192;
  -8,-241, -52,  44,   7, -10, -52,-990,-197;
 -10,-244, -48,  44,   7, -10, -53,-992,-190;
 -12,-244, -52,  43,   6, -10, -51,-996,-200;
 -14,-241, -55,  45,   8, -12, -50,-991,-197;
  -9,-240, -48,  45,   9, -13, -49,-997,-193;
  -9,-244, -54,  45,  10, -13, -55,-998,-195;
 -10,-243, -53,  47,  10, -12, -57,-998,-193;
 -14,-243, -56,  48,  11, -10, -50,-997,-195;
 -10,-243, -55,  47,  13, -11, -56,-1000,-196;
  -9,-244, -55,  47,  13,  -9, -54,-998,-197;
 -13,-241, -51,  49,  13,  -9, -57,-996,-194;
  -8,-243, -54,  50,  13,  -9, -52,-995,-190;
 -10,-246, -51,  50,  12,  -9, -53,-998,-196;
 -11,-242, -51,  49,  12,  -8, -51,-996,-196;
 -10,-242, -52,  50,  13,  -9, -56,-993,-196;
 -12,-239, -53,  50,  13,  -7, -52,-993,-202;
 -11,-243, -54,  48,  13,  -5, -56,-993,-190;
 -10,-241, -53,  47,  13,  -4, -51,-995,-193;
 -10,-241, -54,  46,  15,  -5, -53,-990,-195;
  -7,-242, -51,  45,  16,  -6, -52,-995,-196;
 -10,-244, -52,  43,  15,  -3, -50,-997,-197;
  -7,-245, -57,  41,  15,  -4, -52,-991,-195;
  -9,-244, -52,  39,  14,  -5, -50,-993,-198;
 -11,-241, -51,  38,  14,  -6, -59,-991,-195;
 -11,-241, -54,  37,  13,  -5, -50,-994,-185;
  -9,-243, -48,  36,  11,  -6, -53,-992,-189;
 -11,-244, -56,  36,  10,  -8, -50,-991,-189;
 -11,-245, -51,  35,   8,  -6, -51,-996,-189;
 -11,-243, -53,  33,   7,  -7, -59,-997,-196;
  -9,-243, -54,  33,   6,  -7, -50,-996,-201;
  -9,-239, -44,  35,   5,  -9, -52,-1001,-199;
 -14,-246, -52,  36,   5,  -9, -55,-997,-195;
 -11,-242, -51,  38,   5,  -9, -60,-999,-194;
 -11,-246, -47,  39,   5,  -9, -52,-994,-195;
 -15,-243, -53,  39,   5,  -8, -63,-997,-193;
 -13,-242, -52,  41,   6,  -8, -56,-994,-200;
 -11,-241, -53,  42,   6,  -8, -55,-995,-191;
  -9,-244, -54,  42,   8,  -7, -58,-996,-201;
  -9,-243, -52,  41,   8,  -7, -50,-989,-201;
 -15,-244, -56,  40,   7,  -9, -61,-989,-203;
 -12,-244, -55,  41,   7, -10, -56,-990,-203;
 -11,-244, -51,  41,   9, -10, -54,-991,-202;
 -12,-243, -53,  42,   8,  -9, -60,-993,-197;
  -8,-242, -52,  41,   9, -10, -52,-994,-192;
 -10,-243, -53,  40,   8,  -9, -52,-994,-200;
 -11,-243, -55,  39,  10,  -9, -53,-999,-199;
 -13,-240, -52,  37,  10, -10, -55,-994,-189;
 -13,-243, -53,  35,  10,  -9, -54,-988,-193;
 -10,-243, -51,  36,  10,  -8, -52,-994,-195;
 -10,-244, -54,  36,  10,  -8, -55,-997,-195;
 -10,-243, -52,  36,   9,  -7, -53,-993,-198;
 -14,-242, -53,  36,  10,  -8, -54,-996,-194;
 -13,-243, -50,  37,   9,  -9, -53,-997,-194;
 -13,-245, -55,  36,   8,  -9, -52,-994,-198;
  -9,-244, -52,  36,   9,  -9, -52,-994,-197;
 -12,-243, -52,  34,   8,  -9, -51,-995,-199;
 -11,-243, -54,  33,   8,  -9, -50,-994,-200;
  -7,-244, -54,  32,   8,  -9, -48,-992,-197;
  -9,-244, -52,  30,   8, -10, -54,-991,-198;
  -8,-244, -54,  29,   8, -11, -51,-994,-200;
 -11,-242, -52,  26,   8, -13, -50,-994,-201;
 -11,-242, -51,  25,   7, -12, -52,-995,-198;
