 -12,-245, -45,  54,  13,  -7, -67,-1003,-150;
 -15,-246, -47,  55,  12,  -8, -57,-1002,-153;
 -13,-246, -44,  57,  13,  -9, -67,-1005,-159;
 -15,-245, -42,  58,  14,  -8, -63,-1000,-161;
 -15,-246, -39,  58,  13,  -8, -66,-1002,-159;
 -12,-246, -42,  58,  13,  -9, -65,-1000,-157;
 -17,-242, -44,  57,  14,  -9, -65,-999,-153;
 -15,-247, -41,  57,  15,  -8, -62,-1001,-155;
 -15,-244, -42,  55,  15,  -7, -70,-1007,-152;
 -18,-246, -43,  55,  15,  -8, -67,-1000,-160;
 -14,-245, -42,  55,  15,  -7, -65,-1003,-157;
 -14,-246, -41,  55,  14,  -5, -68,-1004,-150;
 -11,-245, -44,  55,  14,  -7, -67,-996,-158;
 -16,-244, -39,  54,  12,  -8, -67,-999,-153;
 -17,-243, -42,  53,  12,  -8, -70,-999,-157;
 -12,-246, -44,  51,  13, -10, -63,-998,-155;
 -14,-246, -43,  50,  12,  -9, -70,-998,-157;
 -17,-245, -44,  49,  13,  -8, -70,-1001,-160;
 -15,-244, -43,  48,  13, -11, -69,-1000,-159;
 -13,-246, -42,  47,  15, -11, -64,-1005,-155;
 -13,-243, -44,  48,  14, -10, -66,-1004,-158;
 -16,-242, -43,  48,  14,  -8, -65,-1000,-154;
 -11,-249, -43,  50,  13, -11, -72,-1002,-157;
 -12,-244, -41,  52,  13, -11, -66,-1003,-153;
 -12,-247, -41,  53,  15, -10, -66,-1003,-158;
 -15,-241, -38,  54,  15, -10, -67,-1002,-158;
 -12,-244, -43,  53,  12, -11, -67,-998,-160;
 -12,-245, -45,  53,  13, -11, -64,-1000,-153;
 -15,-241, -44,  51,  11,  -9, -64,-999,-157;
 -13,-244, -39,  50,  12, -10, -68,-994,-157;
 -15,-243, -45,  49,  11, -11, -67,-997,-153;
 -15,-244, -41,  47,  11, -10, -62,-999,-149;
 -11,-243, -44,  46,  11, -10, -67,-1000,-156;
 -14,-241, -47,  46,  11,  -9, -64,-1003,-153;
 -12,-244, -43,  46,  10, -10, -69,-1004,-158;
 -15,-244, -45,  46,  10, -12, -61,-1005,-157;
 -18,-244, -41,  47,  10, -11, -63,-998,-154;
  -9,-251, -45,  46,   9,  -9, -66,-1007,-149;
 -13,-244, -42,  48,   8,  -9, -64,-1003,-154;
 -11,-243, -42,  49,  10, -10, -70,-1000,-151;
 -12,-245, -43,  49,  11, -10, -65,-1004,-161;
 -14,-244, -43,  50,  10, -11, -67,-1005,-154;
 -12,-246, -45,  50,  11, -12, -66,-997,-157;
 -11,-245, -39,  51,  10, -10, -65,-997,-158;
 -11,-242, -44,  51,  10, -10, -62,-1000,-153;
 -16,-247, -41,  50,  11, -11, -64,-1002,-156;
 -11,-246, -42,  51,  10, -12, -66,-1005,-158;
 -11,-246, -43,  52,  11, -10, -67,-1007,-152;
 -14,-245, -46,  53,  10, -11, -64,-1003,-149;
 -13,-246, -44,  53,  11, -12, -68,-1003,-157;
 -12,-246, -42,  53,  12, -11, -66,-996,-153;
 -12,-247, -38,  55,  12,  -9, -65,-1001,-160;
 -15,-244, -41,  55,  11, -11, -64,-1001,-153;
 -10,-245, -43,  56,  14, -11, -63,-1004,-158;
 -15,-246, -43,  56,  12, -11, -61,-1002,-161;
 -13,-244, -43,  57,  11, -10, -62,-1002,-156;
 -12,-244, -44,  56,  11,  -9, -62,-997,-154;
 -11,-245, -40,  55,  13, -10, -66,-998,-157;
 -21,-247, -37,  55,  12,  -9, -60,-1004,-154;
 -12,-241, -45,  54,  13,  -7, -61,-1001,-161;
 -17,-245, -44,  53,  14,  -8, -61,-999,-152;
 -13,-243, -44,  50,  14,  -8, -54,-1001,-155;
 -12,-245, -43,  49,  15, -10, -59,-1003,-157;
 -11,-244, -41,  48,  13, -12, -61,-1004,-159;
 -16,-242, -39,  47,  12, -10, -63,-996,-161;
 -11,-243, -43,  45,  12, -11, -63,-997,-159;
 -13,-244, -41,  44,  13, -10, -64,-998,-161;
 -11,-246, -38,  45,  12, -10, -62,-1001,-151;
 -13,-242, -44,  45,  12, -10, -64,-1000,-159;
 -13,-243, -42,  47,  11,  -9, -61,-1003,-152;
 -11,-246, -43,  49,  10,  -8, -65,-997,-154;
 -12,-245, -41,  48,   8,  -9, -65,-997,-158;
 -12,-243, -43,  48,   7, -11, -67,-998,-159;
 -14,-247, -42,  46,   7, -12, -68,-1003,-157;
 -15,-245, -41,  45,   8, -12, -64,-1004,-159;
 -17,-247, -44,  45,   7, -12, -67,-1002,-158;
 -14,-244, -45,  46,   8, -11, -65,-1006,-158;
  -9,-244, -44,  47,   8, -12, -67,-998,-158;
 -17,-243, -42,  47,   9, -11, -71,-1004,-152;
 -13,-249, -43,  52,  11, -12, -64,-1003,-165;
 -13,-244, -43,  53,  12, -12, -70,-1002,-165;
 -16,-244, -46,  56,  12, -11, -65,-1004,-161;
 -16,-247, -43,  58,  12, -10, -69,-1005,-161;
 -12,-244, -44,  60,  13, -11, -67,-1002,-162;
 -13,-243, -42,  60,  15, -10, -67,-1001,-162;
 -12,-246, -43,  61,  16, -11, -68,-999,-165;
 -14,-244, -42,  59,  16, -10, -62,-1001,-164;
 -13,-242, -46,  58,  16, -11, -70,-995,-164;
 -13,-242, -43,  57,  15, -11, -66,-996,-158;
 -14,-245, -42,  55,  16, -10, -69,-998,-161;
 -14,-247, -43,  51,  15, -10, -68,-996,-151;
 -15,-241, -47,  51,  15, -13, -64,-1000,-155;
 -11,-247, -44,  51,  14, -12, -67,-1006,-154;
  -9,-244, -40,  51,  13, -12, -68,-1003,-156;
 -14,-245, -45,  52,  12, -13, -67,-999,-149;
 -14,-245, -46,  51,  12, -14, -67,-1002,-157;
 -15,-242, -42,  51,  13, -14, -67,-1003,-160;
 -14,-246, -44,  51,  12, -15, -63,-1003,-155;
 -13,-246, -44,  52,  10, -14, -67,-1001,-158;
 -15,-245, -43,  51,  11, -14, -66,-1001,-160;
 -13,-247, -50,  52,  14, -15, -63,-1001,-153;
 -15,-246, -38,  53,  13, -16, -64,-998,-154;
 -13,-243, -42,  53,  14, -14, -62,-998,-159;
 -13,-241, -38,  54,  14, -14, -65,-998,-157;
 -14,-243, -38,  52,  14, -14, -61,-994,-156;
 -13,-245, -43,  53,  14, -13, -62,-999,-153;
 -12,-244, -45,  53,  13, -14, -65,-1000,-157;
 -11,-246, -46,  52,  13, -12, -61,-996,-154;
 -13,-244, -42,  51,  13, -13, -66,-998,-155;
 -13,-244, -43,  51,  12, -11, -65,-1000,-152;
 -10,-245, -42,  51,  10, -11, -64,-1000,-151;
 -14,-246, -44,  51,   9, -11, -64,-1003,-154;
 -16,-246, -42,  51,  10, -10, -60,-999,-148;
 -11,-246, -40,  51,  10, -10, -67,-995,-160;
 -14,-245, -42,  49,   8, -10, -61,-1004,-153;
 -12,-248, -46,  48,   8, -10, -67,-1002,-157;
 -14,-244, -41,  48,   7, -10, -68,-995,-156;
 -14,-242, -43,  48,   6, -11, -66,-999,-156;
 -13,-245, -43,  46,   6, -10, -62,-1002,-152;
 -13,-245, -44,  45,   6,  -8, -72,-1001,-152;
 -13,-248, -41,  46,   6,  -9, -65,-1002,-162;
 -10,-245, -43,  47,   7, -12, -62,-1007,-153;
 -12,-244, -45,  47,   8, -12, -64,-1003,-155;
 -19,-243, -47,  48,   9, -13, -64,-1004,-159;
 -12,-244, -39,  49,  10, -13, -64,-1000,-160;
 -11,-244, -45,  49,  11, -13, -61,-1001,-154;
 -12,-247, -43,  50,  11, -14, -65,-1000,-163;
 -14,-246, -45,  49,  11, -12, -67,-998,-155;
 -11,-244, -44,  49,  11, -13, -68,-1000,-157;
 -12,-247, -42,  48,  12, -13, -69,-1001,-158;
 -10,-247, -43,  49,  13, -12, -64,-1000,-163;
 -15,-245, -44,  49,  13, -12, -64,-1006,-156;
 -14,-244, -43,  48,  13, -11, -66,-994,-158;
 -13,-246, -43,  50,  11, -10, -65,-1001,-165;
 -15,-245, -44,  50,   9, -11, -65,-1004,-157;
 -13,-244, -44,  50,   8, -13, -67,-1003,-153;
 -13,-248, -45,  52,   7, -12, -65,-1000,-161;
 -17,-244, -42,  54,   7, -14, -67,-1004,-162;
 -15,-246, -46,  55,   7, -14, -71,-1002,-163;
 -14,-246, -40,  57,   8, -14, -67,-1005,-159;
 -13,-244, -44,  57,   9, -15, -67,-1000,-162;
 -12,-244, -41,  57,  10, -12, -58,-998,-164;
 -15,-246, -45,  56,  10, -11, -67,-1002,-156;
 -13,-244, -44,  55,   9, -11, -64,-1005,-164;
 -15,-243, -41,  53,  10, -11, -62,-1002,-158;
 -14,-243, -41,  52,  10, -12, -65,-998,-159;
 -14,-247, -42,  52,  10, -12, -64,-1000,-158;
 -15,-242, -44,  52,  10, -12, -65,-1000,-157;
 -11,-245, -43,  53,   8, -11, -64,-1002,-153;
 -12,-248, -46,  54,   9, -12, -68,-1000,-158;
 -15,-241, -46,  54,   7, -12, -63,-1003,-157;
 -14,-244, -44,  53,   8, -13, -65,-998,-159;
 -15,-244, -45,  53,   9, -12, -60,-1000,-158;
 -13,-247, -41,  52,  10, -14, -66,-1002,-160;
 -14,-246, -44,  53,   9, -12, -63,-997,-154;
 -13,-246, -44,  54,   8, -11, -62,-998,-162;
 -12,-249, -43,  55,   9, -11, -68,-1002,-155;
 -13,-241, -43,  55,   8, -12, -70,-997,-154;
 -10,-245, -38,  56,   9, -12, -63,-1006,-154;
 -14,-246, -40,  56,   8, -11, -68,-999,-159;
 -15,-244, -45,  55,   6, -11, -65,-997,-154;
 -14,-246, -47,  54,   6, -11, -65,-1001,-152;
 -11,-244, -43,  56,   7,  -9, -62,-1001,-159;
 -12,-247, -43,  54,   7,  -9, -65,-1002,-162;
 -15,-241, -44,  52,   6,  -9, -62,-999,-153;
 -14,-245, -41,  53,   7, -10, -67,-1004,-160;
 -23,-243, -52,  54,   5, -10, -65,-1000,-157;
 -16,-245, -43,  53,   6, -11, -65,-1003,-164;
 -12,-246, -46,  53,   6, -11, -63,-1000,-154;
 -15,-245, -43,  55,   7, -10, -71,-1002,-157;
 -14,-245, -43,  58,   8, -11, -63,-1004,-160;
 -13,-243, -43,  59,   9, -12, -64,-1002,-158;
 -15,-247, -44,  58,   9, -12, -63,-1003,-153;
 -15,-242, -44,  60,  10, -12, -66,-1004,-155;
 -10,-248, -48,  61,  11, -14, -62,-1008,-156;
 -15,-245, -44,  62,  12, -13, -69,-1003,-161;
 -13,-244, -44,  62,  11, -12, -64,-1007,-162;
 -15,-244, -45,  62,  11, -13, -62,-1001,-161;
 -12,-247, -44,  62,  11, -13, -62,-998,-158;
 -14,-240, -44,  62,  12, -13, -62,-999,-157;
 -12,-243, -42,  62,  13, -13, -63,-996,-151;
 -13,-242, -48,  61,  11, -12, -65,-1002,-153;
 -11,-243, -43,  60,  11, -12, -62,-999,-152;
 -15,-246, -45,  61,  10,  -9, -62,-1003,-163;
 -13,-245, -45,  61,   9,  -9, -64,-999,-156;
 -12,-246, -42,  60,   9,  -9, -66,-999,-157;
 -13,-244, -43,  61,   9,  -9, -60,-998,-160;
 -23,-253, -47,  61,   9,  -9, -65,-1003,-161;
 -12,-244, -43,  61,   9, -10, -66,-1004,-158;
 -14,-244, -44,  62,   7, -11, -64,-1003,-152;
 -13,-246, -43,  61,   6, -10, -62,-1002,-149;
 -10,-245, -43,  63,   6, -12, -60,-1003,-154;
  -9,-247, -43,  64,   8, -11, -63,-1003,-158;
 -13,-245, -47,  63,   7, -10, -63,-1002,-153;
 -13,-246, -39,  63,   7, -11, -58,-1003,-157;
 -12,-242, -47,  63,   8, -11, -63,-1002,-156;
 -12,-244, -40,  62,   7, -10, -60,-1000,-157;
 -14,-244, -41,  61,   8, -10, -64,-997,-149;
 -13,-244, -44,  59,   8, -10, -62,-1005,-156;
 -15,-242, -41,  59,   8, -11, -62,-999,-151;
 -15,-245, -42,  59,   8, -10, -62,-1001,-151;
 -13,-244, -43,  59,   9, -11, -66,-1002,-158;
 -16,-247, -44,  59,   9, -10, -69,-1001,-150;
 -13,-247, -40,  60,   8, -10, -63,-1002,-154;
 -12,-246, -45,  59,   8,  -9, -70,-1000,-150;
 -15,-240, -42,  58,   8,  -8, -64,-1000,-155;
 -14,-242, -47,  58,   7,  -8, -67,-999,-151;
 -15,-243, -42,  57,   7,  -8, -70,-993,-151;
 -14,-246, -46,  57,   6,  -8, -65,-1003,-155;
 -14,-244, -42,  57,   6,  -8, -63,-999,-157;
 -11,-245, -42,  57,   7,  -8, -71,-1003,-156;
 -13,-246, -41,  58,   7,  -8, -66,-1002,-158;
 -14,-246, -44,  59,   7,  -8, -67,-1002,-155;
 -15,-246, -42,  60,   7,  -8, -66,-1001,-157;
 -13,-245, -46,  62,  10,  -9, -69,-1001,-154;
 -15,-242, -41,  63,  11, -10, -65,-1003,-151;
 -12,-247, -42,  62,  13, -10, -67,-1000,-158;
 -15,-245, -40,  63,  12, -11, -66,-1000,-158;
 -15,-243, -41,  62,  14, -10, -65,-999,-158;
 -12,-244, -41,  62,  15, -10, -67,-1001,-154;
 -16,-242, -41,  61,  17, -11, -66,-997,-151;
 -14,-244, -42,  60,  17, -11, -72,-998,-152;
 -14,-245, -44,  59,  15, -12, -67,-996,-155;
 -14,-244, -43,  58,  15, -11, -68,-998,-158;
 -17,-245, -43,  55,  13, -11, -69,-1003,-152;
 -14,-247, -43,  54,  13, -12, -65,-1001,-153;
 -17,-243, -39,  54,  13, -11, -70,-1005,-148;
 -15,-246, -41,  54,  13, -10, -69,-1002,-155;
 -13,-243, -46,  54,  13,  -9, -67,-998,-150;
 -10,-241, -51,  55,  13,  -8, -76,-1005,-154;
 -15,-249, -52,  56,  13,  -9, -66,-1001,-159;
 -13,-243, -44,  56,  11,  -9, -67,-1003,-155;
 -12,-246, -40,  57,  12,  -7, -64,-998,-153;
 -11,-246, -43,  56,  12,  -8, -67,-999,-156;
 -11,-244, -40,  54,  12,  -8, -64,-1003,-158;
 -12,-246, -43,  53,  12,  -9, -66,-1000,-152;
 -14,-246, -43,  52,  12,  -8, -67,-1004,-148;
 -12,-248, -41,  53,  12, -11, -59,-1003,-147;
 -13,-247, -41,  54,  13, -10, -63,-1003,-149;
 -14,-247, -41,  54,  14,  -9, -61,-1005,-148;
 -14,-245, -41,  56,  14, -10, -60,-998,-148;
 -15,-242, -39,  56,  15, -11, -59,-1000,-147;
 -12,-244, -45,  57,  16, -10, -62,-998,-151;
 -12,-243, -42,  55,  14,  -9, -62,-998,-140;
 -15,-242, -44,  54,  14, -10, -63,-994,-155;
 -14,-246, -39,  51,  12,  -9, -62,-994,-149;
 -12,-243, -41,  50,  11,  -9, -64,-1002,-153;
 -20,-246, -42,  48,  12,  -9, -64,-1001,-151;
 -12,-247, -39,  48,  11, -10, -67,-1000,-156;
 -13,-242, -39,  46,   9,  -8, -67,-1000,-153;
 -15,-244, -40,  45,   8,  -7, -66,-998,-152;
 -13,-246, -44,  45,   8, -10, -68,-998,-150;
 -15,-240, -40,  44,   9,  -9, -65,-1000,-151;
 -13,-243, -44,  42,   8,  -9, -66,-1001,-148;
 -12,-247, -42,  43,   8,  -7, -61,-1005,-152;
 -15,-244, -43,  44,   8,  -8, -62,-1002,-151;
 -14,-244, -43,  44,   9,  -8, -66,-1003,-149;
 -14,-248, -43,  45,  10, -10, -62,-998,-151;
 -11,-243, -40,  45,  12,  -9, -66,-1000,-158;
 -14,-246, -47,  46,  12, -10, -64,-1004,-153;
 -10,-246, -42,  48,  12, -11, -66,-1002,-157;
 -12,-243, -41,  48,  15, -10, -67,-1001,-157;
 -10,-248, -44,  47,  15, -10, -68,-999,-153;
 -15,-242, -43,  47,  16,  -9, -66,-1001,-156;
 -16,-245, -49,  46,  17,  -9, -66,-1005,-151;
 -13,-244, -44,  45,  16,  -8, -67,-993,-146;
 -14,-244, -41,  45,  16,  -9, -66,-1002,-159;
 -14,-247, -42,  44,  16, -12, -66,-997,-149;
 -15,-246, -42,  46,  15, -11, -65,-1001,-158;
 -16,-243, -41,  48,  15, -11, -70,-1002,-152;
 -13,-246, -47,  49,  14, -11, -69,-1001,-149;
 -11,-241, -40,  50,  13, -12, -70,-1003,-155;
 -13,-245, -43,  51,  13, -11, -69,-1008,-153;
 -18,-246, -43,  52,  13, -10, -67,-1003,-158;
 -14,-246, -43,  53,  11, -10, -72,-1001,-152;
 -14,-243, -42,  56,   9,  -8, -66,-999,-154;
 -17,-244, -42,  56,  10,  -9, -69,-1003,-157;
 -15,-245, -43,  57,  10,  -8, -70,-1001,-156;
 -11,-247, -43,  59,  10,  -8, -63,-1001,-155;
 -12,-246, -43,  61,   9,  -7, -71,-1006,-154;
 -13,-243, -42,  61,  11,  -7, -63,-1005,-156;
 -12,-244, -41,  62,   9,  -7, -62,-1003,-158;
 -15,-246, -45,  61,   8,  -6, -67,-1002,-153;
 -16,-243, -37,  60,  10,  -6, -66,-1004,-158;
 -14,-247, -40,  58,  10,  -7, -67,-1000,-157;
 -12,-245, -41,  57,   9,  -8, -64,-1001,-155;
 -14,-247, -42,  56,  11,  -6, -67,-1001,-156;
 -11,-245, -41,  53,  11,  -7, -64,-1007,-153;
 -10,-245, -40,  51,  10,  -8, -61,-1001,-148;
 -14,-244, -44,  51,  11,  -9, -64,-1001,-149;
 -14,-245, -42,  50,  12, -10, -61,-997,-160;
 -11,-244, -41,  50,  12, -10, -63,-1002,-157;
 -13,-243, -42,  49,  11, -13, -60,-999,-148;
 -14,-248, -44,  49,  11, -12, -65,-1003,-152;
 -11,-241, -37,  46,  11, -12, -62,-1002,-161;
 -15,-245, -40,  45,  11, -12, -66,-1002,-153;
 -15,-244, -45,  44,  12, -13, -70,-1000,-156;
 -16,-244, -41,  42,  12, -13, -63,-1003,-151;
 -15,-245, -41,  40,  13, -15, -72,-1003,-151;
 -11,-247, -41,  39,  12, -15, -70,-999,-145;
 -12,-245, -42,  36,  12, -13, -69,-995,-153;
 -17,-243, -44,  36,  11, -14, -71,-1000,-153;
 -14,-243, -43,  35,  11, -15, -65,-999,-151;
 -16,-243, -42,  35,  11, -15, -65,-999,-152;
 -12,-244, -41,  36,  12, -15, -65,-1000,-156;
 -14,-246, -42,  38,  11, -15, -66,-1002,-152;
 -12,-246, -43,  39,  12, -14, -65,-1001,-155;
 -13,-247, -42,  40,  14, -16, -65,-1006,-156;
 -11,-244, -40,  40,  13, -13, -64,-1005,-155;
 -11,-244, -42,  41,  14, -12, -68,-1002,-160;
 -14,-246, -45,  41,  15, -13, -66,-998,-153;
 -11,-248, -44,  38,  15, -14, -64,-999,-150;
 -14,-245, -41,  38,  16, -12, -70,-1001,-158;
 -15,-242, -42,  39,  17, -13, -65,-1002,-156;
 -13,-243, -44,  38,  17, -13, -67,-1001,-158;
 -13,-243, -46,  36,  16, -13, -67,-1003,-150;
 -17,-242, -40,  36,  17, -14, -62,-1001,-152;
 -12,-244, -43,  36,  15, -14, -73,-1008,-155;
 -15,-245, -43,  36,  15, -14, -67,-1008,-158;
 -12,-244, -42,  36,  13, -13, -67,-1000,-156;
 -11,-247, -41,  38,  11, -14, -68,-1003,-156;
  -9,-244, -45,  39,   9, -13, -62,-1007,-158;
 -14,-244, -44,  37,   9, -12, -68,-1005,-151;
 -12,-242, -45,  38,   8, -12, -65,-1002,-152;
 -12,-245, -42,  37,   7, -10, -66,-1002,-150;
 -12,-245, -43,  35,   7, -11, -66,-996,-150;
 -13,-244, -40,  35,   6, -11, -64,-997,-163;
 -12,-244, -41,  35,   7, -11, -65,-1000,-156;
 -13,-246, -44,  35,   7, -10, -60,-999,-156;
 -10,-245, -42,  35,   5,  -8, -64,-994,-158;
 -15,-244, -43,  35,   6,  -7, -64,-1003,-152;
 -11,-244, -41,  36,   6,  -6, -66,-1004,-159;
 -14,-241, -43,  36,   8,  -7, -69,-996,-157;
 -12,-245, -43,  37,   8,  -7, -71,-1000,-162;
 -12,-247, -43,  38,   9,  -7, -64,-1008,-162;
 -13,-246, -45,  39,   8,  -8, -61,-1002,-158;
 -13,-248, -45,  39,   9,  -8, -63,-999,-164;
 -13,-246, -45,  43,   8,  -8, -65,-1005,-159;
 -16,-245, -44,  43,   7, -10, -70,-1002,-158;
 -17,-244, -47,  42,   8, -10, -64,-998,-161;
 -14,-245, -41,  40,   9, -11, -63,-1001,-162;
 -12,-244, -43,  38,   8, -12, -66,-999,-163;
 -13,-246, -43,  36,   8, -13, -71,-1001,-162;
 -15,-244, -48,  34,  10, -16, -68,-1004,-167;
 -16,-246, -44,  34,   9, -15, -67,-1004,-161;
 -12,-245, -43,  34,   9, -14, -64,-1002,-161;
 -13,-243, -43,  35,   9, -13, -66,-1005,-159;
 -16,-243, -44,  38,  10, -14, -65,-998,-162;
 -14,-246, -39,  40,  10, -16, -67,-1004,-164;
 -12,-244, -47,  40,  11, -14, -64,-1002,-157;
 -10,-248, -45,  42,  11, -12, -64,-1000,-164;
 -14,-245, -47,  42,  10, -13, -67,-998,-165;
 -12,-246, -45,  43,  11, -12, -68,-999,-165;
 -10,-244, -42,  43,   9, -10, -65,-993,-159;
 -13,-246, -40,  42,  12, -12, -63,-995,-162;
 -11,-241, -46,  40,  12, -12, -64,-1000,-162;
 -12,-246, -40,  38,  12, -11, -68,-997,-163;
 -15,-242, -44,  36,  13, -10, -60,-996,-155;
 -11,-237, -44,  34,  12, -12, -67,-995,-161;
 -10,-247, -45,  31,  12, -13, -68,-995,-163;
 -21,-245, -59,  28,  11, -14, -66,-1001,-155;
 -18,-246, -41,  26,  10, -15, -65,-1001,-153;
 -19,-244, -44,  24,   9, -16, -66,-995,-156;
 -15,-244, -45,  23,   7, -15, -64,-1000,-161;
 -13,-244, -45,  24,   7, -14, -62,-1004,-163;
 -14,-242, -42,  25,   7, -14, -69,-1005,-165;
 -12,-245, -50,  26,   6, -14, -65,-1005,-165;
 -13,-247, -42,  27,   7, -13, -61,-1006,-158;
 -15,-245, -43,  28,   8, -12, -67,-1003,-161;
 -13,-245, -47,  29,   8, -12, -67,-998,-162;
 -14,-244, -42,  28,   9, -12, -65,-999,-159;
 -12,-241, -44,  28,   8, -13, -66,-1000,-162;
 -15,-248, -47,  29,  10, -13, -71,-1000,-165;
 -14,-245, -43,  28,  11, -11, -67,-1000,-166;
 -14,-245, -41,  27,  10, -12, -69,-1002,-156;
 -10,-244, -46,  25,   9, -13, -63,-1001,-162;
 -13,-244, -44,  25,  11, -13, -68,-1001,-154;
 -12,-244, -46,  23,  10, -13, -65,-998,-157;
 -13,-245, -44,  20,  10, -14, -66,-1001,-162;
 -14,-244, -46,  18,   9, -14, -63,-997,-165;
 -16,-242, -45,  16,  10, -15, -63,-1000,-161;
 -13,-245, -43,  13,  11, -16, -69,-993,-159;
 -13,-243, -43,  11,  10, -16, -64,-998,-161;
 -15,-244, -46,  10,  11, -15, -63,-996,-161;
 -13,-246, -43,   8,  13, -14, -63,-1000,-161;
 -13,-245, -44,   6,  13, -14, -55,-997,-155;
 -14,-245, -46,   5,  13, -12, -63,-999,-162;
 -14,-243, -43,   5,  13, -13, -66,-1000,-170;
 -12,-243, -46,   7,  13, -15, -64,-998,-166;
 -15,-244, -48,   9,  12, -15, -65,-1001,-168;
 -13,-246, -46,  11,  14, -14, -63,-997,-172;
 -14,-242, -46,  15,  12, -15, -58,-995,-167;
 -12,-244, -50,  18,  11, -14, -60,-999,-162;
 -14,-242, -46,  21,  10, -15, -65,-1000,-168;
 -14,-243, -46,  24,   7, -17, -68,-1002,-163;
 -14,-244, -47,  26,   6, -16, -64,-998,-163;
 -17,-244, -46,  28,   7, -15, -63,-996,-166;
 -14,-244, -48,  31,   7, -13, -61,-999,-166;
 -12,-245, -44,  34,   5, -12, -65,-998,-166;
 -15,-247, -44,  35,   6, -11, -67,-997,-165;
 -13,-243, -47,  38,   7, -11, -66,-996,-167;
 -12,-247, -42,  40,   7,  -8, -67,-999,-168;
 -12,-242, -46,  42,   7,  -8, -68,-1003,-164;
 -12,-243, -44,  46,  10, -11, -73,-1002,-164;
 -14,-243, -47,  47,  10,  -8, -64,-1003,-169;
 -16,-245, -46,  48,  11, -10, -63,-1004,-169;
 -12,-243, -47,  52,  10,  -9, -68,-1003,-166;
 -12,-245, -46,  53,  11, -11, -61,-996,-169;
 -12,-245, -45,  53,  14, -12, -66,-1003,-174;
 -11,-243, -46,  53,  15, -12, -72,-1000,-172;
 -12,-247, -48,  54,  15, -12, -63,-998,-168;
 -14,-242, -46,  56,  17, -12, -66,-999,-169;
  -9,-242, -49,  57,  17, -10, -68,-998,-168;
 -12,-242, -49,  56,  18, -11, -66,-997,-174;
 -12,-246, -49,  57,  18, -11, -67,-995,-171;
 -12,-245, -44,  58,  19, -10, -65,-1001,-182;
 -11,-243, -47,  56,  18,  -9, -61,-998,-176;
 -13,-243, -47,  57,  17,  -9, -63,-992,-173;
 -12,-242, -47,  59,  17,  -9, -64,-997,-173;
 -13,-246, -45,  59,  16,  -9, -66,-995,-168;
 -15,-245, -47,  60,  17, -10, -61,-1001,-171;
 -16,-244, -47,  61,  17,  -8, -66,-998,-172;
 -18,-242, -53,  62,  17,  -6, -62,-994,-177;
 -13,-244, -47,  63,  17,  -5, -66,-1005,-171;
 -12,-242, -47,  64,  16,  -3, -61,-995,-175;
 -14,-246, -46,  65,  15,  -4, -61,-1008,-164;
 -13,-244, -47,  64,  16,  -5, -61,-998,-167;
 -16,-243, -45,  65,  14,  -4, -69,-1002,-167;
 -13,-245, -47,  64,  15,  -6, -67,-999,-165;
 -14,-244, -44,  62,  13,  -6, -62,-1000,-176;
 -16,-243, -50,  62,  16,  -6, -65,-1001,-166;
 -16,-242, -45,  61,  16,  -9, -67,-999,-170;
  -9,-243, -46,  61,  14,  -9, -64,-1002,-165;
 -15,-244, -47,  61,  14,  -9, -61,-999,-165;
 -11,-246, -44,  60,  16, -10, -60,-1001,-166;
 -12,-242, -44,  58,  15, -10, -67,-1006,-167;
 -11,-241, -45,  59,  14, -10, -63,-1001,-160;
 -12,-244, -40,  58,  13, -10, -65,-1000,-164;
 -13,-245, -44,  57,  13, -12, -63,-996,-165;
 -16,-239, -46,  56,  12, -11, -66,-1004,-158;
 -13,-244, -45,  55,  12, -10, -64,-996,-170;
 -13,-244, -47,  55,  10, -10, -63,-1000,-165;
  -9,-243, -44,  56,  10, -10, -67,-997,-153;
 -15,-244, -44,  56,  12,  -8, -62,-1000,-160;
 -12,-244, -44,  57,  10,  -7, -65,-1001,-161;
 -15,-244, -43,  57,  10,  -8, -67,-998,-159;
 -14,-245, -46,  57,  11, -10, -68,-997,-161;
 -15,-246, -44,  58,  11,  -9, -67,-999,-159;
 -15,-246, -43,  58,  11,  -9, -70,-1001,-166;
 -14,-244, -43,  59,  12,  -9, -69,-999,-161;
 -14,-242, -45,  61,  11,  -7, -67,-1003,-166;
 -13,-244, -42,  60,  12,  -7, -68,-999,-164;
 -14,-244, -47,  60,  14,  -8, -68,-996,-163;
 -10,-245, -46,  62,  15, -10, -65,-997,-165;
 -10,-246, -47,  64,  15, -10, -65,-1000,-169;
 -14,-245, -49,  65,  13,  -8, -65,-1001,-168;
 -15,-244, -45,  65,  15,  -9, -66,-998,-172;
 -10,-248, -45,  65,  13,  -8, -63,-1000,-166;
 -10,-246, -46,  67,  13,  -8, -63,-1000,-169;
 -14,-245, -46,  67,  13,  -8, -63,-998,-169;
 -13,-242, -48,  67,  13,  -8, -59,-1000,-167;
 -13,-244, -46,  66,  14,  -9, -63,-1003,-170;
 -15,-244, -43,  65,  14,  -8, -63,-995,-164;
 -12,-247, -43,  65,  14,  -8, -64,-1000,-167;
 -13,-245, -48,  63,  13,  -9, -63,-994,-167;
 -12,-245, -45,  63,  13,  -7, -65,-1000,-168;
 -14,-245, -45,  63,  13,  -9, -69,-1000,-176;
 -13,-245, -46,  61,  13,  -8, -66,-1000,-169;
 -14,-241, -45,  59,  13,  -9, -67,-995,-165;
 -13,-243, -45,  59,  13,  -8, -65,-998,-156;
 -16,-244, -43,  57,  13,  -7, -67,-998,-165;
 -11,-242, -44,  59,  14, -10, -69,-999,-167;
 -13,-245, -46,  58,  13, -10, -68,-997,-167;
 -17,-243, -48,  59,  13, -11, -69,-998,-167;
 -13,-244, -46,  58,  15, -11, -68,-999,-168;
 -14,-242, -45,  58,  13, -12, -67,-997,-165;
 -14,-243, -43,  58,  13, -13, -72,-997,-165;
 -14,-244, -44,  56,  14, -11, -61,-999,-165;
 -16,-246, -47,  57,  14, -13, -65,-1003,-173;
 -14,-246, -46,  58,  13, -15, -66,-1005,-169;
 -12,-245, -45,  57,  12, -15, -64,-996,-165;
 -13,-245, -50,  58,  11, -14, -64,-1000,-163;
 -12,-247, -45,  60,  12, -12, -65,-1013,-168;
 -13,-242, -43,  61,  10, -12, -61,-1003,-169;
 -17,-247, -46,  62,   9, -11, -65,-999,-169;
 -11,-244, -43,  63,   8, -11, -63,-998,-166;
 -11,-245, -45,  65,   8, -12, -66,-1004,-166;
 -15,-242, -41,  66,   9, -12, -62,-999,-165;
 -13,-243, -49,  66,   9, -10, -66,-1000,-164;
 -12,-244, -46,  66,  10, -10, -64,-1000,-165;
  -9,-245, -43,  66,  10,  -9, -66,-995,-171;
 -15,-247, -45,  66,  11, -11, -68,-999,-166;
 -11,-246, -44,  66,  11, -12, -65,-1000,-166;
 -13,-244, -47,  66,  13, -11, -62,-1001,-161;
 -13,-247, -40,  64,  11, -12, -65,-998,-168;
 -17,-245, -45,  63,  12, -11, -68,-999,-164;
 -17,-242, -45,  62,  12, -13, -63,-1000,-160;
 -15,-245, -46,  62,  11, -13, -68,-1002,-164;
 -15,-246, -47,  60,  11, -10, -67,-1003,-163;
 -14,-243, -40,  60,  11, -12, -61,-995,-160;
 -15,-245, -44,  60,  10, -13, -71,-1000,-165;
 -16,-244, -46,  62,  12, -12, -67,-999,-162;
 -15,-244, -43,  63,  10, -12, -68,-999,-166;
 -11,-247, -44,  64,  11, -13, -69,-998,-162;
 -10,-245, -45,  63,  12, -14, -64,-999,-163;
 -13,-244, -46,  62,  12, -13, -65,-1003,-172;
 -11,-245, -45,  63,  13, -13, -64,-999,-162;
 -11,-244, -45,  64,  14, -12, -64,-1001,-165;
 -11,-243, -41,  66,  14, -11, -65,-996,-161;
 -15,-247, -47,  65,  14, -11, -62,-995,-161;
 -13,-244, -45,  66,  16, -11, -64,-998,-158;
 -13,-243, -43,  66,  18, -11, -62,-1000,-155;
 -14,-243, -42,  64,  17,  -9, -62,-997,-164;
 -14,-246, -43,  63,  15, -10, -67,-1001,-158;
 -10,-247, -41,  61,  15,  -9, -64,-995,-153;
 -10,-242, -43,  59,  15, -11, -60,-998,-161;
 -12,-244, -42,  57,  15, -10, -60,-998,-152;
 -13,-244, -46,  55,  13, -11, -56,-1001,-153;
 -12,-248, -46,  54,  12, -13, -65,-1003,-154;
 -12,-246, -39,  54,  11, -12, -66,-1000,-154;
 -12,-249, -48,  53,   9, -12, -63,-1001,-160;
 -14,-244, -42,  53,   8, -12, -67,-998,-159;
 -11,-247, -47,  54,   9, -13, -59,-1003,-160;
 -14,-248, -44,  53,   8, -13, -70,-1000,-157;
 -16,-243, -47,  53,   8, -13, -63,-999,-157;
 -10,-243, -43,  53,  10, -12, -65,-999,-165;
 -12,-247, -44,  54,   9, -13, -63,-1000,-165;
 -15,-243, -43,  54,  11, -12, -57,-1000,-170;
 -15,-245, -45,  54,  10, -13, -66,-1003,-171;
 -13,-242, -46,  55,  12, -14, -63,-997,-165;
 -14,-241, -44,  54,  11, -10, -62,-993,-163;
 -12,-247, -46,  52,  11, -12, -64,-998,-164;
 -15,-242, -44,  51,  13, -15, -63,-999,-163;
 -16,-243, -46,  51,  14, -13, -65,-997,-166;
 -12,-243, -45,  50,  14, -13, -62,-995,-167;
 -15,-240, -44,  50,  13, -13, -59,-997,-161;
 -14,-243, -44,  49,  13, -13, -74,-997,-167;
 -14,-245, -44,  49,  13, -13, -65,-997,-160;
 -16,-243, -45,  50,  12, -12, -68,-1001,-166;
 -15,-244, -44,  49,  14, -11, -63,-1001,-164;
 -15,-242, -44,  50,  13, -13, -64,-999,-161;
 -11,-244, -42,  50,  14, -13, -68,-999,-160;
 -14,-242, -44,  52,  14, -13, -64,-998,-164;
 -13,-242, -43,  53,  15, -14, -62,-1003,-171;
 -13,-246, -45,  54,  15, -13, -72,-1004,-165;
 -14,-244, -47,  55,  13, -12, -64,-994,-172;
 -15,-245, -42,  54,  14, -13, -65,-1002,-168;
 -14,-246, -43,  54,  14, -14, -64,-1002,-159;
 -13,-244, -41,  53,  13, -13, -65,-995,-158;
 -15,-246, -45,  52,  13, -13, -66,-996,-163;
 -13,-245, -44,  51,  13, -16, -67,-999,-158;
 -11,-245, -42,  50,  11, -15, -69,-1000,-151;
 -16,-245, -46,  49,  11, -14, -65,-1000,-157;
 -14,-244, -48,  48,   9, -15, -64,-997,-164;
 -14,-242, -44,  48,  10, -15, -64,-998,-162;
 -14,-242, -42,  49,  10, -17, -66,-1001,-160;
 -16,-245, -45,  49,   9, -16, -66,-998,-162;
 -12,-244, -45,  50,   8, -17, -63,-1001,-160;
 -14,-242, -45,  50,   9, -15, -69,-999,-165;
 -13,-244, -44,  51,   9, -15, -62,-1001,-157;
 -13,-243, -40,  52,  10, -16, -65,-997,-156;
 -13,-244, -46,  53,  12, -16, -65,-1000,-160;
 -15,-240, -41,  55,  13, -17, -66,-1002,-163;
 -11,-249, -39,  55,  14, -17, -62,-999,-159;
 -14,-243, -45,  54,  16, -17, -63,-1000,-161;
 -14,-240, -45,  52,  19, -15, -70,-994,-158;
 -13,-243, -49,  48,  20, -16, -64,-997,-158;
 -13,-245, -44,  45,  20, -16, -66,-991,-169;
 -13,-242, -45,  40,  19, -19, -61,-997,-163;
 -15,-240, -47,  36,  18, -22, -66,-996,-163;
 -11,-243, -44,  31,  17, -24, -64,-1002,-169;
 -12,-243, -47,  24,  16, -28, -61,-993,-164;
 -12,-245, -44,  18,  14, -30, -61,-995,-163;
 -14,-240, -42,  11,  15, -33, -63,-995,-158;
 -15,-244, -46,   6,  14, -33, -61,-994,-161;
 -11,-243, -44,   0,  13, -34, -61,-998,-161;
 -11,-245, -46,  -4,  12, -37, -56,-995,-164;
 -13,-241, -44, -11,  12, -35, -63,-990,-157;
 -14,-243, -40, -15,  11, -35, -63,-991,-159;
 -13,-242, -47, -19,  10, -35, -64,-994,-149;
 -12,-244, -41, -21,   8, -37, -71,-995,-154;
 -14,-241, -40, -23,   7, -36, -67,-991,-149;
 -17,-241, -40, -21,   8, -33, -67,-996,-160;
 -14,-242, -43, -19,   7, -31, -67,-989,-159;
 -13,-247, -46, -16,   8, -30, -75,-999,-154;
 -17,-240, -42, -13,  11, -31, -73,-996,-149;
 -13,-243, -44,  -8,  13, -31, -69,-996,-154;
 -14,-243, -43,  -4,  16, -30, -69,-995,-158;
 -13,-246, -42,   1,  18, -29, -71,-1000,-152;
 -14,-246, -42,   5,  20, -29, -67,-999,-156;
 -13,-244, -48,   7,  22, -28, -66,-994,-161;
 -10,-245, -45,  10,  24, -29, -64,-996,-161;
 -15,-241, -40,   8,  26, -28, -62,-993,-165;
 -11,-244, -46,   2,  26, -29, -63,-989,-161;
 -10,-237, -48,  -4,  25, -30, -65,-994,-165;
 -12,-241, -50, -11,  24, -31, -60,-986,-161;
  -9,-243, -45, -18,  23, -33, -54,-988,-161;
 -14,-243, -43, -22,  22, -36, -63,-990,-158;
 -12,-240, -45, -26,  17, -38, -57,-990,-163;
 -11,-242, -44, -32,  15, -43, -61,-992,-163;
 -14,-242, -43, -38,  15, -43, -59,-988,-165;
 -12,-242, -42, -45,  15, -44, -64,-992,-164;
 -13,-242, -46, -53,  15, -44, -62,-990,-164;
 -15,-239, -48, -60,  16, -45, -65,-986,-161;
 -17,-239, -43, -68,  15, -45, -65,-988,-158;
 -13,-240, -44, -77,  15, -44, -66,-982,-162;
  -5,-232, -57, -86,  15, -43, -67,-981,-159;
 -16,-239, -42, -94,  13, -43, -64,-982,-157;
 -11,-242, -41,-100,  11, -44, -69,-986,-156;
 -13,-238, -42,-106,   8, -48, -71,-985,-157;
 -13,-242, -42,-108,   7, -51, -70,-990,-157;
 -15,-242, -46,-106,   6, -53, -66,-986,-158;
 -11,-245, -45,-103,   4, -56, -66,-997,-165;
 -13,-240, -44, -97,   4, -56, -63,-996,-161;
 -13,-246, -45, -92,   4, -55, -65,-992,-166;
 -14,-241, -42, -84,   3, -55, -62,-991,-168;
 -13,-244, -50, -80,   4, -56, -68,-991,-170;
 -12,-244, -49, -79,   3, -54, -68,-990,-175;
 -14,-242, -53, -80,   4, -58, -64,-992,-174;
 -13,-242, -43, -82,   5, -60, -61,-995,-182;
 -13,-242, -48, -85,   4, -62, -64,-995,-174;
 -11,-238, -48, -88,   6, -63, -65,-991,-181;
 -15,-241, -50, -90,   9, -63, -61,-988,-188;
 -14,-241, -49, -91,  12, -63, -65,-988,-185;
 -12,-240, -51, -95,  14, -61, -65,-988,-182;
 -15,-238, -49, -98,  16, -60, -68,-989,-189;
 -16,-238, -49,-102,  19, -57, -60,-983,-181;
 -13,-240, -50,-108,  21, -54, -63,-977,-186;
 -11,-239, -46,-117,  21, -53, -60,-981,-188;
 -10,-238, -46,-125,  20, -52, -64,-981,-183;
 -13,-236, -49,-133,  18, -51, -57,-976,-182;
 -12,-237, -50,-141,  18, -51, -64,-976,-181;
 -13,-235, -48,-145,  15, -52, -57,-977,-180;
 -12,-241, -51,-148,  14, -50, -53,-983,-183;
  -9,-237, -54,-148,  11, -50, -55,-980,-184;
  -9,-238, -50,-147,  10, -46, -53,-981,-189;
 -11,-239, -48,-147,   7, -49, -51,-981,-198;
 -13,-240, -49,-148,   3, -51, -52,-983,-194;
  -5,-240, -52,-152,  -2, -53, -49,-981,-193;
  -6,-241, -54,-158,  -5, -57, -47,-985,-205;
  -9,-240, -54,-168,  -6, -61, -49,-978,-201;
  -5,-240, -55,-176,  -6, -64, -48,-981,-197;
 -10,-241, -56,-183,  -6, -66, -45,-979,-206;
  -8,-239, -53,-190,  -4, -68, -44,-981,-205;
 -10,-237, -53,-197,   1, -69, -43,-978,-206;
  -8,-236, -57,-201,   3, -67, -42,-973,-209;
  -8,-237, -56,-206,   7, -68, -43,-974,-209;
 -10,-234, -55,-210,  10, -69, -47,-967,-209;
  -9,-235, -54,-218,  14, -69, -44,-967,-206;
  -8,-237, -58,-230,  15, -70, -46,-964,-202;
  -8,-233, -53,-245,  16, -73, -50,-966,-199;
  -8,-235, -53,-259,  16, -77, -44,-971,-196;
  -6,-238, -55,-271,  15, -80, -47,-966,-196;
 -10,-234, -56,-280,  17, -81, -46,-966,-198;
  -6,-233, -53,-286,  13, -84, -46,-970,-207;
  -5,-235, -55,-288,  14, -81, -37,-960,-215;
  -8,-234, -56,-286,  12, -78, -43,-958,-215;
  -9,-232, -58,-285,   9, -73, -36,-957,-226;
   0,-238, -62,-282,   5, -73, -27,-964,-232;
  -3,-238, -64,-279,   1, -70, -31,-970,-235;
  -7,-242, -63,-275,   0, -68, -23,-983,-240;
  -3,-240, -63,-266,  -1, -68, -24,-990,-240;
  -7,-239, -65,-261,  -2, -67, -25,-998,-260;
  -2,-243, -70,-256,  -5, -67, -34,-990,-269;
  -7,-242, -68,-257,  -6, -64, -33,-989,-274;
  -3,-238, -74,-266, -10, -64, -32,-975,-285;
  -5,-234, -73,-287, -14, -69, -32,-965,-283;
  -8,-233, -69,-314, -19, -74, -35,-959,-283;
  -9,-234, -74,-341, -24, -81, -40,-952,-278;
  -7,-237, -69,-365, -26, -88, -38,-952,-272;
  -8,-233, -70,-382, -24, -93, -35,-951,-267;
  -7,-235, -69,-398, -19, -95, -43,-950,-266;
  -7,-232, -69,-411, -12, -98, -41,-948,-261;
  -7,-227, -69,-426,  -6, -99, -35,-946,-263;
  -6,-228, -62,-448,   1,-102, -37,-943,-266;
  -4,-228, -67,-475,  11,-107, -35,-942,-261;
  -3,-228, -68,-503,  19,-113, -34,-942,-260;
  -7,-227, -60,-534,  30,-120, -35,-944,-259;
  -7,-227, -68,-571,  40,-129, -36,-942,-254;
  -7,-224, -65,-599,  46,-136, -44,-937,-248;
  -6,-225, -64,-631,  53,-143, -42,-926,-243;
  -3,-222, -66,-666,  58,-147, -42,-924,-240;
  -9,-224, -61,-696,  67,-151, -40,-919,-231;
  -4,-223, -60,-719,  76,-155, -44,-915,-225;
  -7,-216, -61,-738,  84,-157, -43,-911,-218;
  -9,-221, -55,-755,  91,-158, -42,-908,-202;
  -9,-221, -50,-768,  93,-157, -43,-908,-195;
  -9,-222, -57,-776,  93,-152, -39,-913,-203;
  -6,-221, -55,-779,  91,-149, -35,-924,-212;
  -3,-226, -58,-775,  87,-147, -31,-923,-220;
  -4,-227, -62,-766,  82,-142, -25,-930,-232;
  -2,-229, -63,-759,  76,-135, -27,-939,-245;
  -4,-226, -66,-754,  73,-126, -25,-940,-248;
  -1,-228, -67,-752,  65,-116, -27,-933,-248;
  -3,-228, -65,-748,  59,-103, -29,-933,-255;
  -2,-226, -67,-742,  48, -88, -29,-928,-268;
  -4,-224, -69,-726,  34, -71, -28,-917,-278;
  -4,-222, -72,-712,  22, -56, -26,-927,-282;
   0,-225, -69,-700,   3, -46, -20,-933,-282;
  -1,-228, -73,-698, -19, -40, -19,-940,-280;
  -3,-231, -75,-710, -42, -46, -23,-959,-299;
  -5,-234, -84,-735, -58, -53, -21,-970,-327;
   0,-241, -90,-763, -68, -62,  -7,-996,-352;
   0,-249, -96,-796, -73, -74, -10,-1015,-381;
   1,-251,-102,-836, -74, -92,  -4,-1030,-404;
   0,-249,-112,-889, -66,-113,  -2,-1030,-440;
   0,-246,-117,-951, -46,-135,   5,-1012,-458;
   7,-239,-116,-1011, -12,-157,   9,-998,-463;
   2,-235,-119,-1074,  25,-182,   5,-980,-472;
  -3,-233,-121,-1153,  59,-210, -21,-965,-473;
 -10,-230,-124,-1246,  84,-242, -32,-961,-489;
  -8,-227,-126,-1344, 101,-273, -50,-944,-503;
 -18,-224,-124,-1436, 109,-303, -71,-939,-510;
 -19,-224,-129,-1513, 103,-325, -81,-934,-501;
 -24,-226,-128,-1576,  86,-341, -80,-937,-496;
 -21,-226,-117,-1631,  55,-344, -89,-940,-493;
 -19,-227,-127,-1692,   9,-339, -87,-947,-508;
 -19,-226,-139,-1762, -45,-329, -84,-947,-554;
 -19,-232,-158,-1838, -96,-315, -65,-964,-637;
 -13,-234,-183,-1919,-138,-293, -56,-977,-700;
 -10,-243,-193,-2002,-163,-263, -31,-996,-772;
  -7,-253,-203,-2084,-180,-206, -20,-1046,-841;
  -1,-269,-225,-2161,-190,-135,  -1,-1109,-898;
   1,-290,-241,-2222,-201, -61,  14,-1194,-941;
   2,-322,-246,-2270,-219,   4,  25,-1305,-998;
   6,-344,-258,-2304,-247,  53,  37,-1395,-1049;
   2,-363,-264,-2310,-274,  79,  43,-1478,-1085;
   8,-386,-273,-2270,-282,  92,  59,-1541,-1113;
  20,-399,-275,-2176,-272,  99,  74,-1595,-1115;
  25,-405,-268,-2018,-255, 106, 103,-1613,-1102;
  28,-410,-267,-1788,-239, 105, 132,-1630,-1093;
  32,-404,-265,-1493,-229,  88, 141,-1609,-1093;
  31,-398,-262,-1150,-215,  72, 139,-1576,-1067;
  29,-385,-251,-784,-187,  56, 126,-1523,-1040;
  26,-363,-244,-424,-154,  22, 110,-1444,-1004;
  28,-337,-245, -79,-110, -11, 116,-1352,-961;
  23,-312,-235, 236, -64, -40,  92,-1229,-943;
  21,-281,-225, 510, -10, -55,  79,-1119,-909;
  19,-246,-219, 725,  22, -64,  72,-995,-892;
  19,-206,-216, 866,  38, -70,  75,-867,-882;
  16,-174,-220, 924,  49, -79,  69,-728,-882;
  13,-152,-210, 896,  67, -92,  52,-628,-859;
  11,-129,-209, 787,  80,-101,  35,-555,-844;
   7,-117,-201, 606,  90,-106,  29,-500,-826;
   1,-112,-195, 374, 102,-100,   4,-482,-794;
  -1,-119,-194, 113, 119, -86,  -7,-506,-775;
  -2,-124,-186,-153, 136, -70, -19,-526,-750;
  -2,-136,-177,-393, 150, -42, -16,-580,-730;
  -1,-153,-181,-584, 159, -10, -17,-621,-725;
  -3,-160,-176,-706, 164,  22, -12,-666,-709;
  -3,-170,-176,-760, 159,  45,  -7,-700,-704;
   1,-180,-176,-752, 145,  65,   4,-722,-705;
   2,-183,-173,-700, 127,  79,  11,-739,-707;
   5,-186,-176,-619, 109,  90,  17,-745,-703;
   8,-191,-176,-527,  94,  92,  32,-759,-707;
  10,-191,-174,-438,  82,  84,  37,-765,-711;
  13,-191,-176,-361,  76,  74,  44,-766,-713;
  15,-191,-173,-306,  77,  64,  49,-776,-704;
   8,-188,-180,-277,  78,  55,  52,-774,-711;
  15,-188,-178,-265,  91,  49,  57,-782,-706;
  16,-192,-169,-269, 100,  31,  57,-780,-697;
  11,-191,-170,-281, 103,  11,  38,-784,-686;
  10,-189,-174,-294, 104,   2,  49,-780,-670;
  10,-189,-165,-304, 112,  -1,  40,-774,-662;
  11,-188,-159,-304, 118,   4,  42,-775,-656;
  14,-189,-163,-294, 128,   8,  46,-771,-649;
  11,-189,-161,-277, 138,  10,  39,-761,-644;
   5,-183,-161,-253, 148,  17,  22,-734,-635;
   9,-182,-159,-223, 163,  35,  25,-719,-639;
  10,-173,-155,-193, 178,  54,  30,-710,-636;
   4,-163,-153,-167, 195,  66,  21,-673,-624;
   5,-162,-152,-141, 209,  88,  16,-657,-610;
   0,-161,-150,-122, 225, 106,   4,-655,-594;
   4,-157,-146,-117, 240, 112,   3,-641,-584;
  -5,-147,-139,-127, 251, 112,  -8,-625,-567;
   4,-146,-134,-142, 257, 125,  -1,-607,-564;
   2,-141,-139,-159, 259, 142,   1,-584,-550;
   0,-132,-135,-176, 267, 158, -10,-560,-533;
   0,-130,-130,-182, 282, 184, -16,-533,-522;
   1,-129,-127,-182, 294, 211, -10,-519,-506;
   2,-126,-127,-174, 298, 224,  -7,-521,-495;
  -7,-117,-130,-167, 303, 227, -38,-485,-487;
  -3,-113,-118,-159, 308, 234, -24,-468,-473;
  -4,-109,-109,-147, 301, 238, -34,-447,-455;
  -2,-102,-105,-129, 285, 242, -26,-422,-442;
  -7, -96,-109,-110, 269, 248, -33,-393,-434;
 -13, -93,-106, -86, 260, 259, -45,-378,-423;
  -2, -85,-102, -61, 249, 276, -28,-350,-412;
  -2, -83, -97, -37, 237, 283, -24,-342,-406;
  -4, -75, -98, -19, 224, 274, -30,-328,-396;
  -2, -74,-101,  -7, 214, 256, -32,-305,-391;
  -2, -72, -97,   0, 207, 246, -39,-286,-385;
  -4, -63,-100,   3, 195, 224, -32,-263,-390;
  -1, -59, -99,   3, 177, 201, -30,-246,-389;
  -3, -54, -96,   1, 158, 183, -34,-231,-397;
   1, -56,-106,  -3, 145, 169, -24,-224,-392;
   0, -50, -99,  -8, 139, 156, -24,-207,-411;
   2, -50,-103, -14, 139, 139, -17,-205,-420;
   1, -47,-108, -23, 136, 122,  -8,-201,-430;
   0, -48,-116, -33, 141, 105,  -1,-203,-450;
   7, -53,-118, -42, 151,  93,  -1,-208,-454;
   5, -55,-117, -48, 158,  83,   8,-213,-460;
   7, -56,-115, -48, 159,  71,   6,-221,-471;
   4, -56,-121, -42, 157,  56,   4,-223,-477;
   2, -55,-127, -28, 154,  37,  11,-225,-488;
   3, -55,-123,  -7, 149,  17,   7,-222,-498;
   4, -54,-127,  18, 143,  -3,  10,-227,-519;
   6, -56,-130,  45, 132, -22,  12,-222,-516;
   3, -57,-136,  70, 121, -41,   7,-212,-537;
   0, -52,-138,  89, 109, -62,  -1,-216,-548;
   1, -53,-137,  98,  94, -80,  -2,-219,-571;
   4, -53,-142,  94,  70,-103, -10,-225,-583;
  -2, -58,-149,  80,  44,-124, -15,-245,-592;
  -3, -63,-152,  60,  17,-146, -19,-261,-608;
  -6, -69,-150,  33,  -9,-168, -24,-287,-614;
  -1, -74,-151,   3, -39,-190, -29,-311,-616;
  -1, -82,-158, -25, -70,-214, -23,-339,-631;
  -2, -87,-168, -51, -96,-236, -23,-361,-655;
  -1, -97,-170, -70,-117,-255, -16,-393,-675;
   1,-104,-172, -83,-133,-265,  -3,-426,-693;
   1,-109,-177, -88,-141,-267,   4,-455,-708;
   2,-117,-182, -86,-141,-259,  15,-480,-721;
   8,-126,-182, -78,-128,-245,  20,-509,-728;
   7,-136,-183, -66,-112,-222,  20,-538,-725;
   5,-141,-177, -50, -99,-197,  24,-570,-720;
   4,-146,-179, -34, -90,-167,  20,-585,-728;
   7,-147,-184, -23, -83,-140,  30,-616,-716;
  12,-150,-177,  -9, -81,-116,  44,-618,-721;
  16,-153,-176,  12, -82, -99,  58,-622,-723;
  17,-154,-182,  38, -88, -83,  75,-615,-728;
  23,-149,-181,  66, -88, -72,  74,-611,-724;
  22,-146,-181,  95, -80, -60,  80,-600,-724;
  23,-143,-176, 124, -66, -54,  76,-586,-717;
  21,-143,-175, 148, -50, -56,  77,-586,-710;
  24,-138,-180, 167, -34, -65,  65,-574,-705;
  16,-138,-176, 181, -21, -76,  62,-562,-699;
  15,-134,-175, 185, -16, -87,  56,-561,-708;
  18,-131,-176, 181, -16,-101,  60,-545,-710;
  15,-128,-176, 169, -25,-115,  57,-532,-726;
  12,-129,-181, 149, -35,-122,  59,-529,-736;
  21,-130,-186, 120, -39,-128,  68,-533,-742;
  19,-136,-191,  84, -37,-132,  67,-559,-757;
  16,-144,-191,  43, -27,-135,  57,-578,-761;
  17,-151,-190,   8, -15,-129,  63,-608,-769;
  13,-157,-192, -17,  -1,-129,  55,-640,-768;
  11,-160,-190, -24,  10,-134,  60,-659,-757;
  18,-167,-188, -13,  15,-136,  59,-671,-759;
  16,-166,-186,  14,  12,-143,  63,-675,-756;
  14,-163,-190,  55,   3,-155,  61,-676,-758;
  15,-169,-186, 100, -11,-173,  59,-681,-758;
  15,-165,-190, 149, -27,-194,  59,-673,-764;
  16,-167,-188, 199, -37,-208,  72,-673,-778;
  19,-165,-196, 245, -41,-221,  74,-676,-804;
  20,-168,-208, 279, -39,-221,  71,-682,-836;
  18,-166,-210, 295, -29,-202,  58,-693,-855;
  13,-173,-207, 297, -17,-179,  48,-709,-853;
   7,-178,-209, 279,  -2,-148,  29,-721,-843;
  11,-181,-206, 255,   8,-110,  26,-740,-838;
  10,-188,-205, 223,  12, -73,  36,-763,-832;
   6,-191,-210, 187,  16, -42,  19,-778,-828;
   4,-199,-205, 164,  21, -11,  21,-806,-828;
   9,-203,-196, 169,  22,  13,  26,-821,-823;
   4,-200,-201, 214,  14,  36,  15,-811,-825;
   3,-201,-208, 283,  -3,  58,  19,-827,-837;
   1,-203,-212, 358, -15,  70,  15,-816,-831;
   5,-203,-200, 430, -21,  72,  21,-817,-835;
   1,-199,-204, 492, -38,  62,  15,-810,-832;
   2,-195,-204, 542, -55,  60,  24,-805,-832;
   0,-195,-209, 579, -69,  52,  21,-801,-834;
   7,-190,-202, 603, -63,  44,  22,-780,-835;
   5,-191,-203, 618, -61,  42,  15,-770,-829;
   7,-187,-204, 626, -55,  51,  21,-764,-825;
  14,-189,-201, 638, -41,  64,  53,-777,-811;
   6,-189,-191, 653, -23,  67,  30,-771,-782;
  16,-202,-191, 682,  -8,  78,  54,-819,-768;
   9,-213,-193, 721,   7,  78,  37,-868,-746;
   7,-232,-176, 778,  21,  87,  39,-937,-716;
   8,-273,-164, 863,  19,  96,  43,-1087,-661;
   3,-320,-154, 984,  10,  87,  26,-1265,-616;
  -1,-369,-144,1147,   7,  99,  14,-1502,-579;
  -3,-433,-152,1356,  -7, 111,   0,-1724,-598;
  -4,-473,-164,1608, -22, 123,   7,-1892,-656;
 -14,-484,-209,1908, -56, 196,  -5,-1943,-808;
  -3,-457,-272,2197, -83, 300,  14,-1852,-1036;
  11,-409,-323,2401,-148, 386,  47,-1644,-1316;
  -4,-324,-389,2474,-246, 388,  13,-1336,-1551;
   9,-259,-418,2434,-338, 368,  72,-1098,-1663;
   3,-225,-373,2268,-374, 284,  28,-961,-1583;
  13,-278,-320,2030,-356, 245,  45,-1057,-1375;
  -5,-265,-263,1777,-318, 179, -24,-1055,-1124;
 -35,-249,-237,1643,-337, 162,-165,-987,-932;
 -15,-256,-223,1609,-361, 157, -55,-1039,-870;
 -19,-238,-189,1606,-339, 115, -83,-962,-780;
  -2,-227,-179,1639,-328, 107, -22,-923,-765;
  -2,-218,-195,1676,-301, 108,  -8,-888,-751;
   0,-206,-189,1678,-262, 104,  23,-833,-719;
  14,-193,-171,1645,-219, 104,  40,-809,-687;
  22,-179,-150,1574,-188, 106,  71,-751,-647;
  31,-166,-146,1470,-179, 104,  95,-706,-612;
  23,-160,-146,1332,-181,  98, 111,-664,-557;
  31,-155,-132,1176,-172,  91, 118,-650,-510;
  34,-160,-110,1011,-157,  77, 101,-682,-455;
  27,-177, -93, 854,-148,  58,  80,-727,-407;
  20,-195, -91, 716,-134,  40,  64,-795,-363;
  12,-206, -95, 605,-105,  15,  40,-869,-345;
  11,-225, -83, 519, -69,  -9,  20,-928,-329;
   5,-236, -77, 456, -38, -31,  11,-957,-338;
   2,-239, -86, 412, -22, -48,  -6,-975,-350;
  -2,-236, -97, 379,  -7, -63, -20,-977,-363;
  -1,-233, -92, 348,  14, -78, -19,-962,-369;
  -5,-232, -90, 316,  38, -91, -32,-944,-379;
  -6,-224, -86, 285,  51, -98, -39,-927,-368;
  -7,-223, -91, 250,  58,-104, -51,-918,-352;
  -9,-221, -88, 214,  65,-108, -49,-909,-325;
  -9,-220, -68, 184,  74,-107, -56,-911,-285;
 -10,-220, -63, 161,  74,-101, -62,-923,-249;
 -13,-229, -54, 151,  65, -89, -61,-930,-218;
 -15,-232, -56, 155,  55, -76, -59,-948,-196;
 -12,-238, -49, 172,  54, -57, -57,-966,-176;
 -13,-241, -41, 210,  52, -36, -57,-994,-161;
  -7,-253, -43, 269,  39, -13, -52,-1018,-155;
 -11,-258, -51, 349,  21,  13, -54,-1059,-157;
 -11,-266, -52, 439,   6,  39, -44,-1083,-173;
  -6,-274, -51, 535,  -8,  61, -38,-1108,-193;
  -5,-275, -51, 633, -30,  78, -38,-1123,-214;
  -9,-276, -62, 730, -50,  99, -43,-1129,-230;
 -10,-280, -70, 822, -66, 118, -39,-1135,-251;
  -6,-277, -74, 911, -70, 132, -47,-1137,-276;
 -10,-275, -73, 989, -74, 146, -46,-1123,-296;
 -13,-273, -74,1061, -80, 156, -48,-1110,-305;
  -8,-266, -83,1122, -81, 161, -46,-1083,-317;
  -9,-257, -87,1171, -75, 164, -48,-1061,-324;
  -8,-252, -84,1204, -67, 163, -40,-1035,-327;
  -6,-242, -76,1220, -60, 155, -40,-1002,-327;
  -8,-238, -84,1223, -53, 148, -34,-973,-323;
  -5,-229, -87,1210, -41, 137, -29,-936,-320;
  -3,-224, -80,1183, -20, 122, -29,-919,-298;
  -3,-214, -75,1150,   1, 110, -30,-893,-296;
  -2,-208, -68,1111,  16, 100, -29,-864,-286;
  -6,-203, -78,1072,  30,  89, -23,-852,-281;
   0,-204, -76,1030,  46,  82, -25,-841,-279;
  -3,-203, -70, 985,  65,  76, -26,-840,-276;
   0,-201, -69, 941,  77,  73, -19,-838,-275;
  -1,-205, -69, 896,  82,  73, -21,-845,-268;
  -1,-208, -74, 853,  87,  74, -24,-857,-269;
  -5,-209, -68, 811,  96,  75, -23,-871,-276;
   0,-217, -68, 771, 100,  79, -24,-896,-285;
  -1,-219, -72, 734,  95,  82, -20,-913,-286;
  -7,-224, -79, 705,  88,  84, -28,-931,-292;
  -9,-228, -79, 682,  83,  85, -40,-935,-296;
  -7,-231, -75, 664,  79,  85, -44,-947,-304;
 -11,-231, -74, 649,  70,  84, -47,-954,-311;
 -10,-231, -79, 636,  59,  79, -49,-960,-316;
 -11,-241,-100, 628,  47,  75, -57,-956,-318;
 -15,-232, -83, 619,  42,  70, -67,-955,-320;
 -15,-232, -80, 613,  35,  61, -66,-951,-314;
 -16,-228, -77, 605,  24,  51, -78,-947,-314;
 -17,-229, -78, 598,  13,  43, -84,-937,-305;
 -23,-223, -77, 586,   4,  34, -88,-927,-315;
 -18,-223, -75, 571,  -3,  28, -86,-921,-303;
 -19,-218, -72, 552, -10,  19, -81,-915,-305;
 -17,-215, -75, 527, -19,  11, -90,-900,-302;
 -20,-218, -77, 502, -26,   1, -75,-897,-299;
 -19,-217, -80, 473, -31,  -9, -79,-906,-287;
 -15,-217, -70, 440, -33, -19, -78,-908,-283;
 -17,-222, -68, 410, -39, -28, -75,-909,-273;
 -14,-221, -72, 382, -45, -35, -69,-913,-275;
 -14,-223, -74, 354, -45, -42, -62,-918,-273;
 -14,-225, -65, 332, -40, -47, -67,-926,-272;
 -10,-227, -66, 313, -35, -50, -56,-932,-272;
 -12,-227, -68, 298, -33, -52, -61,-938,-266;
  -9,-234, -68, 285, -27, -52, -52,-945,-261;
 -11,-229, -68, 274, -18, -49, -47,-955,-247;
  -6,-236, -62, 266,  -8, -43, -43,-958,-252;
  -6,-237, -64, 257,  -2, -38, -43,-965,-243;
  -7,-238, -62, 252,   6, -33, -36,-980,-238;
  -4,-239, -62, 246,  17, -26, -40,-986,-233;
  -5,-244, -56, 246,  25, -17, -38,-995,-219;
  -2,-248, -58, 249,  30, -11, -31,-1002,-218;
  -2,-247, -60, 255,  34,  -7, -25,-1010,-219;
  -3,-251, -58, 263,  35,  -3, -29,-1013,-210;
  -5,-248, -58, 275,  37,   0, -28,-1020,-208;
  -6,-250, -53, 288,  36,   1, -31,-1021,-208;
  -4,-248, -58, 302,  33,   3, -25,-1016,-205;
  -5,-246, -52, 313,  29,   4, -27,-1011,-199;
  -6,-244, -58, 324,  23,   2, -28,-1005,-203;
  -5,-245, -56, 334,  15,   0, -35,-996,-204;
  -7,-242, -52, 339,   6,  -3, -29,-992,-206;
  -4,-240, -55, 341,  -4,  -6, -34,-985,-198;
  -4,-240, -54, 340, -14,  -8, -34,-976,-198;
  -4,-239, -49, 333, -19, -11, -35,-974,-191;
  -4,-237, -47, 325, -27, -13, -38,-970,-185;
  -7,-234, -50, 311, -36, -12, -42,-964,-182;
 -11,-234, -48, 298, -41, -11, -42,-963,-183;
  -6,-236, -50, 285, -46, -11, -49,-969,-185;
  -6,-236, -43, 274, -51, -12, -45,-962,-170;
 -10,-233, -43, 262, -55, -11, -48,-969,-164;
 -10,-236, -45, 252, -61, -11, -51,-973,-157;
  -9,-238, -45, 242, -64, -10, -49,-976,-157;
  -8,-240, -44, 235, -65, -10, -50,-976,-166;
 -10,-242, -44, 229, -65,  -9, -44,-985,-161;
 -11,-240, -48, 224, -66,  -6, -46,-982,-164;
  -6,-238, -44, 219, -64,  -4, -42,-986,-158;
  -7,-241, -48, 216, -62,  -4, -47,-989,-165;
  -5,-241, -46, 212, -60,  -2, -39,-987,-166;
  -5,-242, -46, 212, -58,  -2, -39,-986,-165;
  -3,-241, -45, 211, -55,  -3, -25,-986,-166;
  -3,-243, -34, 211, -51,  -6, -30,-990,-162;
  -4,-241, -44, 209, -48,  -8, -28,-997,-165;
  -3,-242, -47, 207, -44, -12, -26,-994,-166;
  -2,-243, -49, 202, -42, -14, -20,-999,-168;
  -2,-242, -47, 198, -37, -18, -27,-1000,-167;
  -6,-243, -47, 193, -32, -21, -20,-999,-167;
  -1,-245, -42, 191, -27, -23, -24,-1005,-167;
   0,-248, -47, 190, -21, -27, -20,-1003,-165;
  -1,-242, -46, 190, -18, -29, -23,-1003,-166;
  -4,-247, -42, 191, -13, -32, -26,-999,-166;
  -4,-247, -45, 190,  -9, -33, -24,-999,-165;
   0,-242, -43, 188,  -8, -35, -25,-993,-167;
  -3,-239, -47, 184,  -5, -35, -25,-996,-165;
  -4,-242, -50, 179,  -3, -34, -25,-984,-168;
  -5,-237, -41, 172,  -1, -34, -27,-982,-163;
   0,-240, -47, 164,   1, -30, -32,-978,-163;
  -6,-239, -46, 155,   2, -27, -28,-984,-165;
  -6,-237, -44, 147,   4, -23, -28,-983,-161;
  -5,-237, -47, 140,   6, -19, -28,-983,-163;
  -6,-240, -41, 131,   9, -15, -31,-975,-156;
  -4,-238, -41, 125,   9, -11, -30,-981,-153;
  -5,-238, -45, 119,  11,  -7, -37,-985,-157;
  -6,-238, -42, 115,  13,  -5, -36,-991,-156;
 -11,-240, -42, 110,  14,  -2, -38,-987,-155;
  -1,-243, -45, 107,  14,  -1, -40,-991,-150;
  -7,-242, -40, 104,  15,  -3, -44,-990,-152;
  -9,-245, -45, 103,  15,  -1, -45,-991,-153;
  -6,-244, -43, 103,  16,  -3, -45,-990,-154;
  -8,-245, -42, 103,  18,  -7, -46,-993,-152;
  -9,-242, -40, 103,  18, -10, -52,-997,-161;
 -10,-242, -48, 105,  17, -11, -50,-994,-168;
 -11,-243, -45, 104,  20, -14, -49,-994,-165;
  -8,-247, -43, 104,  23, -17, -57,-990,-166;
  -8,-244, -44, 103,  25, -20, -57,-996,-166;
 -10,-240, -47, 102,  26, -20, -52,-990,-172;
  -9,-244, -45, 100,  30, -22, -50,-997,-168;
 -12,-244, -50,  99,  33, -22, -51,-997,-167;
 -10,-244, -47,  95,  34, -20, -49,-996,-165;
 -12,-241, -45,  91,  35, -19, -52,-1002,-174;
  -9,-242, -44,  86,  36, -17, -46,-1001,-165;
  -7,-241, -47,  80,  37, -17, -47,-998,-169;
  -8,-245, -44,  77,  37, -14, -46,-999,-159;
  -8,-244, -42,  73,  36, -13, -50,-1002,-161;
  -8,-244, -46,  70,  34, -11, -42,-1002,-166;
  -4,-245, -46,  69,  33,  -7, -43,-997,-158;
  -5,-244, -46,  69,  31,  -5, -41,-998,-165;
  -5,-244, -45,  70,  30,  -3, -44,-994,-165;
  -7,-244, -47,  71,  29,  -4, -41,-991,-158;
  -6,-243, -43,  70,  28,  -3, -39,-997,-159;
  -7,-244, -45,  70,  28,  -3, -44,-994,-156;
  -6,-243, -42,  70,  31,  -4, -45,-1000,-151;
  -8,-240, -43,  70,  34,  -5, -43,-994,-161;
  -6,-243, -42,  70,  37,  -6, -41,-995,-165;
 -11,-243, -46,  70,  41,  -5, -46,-987,-167;
 -10,-239, -46,  70,  44,  -7, -46,-988,-167;
  -9,-243, -48,  69,  48,  -7, -45,-987,-160;
  -8,-242, -45,  67,  50,  -6, -47,-989,-166;
 -10,-242, -47,  65,  49,  -5, -49,-993,-171;
 -12,-243, -46,  62,  48,  -5, -52,-991,-169;
  -9,-244, -46,  59,  45,  -6, -51,-991,-169;
 -12,-242, -46,  56,  43,  -6, -50,-996,-171;
 -12,-242, -47,  52,  39,  -5, -53,-1001,-167;
  -8,-248, -42,  49,  35,  -4, -54,-996,-166;
 -11,-244, -48,  45,  31,  -5, -50,-1005,-165;
  -7,-243, -47,  41,  26,  -4, -51,-1001,-163;
 -15,-241, -52,  39,  22,  -5, -51,-1001,-170;
 -10,-244, -46,  36,  19,  -4, -47,-1000,-162;
  -9,-244, -44,  36,  16,  -4, -54,-999,-162;
  -9,-246, -43,  37,  14,  -5, -51,-1005,-162;
 -10,-245, -43,  37,  12,  -8, -51,-1001,-165;
  -8,-244, -45,  39,  11,  -9, -50,-1000,-167;
  -8,-246, -44,  40,  10, -11, -50,-998,-166;
 -10,-246, -47,  41,   9, -12, -47,-999,-163;
  -9,-242, -46,  40,   9, -15, -45,-996,-168;
  -5,-244, -44,  40,   8, -16, -47,-996,-171;
  -6,-244, -48,  40,   6, -17, -44,-1003,-171;
  -5,-244, -45,  38,   5, -19, -36,-996,-176;
   0,-245, -51,  36,   5, -20, -34,-1006,-177;
  -5,-245, -51,  35,   5, -19, -27,-1001,-178;
  -3,-241, -48,  33,   7, -20, -29,-1000,-178;
  -1,-245, -49,  32,   7, -20, -27,-999,-181;
  -5,-244, -47,  33,   8, -21, -27,-995,-176;
   0,-242, -49,  31,   9, -19, -28,-993,-181;
  -2,-245, -47,  29,  10, -19, -27,-992,-171;
  -3,-244, -49,  25,  10, -17, -33,-995,-175;
  -2,-244, -48,  21,   9, -17, -29,-991,-174;
   0,-244, -48,  20,  11, -16, -31,-994,-176;
  -5,-242, -48,  16,  12, -13, -30,-994,-168;
  -2,-244, -48,  14,  12, -13, -30,-997,-174;
  -8,-242, -49,  15,  11, -11, -34,-1004,-167;
  -7,-243, -46,  17,  12, -10, -35,-1004,-172;
  -8,-243, -46,  20,  14,  -9, -37,-1004,-173;
  -5,-244, -47,  21,  15,  -6, -43,-1004,-171;
  -9,-246, -50,  24,  18,  -6, -39,-997,-172;
  -6,-245, -48,  26,  18,  -3, -41,-1003,-172;
  -7,-246, -48,  26,  20,  -3, -40,-1001,-174;
 -10,-244, -51,  26,  18,  -3, -37,-997,-180;
  -5,-243, -48,  27,  19,  -4, -44,-996,-171;
  -6,-246, -46,  26,  18,  -2, -39,-999,-182;
  -2,-245, -47,  24,  18,  -4, -37,-1005,-185;
  -5,-249, -47,  20,  18,  -2, -35,-1002,-168;
  -9,-245, -48,  17,  17,  -3, -43,-1002,-175;
  -2,-246, -47,  13,  19,  -4, -35,-1004,-172;
  -6,-246, -46,  10,  20,  -4, -36,-1001,-178;
  -8,-245, -48,   8,  20,  -1, -36,-1006,-173;
 -10,-243, -51,   7,  23,  -3, -37,-1005,-177;
  -7,-247, -45,   7,  25,  -3, -35,-1001,-176;
  -3,-244, -51,   7,  25,  -1, -40,-999,-176;
  -5,-247, -49,   8,  27,  -1, -37,-1009,-179;
  -7,-244, -48,  11,  28,  -1, -38,-1008,-173;
 -10,-244, -47,  12,  30,  -1, -38,-1001,-174;
  -7,-244, -46,  13,  30,   0, -41,-1000,-175;
  -8,-245, -49,  14,  30,  -1, -41,-997,-181;
  -9,-240, -48,  14,  30,   0, -40,-994,-175;
  -9,-241, -49,  13,  29,   1, -35,-995,-174;
  -7,-243, -50,  11,  28,  -1, -44,-1001,-175;
  -7,-244, -50,  11,  27,   0, -39,-1000,-174;
  -4,-246, -46,  10,  26,   0, -42,-998,-176;
  -4,-246, -48,   9,  27,   1, -38,-1001,-180;
  -8,-247, -42,   9,  26,   3, -38,-999,-179;
 -10,-243, -49,  11,  26,   5, -35,-1002,-175;
  -6,-246, -48,  12,  26,   6, -33,-1006,-184;
  -6,-245, -49,  15,  26,   4, -35,-1000,-186;
  -9,-244, -48,  18,  25,   6, -33,-1000,-180;
  -3,-245, -49,  18,  24,   4, -31,-997,-177;
  -4,-246, -49,  17,  26,   4, -32,-997,-183;
  -4,-243, -48,  17,  25,   5, -34,-992,-186;
  -1,-243, -47,  15,  25,   5, -32,-993,-184;
  -2,-246, -49,  11,  25,   6, -37,-995,-174;
  -4,-244, -48,   9,  24,   4, -36,-995,-184;
  -8,-241, -50,   6,  23,   3, -39,-996,-176;
  -5,-242, -50,   6,  24,   4, -40,-997,-182;
  -8,-242, -49,   6,  24,   4, -42,-995,-171;
  -6,-241, -47,   5,  24,   5, -41,-994,-182;
  -8,-245, -52,   8,  25,   5, -40,-995,-172;
  -8,-246, -49,   9,  25,   7, -42,-994,-181;
  -8,-246, -49,  10,  25,   5, -46,-998,-177;
  -7,-246, -49,  10,  25,   5, -40,-1000,-183;
  -9,-246, -49,  12,  24,   6, -44,-998,-179;
  -6,-245, -48,  12,  22,   6, -43,-997,-183;
  -9,-244, -51,  13,  19,   8, -44,-997,-182;
  -6,-244, -49,  14,  18,   7, -44,-994,-190;
  -6,-246, -50,  14,  17,   8, -47,-999,-179;
 -10,-242, -50,  13,  17,   7, -48,-1000,-184;
  -6,-242, -53,  11,  15,   8, -47,-994,-184;
 -10,-242, -49,  10,  14,   8, -50,-995,-192;
  -7,-243, -51,   8,  14,  11, -52,-993,-187;
  -9,-241, -49,   6,  14,  10, -46,-992,-188;
  -6,-244, -53,   3,  15,  12, -50,-997,-192;
 -10,-245, -47,   0,  15,  12, -48,-994,-191;
 -10,-244, -48,  -1,  16,  12, -48,-995,-184;
  -8,-244, -50,  -1,  18,  12, -51,-999,-183;
 -10,-242, -49,  -1,  20,  12, -50,-1000,-184;
  -9,-243, -48,   0,  22,  11, -51,-1004,-181;
 -12,-241, -47,   3,  22,  13, -49,-1008,-184;
 -10,-245, -50,   5,  25,  11, -50,-997,-182;
  -8,-242, -49,  10,  25,   9, -54,-1001,-191;
 -12,-240, -52,  13,  25,   9, -54,-1000,-186;
  -8,-242, -52,  15,  24,   8, -48,-1000,-198;
 -11,-240, -51,  18,  26,   6, -51,-993,-188;
  -8,-242, -53,  19,  25,   4, -48,-994,-186;
  -9,-242, -53,  20,  24,   4, -50,-994,-189;
  -9,-242, -52,  19,  25,   5, -46,-996,-188;
 -10,-244, -55,  16,  24,   5, -52,-994,-194;
 -12,-245, -51,  14,  24,   4, -53,-991,-195;
  -9,-244, -52,  13,  25,   4, -47,-998,-191;
  -9,-245, -52,  13,  26,   4, -47,-995,-202;
 -12,-243, -49,  13,  26,   6, -48,-994,-189;
 -10,-241, -49,  13,  26,   6, -51,-993,-190;
  -9,-242, -52,  12,  24,   7, -46,-995,-192;
  -9,-243, -51,  11,  23,   8, -52,-997,-185;
 -11,-241, -48,  10,  22,   8, -43,-992,-192;
  -9,-245, -51,   8,  22,   9, -50,-993,-184;
  -6,-243, -53,   6,  20,   8, -50,-994,-184;
  -5,-242, -53,   4,  21,   9, -46,-988,-194;
 -10,-242, -54,   2,  22,   9, -47,-992,-186;
  -8,-246, -52,   1,  22,   8, -49,-990,-193;
  -9,-240, -53,   3,  22,   8, -52,-995,-195;
 -10,-242, -50,   4,  21,   7, -47,-993,-198;
 -10,-242, -49,   6,  22,   7, -49,-992,-183;
  -9,-241, -51,   9,  23,   5, -44,-995,-197;
  -8,-244, -53,  11,  24,   5, -47,-993,-192;
  -9,-244, -55,  12,  25,   4, -44,-998,-192;
 -11,-242, -52,  15,  25,   3, -47,-994,-194;
 -13,-247, -46,  15,  26,   3, -49,-996,-195;
  -9,-246, -53,  15,  25,   1, -44,-1001,-195;
  -6,-243, -48,  15,  26,  -1, -47,-995,-199;
 -10,-244, -51,  15,  24,  -1, -52,-994,-198;
  -8,-245, -55,  16,  23,  -3, -51,-998,-196;
 -12,-243, -53,  15,  23,  -3, -49,-999,-198;
  -9,-244, -53,  16,  22,  -7, -49,-997,-198;
 -10,-245, -56,  16,  21,  -6, -55,-990,-205;
 -14,-244, -51,  14,  18,  -6, -55,-995,-204;
  -9,-245, -56,  13,  18,  -6, -55,-988,-209;
 -10,-243, -57,  12,  16,  -6, -54,-992,-204;
 -13,-242, -54,  11,  15,  -5, -55,-990,-197;
 -10,-242, -55,  12,  16,  -4, -60,-990,-205;
 -11,-242, -55,  11,  15,  -4, -56,-992,-199;
  -9,-244, -53,  11,  15,  -5, -53,-993,-201;
 -14,-241, -55,  11,  14,  -3, -52,-990,-200;
 -11,-238, -54,  11,  16,  -3, -52,-991,-202;
 -12,-242, -55,  12,  17,  -3, -57,-994,-205;
 -11,-243, -50,  13,  17,  -3, -53,-995,-203;
 -12,-243, -56,  13,  16,  -3, -59,-999,-203;
  -9,-242, -59,  14,  17,  -2, -52,-997,-205;
  -4,-246, -57,  13,  16,   0, -48,-996,-202;
  -7,-244, -56,  12,  17,   0, -51,-994,-203;
 -10,-244, -52,  12,  16,  -3, -49,-992,-204;
  -8,-241, -54,  11,  15,  -5, -48,-995,-200;
  -8,-241, -57,   8,  15,  -6, -55,-994,-198;
 -12,-241, -54,   7,  14,  -8, -51,-995,-200;
  -8,-240, -57,   6,  13,  -9, -53,-994,-204;
 -11,-240, -53,   5,  11, -11, -45,-990,-207;
  -7,-244, -52,   3,  10, -12, -50,-994,-202;
  -9,-241, -54,   3,  10, -14, -46,-993,-204;
 -14,-241, -51,   4,   9, -12, -52,-991,-201;
 -12,-242, -57,   5,   9, -15, -53,-989,-204;
  -4,-243, -57,   6,   9, -15, -53,-992,-207;
  -9,-240, -57,   6,   9, -17, -53,-990,-205;
 -11,-240, -53,   6,  11, -16, -50,-997,-204;
  -9,-242, -54,   9,  12, -18, -50,-989,-207;
  -7,-241, -58,  10,  14, -16, -50,-995,-210;
 -11,-240, -52,  12,  14, -15, -51,-995,-212;
 -10,-241, -53,  12,  15, -16, -51,-997,-210;
 -11,-245, -58,  13,  15, -13, -54,-995,-207;
  -7,-246, -58,  14,  14, -13, -49,-993,-208;
  -9,-243, -56,  15,  13, -12, -49,-994,-209;
  -9,-244, -57,  16,  11, -12, -51,-993,-206;
 -11,-246, -55,  17,  10, -11, -53,-992,-204;
 -12,-241, -53,  17,   9, -10, -53,-991,-206;
 -12,-243, -54,  18,   8,  -9, -46,-995,-207;
 -11,-242, -56,  18,   6,  -9, -49,-993,-207;
 -12,-239, -53,  19,   4,  -9, -49,-991,-205;
  -7,-244, -55,  19,   6, -10, -52,-990,-204;
  -7,-243, -56,  18,   5,  -7, -51,-990,-211;
  -9,-244, -55,  18,   4,  -8, -54,-994,-203;
 -11,-243, -56,  19,   5,  -8, -50,-989,-208;
  -7,-242, -55,  18,   5,  -8, -49,-992,-208;
  -7,-242, -59,  16,   7,  -9, -46,-991,-209;
 -10,-239, -54,  16,   8,  -8, -50,-989,-213;
  -8,-244, -53,  13,  11,  -8, -49,-989,-211;
 -12,-243, -53,   9,  11, -10, -51,-990,-213;
  -8,-246, -54,   9,  12, -12, -50,-989,-213;
  -9,-240, -58,   6,  13, -10, -49,-991,-208;
  -9,-245, -57,   5,  13, -11, -51,-985,-210;
  -8,-243, -57,   4,  15, -10, -48,-997,-202;
 -10,-242, -54,   5,  14, -10, -49,-990,-212;
  -6,-241, -58,   4,  14, -12, -45,-994,-210;
 -12,-241, -54,   5,  13, -11, -45,-987,-215;
  -7,-239, -60,   5,  13, -11, -45,-992,-216;
  -8,-243, -59,   7,  11, -11, -44,-990,-209;
 -10,-241, -57,   8,  12, -10, -49,-993,-214;
 -13,-240, -57,  11,  11, -11, -44,-990,-210;
 -10,-242, -61,  14,  10, -11, -48,-993,-212;
 -12,-244, -58,  18,  11, -12, -47,-994,-214;
  -9,-243, -64,  21,  10, -12, -47,-995,-218;
  -8,-242, -59,  24,  11, -12, -49,-993,-216;
  -9,-240, -57,  27,  12, -12, -49,-990,-220;
  -8,-241, -58,  28,  12, -14, -52,-995,-216;
 -10,-241, -59,  30,  14, -13, -48,-988,-215;
  -8,-242, -59,  31,  15, -12, -47,-990,-219;
  -8,-242, -60,  33,  18, -11, -51,-990,-217;
  -7,-241, -59,  32,  19, -11, -51,-990,-219;
 -11,-242, -57,  32,  19, -10, -50,-988,-216;
 -12,-241, -55,  32,  19, -10, -51,-992,-223;
 -10,-243, -59,  31,  20, -10, -51,-990,-217;
 -10,-242, -56,  31,  20, -11, -52,-993,-218;
 -13,-245, -56,  30,  18, -12, -56,-989,-217;
 -12,-241, -61,  31,  17, -13, -52,-993,-218;
  -6,-243, -61,  33,  18, -13, -53,-991,-223;
 -10,-245, -57,  36,  17, -12, -47,-997,-228;
 -11,-243, -59,  38,  16, -13, -48,-994,-226;
  -8,-242, -59,  43,  16, -13, -43,-992,-227;
 -10,-241, -60,  46,  16, -12, -49,-990,-225;
  -8,-241, -58,  49,  14, -13, -46,-988,-226;
  -9,-242, -57,  50,  15, -12, -51,-991,-225;
 -11,-241, -60,  50,  15, -11, -46,-988,-225;
  -9,-241, -59,  50,  15, -11, -48,-989,-218;
 -10,-242, -62,  49,  15, -14, -53,-991,-228;
  -8,-241, -55,  49,  17, -13, -49,-995,-227;
 -13,-240, -61,  48,  16, -13, -50,-992,-228;
 -11,-242, -64,  47,  16, -14, -47,-994,-228;
 -10,-241, -59,  46,  17, -14, -47,-993,-228;
  -8,-244, -55,  45,  16, -15, -51,-989,-226;
 -11,-243, -57,  45,  15, -16, -48,-992,-231;
 -11,-241, -58,  44,  15, -14, -50,-990,-228;
  -5,-243, -57,  45,  14, -13, -50,-990,-229;
  -8,-244, -57,  46,  13, -14, -48,-990,-224;
  -8,-240, -61,  46,  12, -12, -45,-989,-229;
 -11,-243, -60,  46,  10, -13, -43,-986,-228;
  -6,-243, -59,  47,  11, -12, -44,-990,-226;
  -6,-241, -58,  48,  11, -12, -44,-989,-223;
 -10,-244, -59,  49,  11, -11, -47,-987,-226;
  -8,-227, -57,  50,  12, -13, -52,-984,-220;
  -9,-244, -62,  50,  12, -13, -48,-987,-226;
  -9,-243, -59,  50,  12, -11, -47,-990,-218;
 -10,-242, -54,  51,  12, -10, -49,-995,-218;
 -11,-241, -55,  51,  12,  -9, -49,-990,-215;
  -9,-240, -55,  53,  11, -10, -50,-990,-214;
 -11,-240, -56,  55,  13,  -9, -51,-991,-212;
  -9,-242, -57,  57,  12,  -8, -51,-990,-212;
 -12,-243, -56,  60,  12,  -9, -49,-992,-214;
 -10,-242, -57,  61,  11,  -7, -50,-990,-215;
 -10,-242, -54,  62,  10,  -7, -51,-991,-210;
 -10,-243, -58,  61,   8,  -8, -44,-998,-210;
 -10,-241, -58,  61,   6,  -9, -52,-996,-212;
  -9,-240, -62,  59,   4,  -8, -42,-989,-211;
  -8,-242, -56,  57,   3, -10, -44,-990,-213;
  -9,-243, -54,  58,   3, -12, -41,-993,-213;
  -9,-244, -62,  57,   1, -13, -51,-999,-207;
 -10,-242, -56,  57,   2, -13, -42,-990,-218;
  -3,-243, -58,  58,   3, -13, -46,-993,-212;
  -5,-244, -56,  57,   2, -11, -51,-990,-214;
  -7,-242, -60,  58,   4, -12, -48,-993,-215;
  -9,-244, -58,  58,   6, -12, -51,-995,-210;
  -7,-243, -57,  58,   7, -13, -48,-988,-215;
 -10,-244, -58,  58,   8, -12, -45,-990,-213;
 -10,-244, -57,  58,  10, -11, -49,-987,-212;
 -11,-240, -60,  58,  11, -10, -50,-990,-209;
 -11,-243, -55,  58,  12, -10, -49,-988,-206;
  -8,-244, -55,  57,  13, -10, -47,-994,-206;
  -9,-242, -56,  57,  13, -10, -56,-991,-212;
 -10,-242, -59,  58,  14,  -9, -50,-988,-215;
  -8,-242, -55,  60,  13,  -8, -49,-995,-217;
  -8,-244, -58,  61,  15,  -7, -48,-994,-216;
  -9,-241, -57,  63,  14,  -7, -49,-989,-218;
  -8,-241, -56,  65,  14,  -6, -45,-990,-210;
 -11,-243, -56,  67,  14,  -7, -47,-997,-216;
  -7,-243, -61,  67,  14,  -8, -41,-993,-218;
 -11,-243, -54,  68,  12,  -9, -48,-997,-212;
  -8,-243, -56,  70,  11,  -9, -43,-993,-209;
  -8,-242, -52,  70,  11,  -9, -46,-994,-216;
 -10,-242, -57,  69,  11,  -9, -45,-994,-217;
  -4,-243, -56,  69,  11, -10, -48,-990,-216;
  -7,-241, -61,  69,  11, -12, -50,-994,-218;
  -6,-241, -61,  67,  11, -12, -43,-991,-218;
  -9,-240, -59,  66,  10, -12, -46,-986,-218;
  -7,-240, -61,  66,  10, -14, -49,-991,-214;
  -6,-244, -58,  63,   9, -12, -43,-993,-222;
  -7,-242, -56,  62,   9, -13, -49,-988,-215;
 -11,-241, -58,  62,   8, -12, -47,-991,-211;
  -7,-242, -56,  61,   7, -12, -52,-992,-215;
  -7,-242, -51,  62,   6, -12, -53,-991,-214;
 -10,-241, -54,  63,   6, -12, -50,-993,-212;
 -10,-240, -55,  63,   5, -12, -50,-988,-214;
  -9,-241, -59,  64,   6, -10, -47,-992,-215;
  -8,-242, -56,  68,   8, -10, -52,-991,-224;
 -13,-242, -59,  68,   9, -10, -45,-987,-219;
  -8,-244, -61,  70,  12,  -8, -52,-992,-217;
  -6,-245, -58,  71,  13,  -7, -51,-991,-222;
  -9,-240, -60,  71,  17,  -8, -47,-989,-223;
  -9,-241, -58,  70,  16,  -9, -50,-990,-222;
 -10,-242, -58,  68,  16,  -8, -51,-991,-215;
  -9,-243, -59,  66,  16,  -7, -46,-987,-219;
  -7,-240, -59,  63,  14,  -9, -47,-988,-219;
 -11,-243, -58,  60,  12,  -7, -48,-988,-223;
 -11,-243, -54,  59,  13,  -8, -49,-989,-213;
 -11,-241, -61,  57,  12,  -9, -46,-985,-216;
  -8,-233, -56,  56,  11, -11, -47,-989,-214;
 -10,-241, -59,  54,  11, -11, -49,-987,-218;
  -7,-242, -58,  55,   8, -12, -47,-988,-217;
  -4,-241, -57,  53,  10, -12, -48,-987,-222;
 -10,-242, -58,  53,   9, -11, -50,-994,-211;
  -7,-244, -56,  53,   9, -11, -50,-989,-211;
  -7,-241, -57,  53,  10, -10, -47,-996,-217;
  -9,-241, -56,  53,   9, -11, -50,-991,-206;
  -9,-239, -58,  54,  10, -11, -48,-989,-213;
 -10,-239, -57,  56,  10, -12, -45,-994,-204;
 -10,-246, -58,  57,   9, -12, -48,-991,-208;
 -10,-243, -54,  60,   9, -14, -47,-992,-210;
  -8,-245, -57,  61,   9, -13, -53,-993,-208;
 -10,-244, -53,  63,  10, -11, -49,-992,-209;
 -10,-243, -58,  65,  10, -11, -48,-997,-209;
  -9,-243, -59,  68,  10, -11, -51,-997,-209;
  -8,-243, -55,  71,  11, -11, -49,-991,-209;
  -8,-242, -51,  72,  10,  -9, -49,-993,-211;
 -12,-240, -56,  75,   9,  -9, -49,-990,-210;
  -7,-245, -58,  77,  11, -10, -48,-999,-213;
  -8,-239, -57,  78,   9, -12, -46,-998,-211;
 -11,-240, -57,  78,   9, -11, -50,-995,-218;
 -12,-243, -57,  79,   9, -11, -46,-992,-214;
 -11,-245, -57,  78,   8, -12, -44,-991,-214;
  -9,-246, -55,  78,   8, -12, -48,-995,-217;
 -12,-242, -57,  77,   7, -13, -55,-991,-219;
 -11,-239, -58,  77,   7, -12, -47,-992,-219;
 -10,-252, -67,  75,   7, -13, -44,-990,-222;
 -10,-244, -61,  74,   8, -12, -50,-993,-218;
  -6,-242, -57,  73,   8, -11, -50,-989,-214;
  -9,-241, -57,  71,   8, -10, -48,-993,-215;
 -11,-243, -57,  70,   8,  -9, -50,-988,-217;
  -8,-241, -61,  68,   9,  -9, -44,-989,-209;
  -9,-239, -56,  67,  10,  -9, -45,-993,-213;
 -10,-243, -58,  66,   9,  -7, -48,-991,-205;
  -9,-244, -53,  68,  11,  -8, -48,-987,-206;
 -11,-244, -57,  68,  10,  -7, -53,-989,-213;
 -10,-240, -55,  68,  11,  -7, -51,-990,-205;
 -11,-245, -53,  67,  11,  -6, -51,-989,-205;
 -12,-242, -54,  66,  10,  -8, -51,-991,-207;
 -17,-235, -60,  66,  11,  -8, -52,-988,-206;
 -12,-240, -54,  64,  11,  -8, -53,-992,-203;
 -10,-245, -55,  66,  12,  -9, -51,-998,-208;
 -14,-240, -56,  65,  12, -10, -51,-991,-206;
  -5,-245, -55,  67,  12,  -9, -55,-991,-207;
  -8,-239, -56,  69,  14, -11, -54,-990,-206;
  -8,-240, -51,  68,  15, -10, -52,-995,-206;
 -11,-241, -51,  70,  14, -11, -47,-990,-208;
  -5,-251, -54,  69,  14, -12, -50,-993,-212;
  -9,-244, -56,  71,  14, -11, -47,-993,-209;
 -10,-243, -58,  72,  14, -10, -50,-998,-209;
 -10,-244, -57,  73,  15, -10, -51,-993,-213;
 -11,-242, -55,  76,  16, -10, -50,-996,-210;
  -7,-248, -63,  76,  14,  -8, -48,-999,-211;
 -10,-243, -58,  77,  14,  -9, -47,-997,-206;
  -6,-241, -55,  77,  15,  -8, -50,-991,-210;
  -7,-247, -58,  79,  16,  -6, -50,-992,-210;
 -10,-240, -58,  77,  15,  -6, -44,-989,-205;
 -10,-241, -57,  75,  15,  -8, -45,-991,-208;
 -10,-241, -54,  74,  14,  -9, -47,-989,-213;
  -7,-241, -58,  70,  11,  -9, -46,-988,-210;
 -11,-241, -58,  68,   9, -10, -45,-990,-211;
 -20,-238, -57,  67,   7, -12, -47,-988,-210;
  -8,-243, -58,  64,   7, -14, -40,-984,-211;
  -9,-242, -56,  63,   5, -15, -46,-993,-205;
  -8,-244, -58,  63,   4, -16, -39,-993,-212;
  -6,-243, -56,  61,   4, -16, -43,-993,-214;
 -10,-245, -62,  60,   4, -18, -43,-992,-207;
 -10,-244, -55,  63,   5, -16, -44,-994,-209;
 -10,-242, -55,  66,   6, -14, -50,-989,-211;
 -11,-243, -58,  67,   8, -14, -51,-994,-207;
 -12,-243, -53,  69,   8, -12, -48,-992,-209;
 -11,-242, -52,  71,   9, -12, -52,-990,-205;
 -11,-243, -55,  72,  10,  -9, -50,-995,-204;
 -11,-242, -52,  71,  10,  -7, -48,-992,-204;
 -11,-242, -53,  71,  12,  -6, -52,-991,-204;
 -12,-243, -54,  72,  13,  -5, -49,-990,-204;
  -6,-239, -55,  71,  13,  -4, -53,-991,-204;
  -9,-240, -54,  70,  12,  -5, -52,-990,-203;
 -12,-241, -58,  70,  13,  -4, -50,-988,-206;
  -8,-241, -52,  69,  13,  -4, -49,-988,-202;
  -9,-243, -54,  68,  12,  -3, -53,-989,-199;
 -10,-242, -55,  66,  12,  -3, -47,-993,-203;
 -10,-245, -54,  66,  12,  -3, -51,-992,-205;
  -8,-242, -55,  68,  12,  -2, -50,-997,-206;
  -7,-244, -56,  69,  11,  -3, -47,-995,-203;
 -10,-244, -56,  71,  11,  -5, -51,-998,-208;
  -8,-245, -54,  74,  12,  -6, -50,-1003,-210;
 -10,-246, -53,  75,  12,  -5, -50,-997,-206;
 -10,-243, -58,  78,  13,  -6, -52,-996,-208;
  -9,-244, -57,  81,  12,  -8, -44,-994,-207;
  -9,-242, -58,  81,  13,  -8, -50,-994,-211;
 -10,-241, -56,  84,  12,  -9, -48,-994,-211;
  -9,-243, -55,  83,  13, -11, -50,-995,-210;
 -12,-241, -55,  84,  13,  -8, -49,-990,-211;
 -10,-240, -55,  85,  12, -11, -50,-988,-206;
 -11,-242, -58,  84,  12, -12, -43,-990,-208;
  -9,-240, -60,  84,  10, -14, -49,-987,-210;
  -9,-237, -56,  80,  12, -14, -50,-987,-209;
  -9,-241, -54,  77,  11, -14, -46,-984,-207;
  -8,-242, -58,  74,  12, -14, -48,-992,-210;
  -9,-237, -58,  71,   9, -12, -53,-989,-204;
  -9,-240, -53,  67,   9, -13, -50,-990,-203;
  -8,-244, -54,  63,   9, -12, -51,-992,-199;
  -8,-240, -54,  63,   8, -13, -50,-994,-200;
  -9,-242, -56,  61,   8, -13, -52,-993,-203;
 -11,-244, -53,  61,   7, -12, -49,-991,-196;
 -11,-246, -57,  61,   7, -12, -50,-990,-207;
 -13,-243, -52,  60,   7, -11, -49,-997,-205;
  -6,-234, -52,  61,   5, -12, -53,-991,-202;
  -8,-247, -50,  59,   6, -10, -55,-992,-202;
 -10,-243, -54,  61,   6, -11, -49,-997,-198;
  -6,-248, -54,  61,   8, -10, -52,-993,-202;
 -12,-243, -57,  63,   8, -10, -48,-993,-201;
  -8,-240, -48,  65,   8, -10, -52,-994,-205;
  -8,-244, -51,  68,  10, -12, -55,-994,-205;
 -14,-243, -56,  71,  10, -11, -49,-994,-208;
 -12,-243, -54,  73,  11,  -9, -51,-998,-207;
 -12,-245, -54,  74,  12, -10, -50,-993,-198;
 -12,-243, -54,  75,  12,  -9, -53,-995,-204;
 -10,-245, -53,  74,  13,  -9, -48,-994,-208;
 -12,-242, -55,  75,  14,  -9, -50,-994,-199;
 -11,-244, -54,  74,  13,  -9, -48,-993,-204;
 -10,-244, -53,  75,  13,  -8, -49,-994,-203;
  -6,-243, -53,  76,  12,  -8, -51,-994,-206;
 -10,-244, -54,  76,  14, -10, -50,-991,-187;
 -12,-244, -54,  78,  13,  -9, -47,-993,-203;
  -5,-232, -51,  77,  12,  -8, -48,-994,-200;
  -8,-244, -52,  74,  12, -11, -50,-985,-203;
  -9,-241, -52,  73,  11, -12, -50,-993,-201;
  -7,-243, -50,  73,  10, -12, -48,-990,-200;
  -9,-244, -52,  71,  10, -14, -49,-992,-198;
 -13,-243, -51,  69,  10, -14, -55,-993,-194;
 -10,-243, -52,  68,  11, -14, -49,-997,-195;
 -10,-242, -49,  67,  11, -14, -46,-996,-195;
 -12,-243, -45,  65,   9, -14, -51,-994,-193;
 -11,-241, -54,  64,  10, -14, -51,-991,-195;
  -8,-245, -54,  63,  11, -14, -48,-991,-189;
 -10,-243, -53,  63,  11, -15, -45,-992,-195;
 -13,-245, -51,  60,  12, -15, -53,-993,-189;
 -13,-241, -49,  59,  12, -13, -52,-992,-189;
 -11,-243, -55,  59,  12, -14, -45,-992,-196;
 -10,-244, -54,  58,  11, -15, -51,-993,-194;
 -10,-243, -55,  54,  10, -15, -52,-993,-197;
 -13,-241, -53,  55,   9, -14, -48,-992,-196;
  -8,-246, -52,  55,   9, -12, -54,-994,-191;
  -9,-242, -53,  56,  10, -12, -46,-995,-200;
 -11,-243, -56,  57,  10, -13, -46,-991,-197;
  -9,-243, -54,  57,  10, -12, -49,-1000,-203;
 -11,-243, -57,  57,   9, -12, -52,-996,-194;
 -10,-242, -53,  59,   8, -12, -44,-998,-198;
 -11,-241, -53,  58,   9, -12, -43,-995,-198;
  -8,-244, -53,  60,   7, -13, -52,-996,-202;
  -9,-244, -53,  61,   7, -13, -42,-994,-202;
 -10,-245, -50,  61,   7, -11, -50,-996,-197;
 -11,-241, -55,  61,   7, -11, -50,-995,-201;
 -10,-242, -54,  63,   9, -13, -49,-994,-203;
  -7,-243, -53,  64,   8, -12, -47,-997,-200;
 -11,-241, -53,  64,   9, -11, -48,-989,-200;
  -8,-242, -51,  64,   9, -11, -51,-990,-205;
 -10,-241, -57,  63,  11, -11, -50,-993,-201;
  -9,-240, -55,  63,  14, -11, -48,-995,-197;
  -5,-242, -55,  61,  16, -11, -48,-991,-201;
  -9,-240, -53,  60,  16, -11, -48,-990,-200;
  -6,-234, -48,  57,  17, -10, -50,-992,-194;
 -10,-241, -45,  56,  17, -11, -52,-993,-199;
 -12,-241, -52,  53,  17, -11, -48,-993,-197;
  -8,-243, -52,  51,  17, -12, -52,-993,-196;
 -11,-243, -51,  49,  15, -12, -49,-991,-204;
  -9,-244, -53,  47,  13, -11, -51,-995,-199;
 -13,-241, -53,  46,  12, -12, -52,-998,-197;
 -10,-245, -55,  48,  11, -14, -58,-990,-197;
  -9,-240, -55,  49,  11, -16, -50,-997,-199;
 -11,-242, -53,  50,   9, -14, -54,-997,-197;
 -11,-241, -57,  51,   9, -12, -47,-998,-199;
 -13,-241, -50,  52,  10, -13, -51,-994,-202;
 -10,-241, -54,  52,  10, -12, -48,-995,-209;
  -8,-243, -57,  51,   9, -12, -53,-993,-203;
  -5,-244, -55,  52,  11, -11, -54,-994,-206;
  -7,-244, -58,  52,  11, -11, -52,-994,-198;
  -8,-243, -52,  52,  15, -14, -50,-993,-198;
 -12,-243, -53,  52,  16, -13, -52,-993,-201;
  -9,-240, -53,  51,  16, -13, -50,-997,-196;
 -12,-242, -48,  50,  16, -14, -52,-995,-203;
  -9,-242, -54,  49,  16, -13, -52,-992,-198;
 -11,-242, -51,  47,  17, -13, -55,-990,-199;
  -9,-243, -55,  45,  17, -14, -51,-994,-201;
 -12,-244, -53,  45,  17, -13, -55,-991,-190;
  -7,-244, -51,  43,  17, -13, -52,-995,-193;
 -11,-244, -52,  42,  16, -13, -48,-994,-204;
  -9,-244, -54,  42,  15, -14, -49,-996,-196;
 -11,-246, -53,  41,  14, -14, -53,-994,-196;
  -5,-245, -52,  43,  13, -12, -49,-996,-200;
 -10,-244, -52,  44,  12, -13, -52,-997,-205;
  -8,-242, -54,  43,  13, -13, -51,-994,-201;
  -8,-243, -55,  45,  11, -13, -52,-996,-192;
 -11,-242, -52,  48,  12, -15, -47,-995,-200;
  -9,-244, -54,  48,  11, -14, -50,-997,-195;
  -9,-243, -51,  50,  10, -13, -48,-990,-193;
 -12,-243, -52,  51,   9, -12, -45,-996,-199;
  -8,-242, -53,  51,   9, -11, -47,-992,-190;
  -7,-242, -51,  52,  10, -11, -47,-990,-193;
  -8,-239, -53,  52,  11, -12, -43,-995,-188;
  -8,-242, -51,  50,  10, -11, -49,-994,-199;
  -9,-243, -49,  50,  11, -11, -47,-992,-198;
 -11,-243, -52,  47,   9, -10, -50,-993,-194;
  -9,-243, -52,  46,  10, -10, -44,-996,-195;
  -8,-244, -52,  46,  10,  -9, -50,-993,-197;
 -11,-247, -56,  46,   8,  -9, -46,-997,-198;
  -9,-244, -51,  45,   7, -11, -47,-990,-196;
  -8,-242, -50,  43,   9, -10, -47,-998,-193;
  -7,-242, -56,  43,   8, -10, -43,-997,-201;
  -9,-245, -54,  42,   8,  -8, -43,-997,-202;
 -10,-244, -56,  44,   8, -11, -46,-996,-205;
 -11,-242, -54,  46,   9, -11, -48,-992,-206;
 -10,-242, -53,  47,   9, -10, -50,-994,-206;
  -9,-243, -56,  48,  10, -11, -48,-996,-205;
 -12,-241, -51,  48,   9, -11, -50,-997,-205;
 -10,-241, -53,  48,  11, -11, -45,-993,-206;
 -10,-243, -58,  49,  11, -12, -51,-994,-205;
  -8,-244, -52,  49,  11, -11, -48,-993,-207;
  -7,-246, -52,  51,  12, -11, -45,-995,-202;
  -6,-245, -53,  52,  12, -14, -50,-993,-205;
  -9,-244, -56,  52,  13, -12, -49,-995,-203;
  -8,-245, -56,  53,  15, -12, -51,-999,-200;
 -11,-241, -53,  53,  15, -11, -46,-994,-203;
  -8,-243, -57,  54,  14, -10, -51,-994,-201;
 -11,-239, -58,  51,  13, -12, -47,-996,-204;
  -7,-243, -50,  51,  14, -12, -46,-989,-196;
 -10,-244, -56,  51,  14, -13, -50,-992,-204;
 -20,-246, -60,  51,  13, -12, -45,-1000,-197;
  -5,-245, -53,  52,  13, -13, -46,-994,-200;
  -8,-242, -53,  52,  13, -13, -47,-997,-197;
  -8,-243, -52,  54,  12, -14, -52,-995,-203;
 -11,-242, -50,  55,  12, -13, -51,-995,-202;
  -7,-245, -56,  57,  11, -13, -44,-994,-195;
 -10,-242, -52,  58,  11, -12, -47,-993,-204;
  -6,-243, -54,  56,  12, -10, -49,-997,-204;
  -7,-246, -51,  56,  11, -11, -47,-996,-201;
  -7,-244, -51,  57,  11,  -8, -50,-999,-197;
  -9,-242, -56,  57,  11,  -9, -47,-999,-198;
  -9,-245, -57,  58,  10,  -7, -50,-1002,-202;
  -8,-245, -55,  59,  10,  -8, -48,-998,-202;
  -8,-244, -55,  60,  10,  -9, -51,-998,-203;
 -11,-243, -51,  60,  10, -10, -45,-998,-199;
 -10,-243, -53,  61,   9, -11, -49,-996,-199;
  -7,-246, -52,  62,   8, -11, -47,-996,-204;
  -8,-245, -53,  62,   8, -12, -42,-997,-200;
  -9,-243, -52,  63,   8, -11, -46,-994,-187;
  -9,-240, -59,  64,   9, -13, -48,-997,-199;
 -12,-239, -56,  63,   9, -12, -50,-992,-200;
  -7,-246, -58,  61,   8, -14, -48,-992,-193;
  -7,-243, -53,  61,   8, -12, -47,-990,-198;
  -9,-243, -55,  60,   9, -11, -46,-994,-194;
 -10,-245, -51,  58,   8, -12, -51,-993,-198;
 -12,-239, -50,  57,   9, -11, -48,-996,-188;
 -10,-242, -55,  55,  10, -12, -55,-991,-197;
 -12,-242, -52,  56,   9, -12, -50,-995,-193;
 -12,-242, -51,  56,   9, -11, -50,-993,-203;
 -12,-242, -53,  56,   9, -10, -52,-997,-199;
 -10,-241, -55,  56,  10,  -9, -47,-991,-194;
 -13,-244, -52,  55,   9, -11, -48,-992,-198;
  -9,-243, -52,  57,   9,  -9, -49,-994,-194;
 -10,-240, -57,  55,  10,  -9, -49,-992,-197;
  -7,-245, -53,  54,  11,  -9, -49,-993,-200;
  -8,-244, -52,  54,  11,  -6, -52,-997,-195;
  -9,-243, -56,  54,  10,  -8, -46,-996,-200;
  -7,-245, -55,  52,  10,  -9, -47,-996,-199;
  -9,-245, -52,  52,  10, -11, -49,-989,-202;
 -10,-242, -52,  52,  11, -13, -49,-992,-207;
  -8,-240, -47,  50,  11,  -9, -42,-991,-199;
 -10,-242, -53,  51,  10, -10, -50,-993,-203;
  -9,-245, -51,  48,  11, -11, -41,-988,-204;
  -9,-242, -56,  49,  10, -12, -46,-999,-203;
  -9,-244, -52,  49,   9, -12, -47,-998,-200;
  -9,-244, -50,  49,   8, -12, -46,-994,-204;
  -7,-244, -52,  49,   8, -12, -47,-999,-199;
  -7,-242, -52,  50,   8, -10, -46,-997,-201;
 -12,-243, -51,  51,   8, -10, -43,-993,-194;
 -10,-244, -56,  50,   8, -10, -47,-993,-200;
  -9,-244, -50,  46,   9,  -9, -53,-992,-199;
  -8,-245, -53,  45,  10,  -9, -43,-993,-197;
 -13,-242, -54,  44,   9, -11, -46,-991,-183;
 -12,-244, -54,  43,   9, -12, -49,-996,-200;
  -9,-245, -50,  43,   9, -10, -50,-996,-202;
 -11,-239, -53,  45,   9, -11, -53,-998,-201;
 -12,-247, -52,  47,   9, -11, -52,-1000,-196;
 -13,-243, -51,  50,   9,  -9, -54,-995,-201;
 -11,-243, -57,  53,   8,  -8, -48,-999,-199;
 -10,-244, -52,  57,   7,  -6, -54,-998,-204;
  -8,-244, -51,  60,   6,  -7, -55,-994,-196;
 -11,-243, -54,  60,   6,  -6, -51,-993,-200;
 -10,-242, -56,  61,   8,  -5, -51,-992,-199;
 -11,-243, -53,  60,   9,  -4, -47,-993,-205;
  -9,-245, -57,  56,   8,  -3, -54,-990,-206;
  -8,-243, -58,  53,   9,  -2, -55,-984,-201;
  -8,-236, -55,  50,  10,  -3, -51,-983,-201;
  -6,-241, -53,  47,  12,  -5, -49,-989,-200;
  -8,-242, -55,  45,  12,  -5, -53,-987,-202;
  -9,-240, -54,  44,  13,  -6, -44,-987,-205;
  -7,-245, -50,  41,  13,  -7, -49,-992,-203;
  -7,-242, -59,  37,  15,  -8, -49,-990,-198;
  -7,-243, -51,  36,  15,  -9, -44,-988,-202;
  -9,-241, -54,  32,  17, -12, -44,-990,-198;
  -9,-244, -52,  32,  18, -12, -40,-997,-195;
 -11,-240, -52,  28,  17, -14, -48,-995,-189;
  -7,-244, -54,  28,  18, -12, -47,-993,-191;
  -9,-244, -51,  29,  16, -13, -52,-991,-192;
 -10,-245, -51,  29,  15, -13, -50,-997,-190;
 -11,-245, -50,  31,  12, -15, -49,-996,-196;
 -12,-243, -51,  36,  12, -14, -50,-994,-196;
  -7,-241, -52,  40,   8, -14, -49,-999,-201;
  -9,-244, -57,  43,   8, -14, -55,-995,-200;
 -13,-240, -54,  46,   6, -13, -52,-995,-203;
  -8,-245, -58,  47,   4, -12, -50,-997,-203;
 -11,-244, -59,  50,   3, -11, -47,-998,-204;
 -10,-244, -53,  52,   3, -10, -52,-998,-205;
  -9,-244, -51,  54,   4, -11, -55,-995,-206;
 -12,-245, -56,  58,   6, -10, -54,-995,-208;
  -7,-241, -54,  60,   8,  -7, -54,-992,-205;
 -13,-239, -55,  63,  10,  -5, -50,-994,-205;
 -11,-242, -57,  63,  12,  -2, -54,-992,-209;
 -10,-243, -53,  64,  12,  -4, -53,-991,-203;
 -10,-240, -53,  63,  13,  -4, -50,-991,-206;
  -9,-239, -58,  63,  13,  -5, -50,-991,-204;
 -12,-240, -55,  62,  13,  -4, -49,-993,-202;
 -12,-242, -55,  60,  12,  -2, -52,-990,-201;
 -11,-240, -54,  58,  12,  -3, -48,-996,-202;
 -10,-243, -51,  59,  12,  -3, -49,-991,-202;
  -8,-243, -56,  57,  11,  -4, -48,-990,-203;
 -10,-241, -56,  56,  11,  -5, -49,-992,-207;
 -12,-242, -56,  53,  12,  -4, -51,-992,-200;
  -6,-243, -53,  54,  13,  -4, -53,-993,-202;
 -11,-242, -55,  53,  13,  -4, -50,-993,-202;
 -10,-243, -55,  56,  12,  -4, -51,-996,-207;
  -6,-240, -57,  58,  13,  -4, -50,-994,-205;
  -7,-244, -56,  60,  13,  -5, -46,-993,-210;
  -7,-241, -55,  63,  13,  -4, -50,-990,-207;
 -14,-241, -56,  64,  14,  -5, -46,-995,-206;
  -7,-243, -55,  64,  14,  -3, -49,-996,-205;
 -11,-243, -55,  62,  14,  -5, -50,-993,-208;
 -10,-243, -53,  63,  16,  -6, -51,-991,-210;
  -9,-242, -53,  63,  14,  -6, -43,-995,-205;
 -11,-240, -59,  63,  14,  -6, -44,-989,-204;
 -10,-241, -57,  64,  14,  -6, -47,-994,-207;
 -10,-243, -53,  66,  14,  -5, -54,-992,-207;
 -12,-245, -60,  67,  14,  -6, -54,-997,-199;
  -9,-244, -54,  67,  13,  -6, -46,-997,-205;
  -9,-242, -58,  67,  13,  -5, -45,-991,-202;
 -13,-239, -52,  66,  14,  -5, -48,-994,-197;
  -7,-244, -52,  66,  12,  -6, -50,-991,-203;
  -8,-243, -54,  65,  12,  -7, -52,-995,-194;
 -10,-241, -51,  63,  12,  -7, -50,-995,-205;
  -8,-239, -54,  63,  12,  -6, -47,-996,-194;
  -8,-246, -51,  64,  12,  -6, -49,-993,-192;
  -8,-243, -52,  64,  10,  -5, -49,-998,-193;
 -12,-241, -51,  63,   9,  -4, -50,-995,-188;
 -10,-243, -52,  64,   8,  -4, -47,-994,-190;
 -11,-242, -51,  64,   8,  -5, -54,-997,-190;
  -9,-244, -50,  64,   7,  -3, -50,-994,-194;
 -10,-241, -55,  65,   7,  -1, -49,-995,-191;
  -9,-240, -53,  64,   7,  -3, -55,-992,-198;
  -7,-241, -50,  62,   7,  -1, -52,-993,-191;
 -11,-242, -50,  62,   5,  -3, -52,-996,-195;
  -9,-239, -53,  60,   6,  -3, -50,-996,-195;
 -12,-244, -53,  61,   7,  -3, -49,-990,-197;
  -9,-246, -52,  61,   7,  -3, -49,-994,-190;
 -12,-241, -53,  60,   7,  -4, -47,-991,-190;
 -11,-245, -50,  59,   7,  -4, -50,-999,-193;
  -8,-243, -50,  59,   8,  -5, -50,-1001,-196;
  -9,-245, -51,  59,   9,  -6, -51,-997,-192;
 -12,-243, -49,  60,   9,  -5, -54,-996,-187;
 -11,-245, -52,  62,  10,  -6, -54,-993,-188;
 -12,-241, -55,  62,  11,  -7, -54,-997,-192;
 -11,-245, -51,  61,  10,  -8, -53,-998,-191;
  -9,-243, -52,  62,   9,  -8, -52,-1000,-197;
 -11,-244, -53,  62,   9,  -7, -54,-997,-193;
  -9,-243, -52,  62,   9,  -6, -53,-993,-197;
 -10,-245, -54,  63,  11,  -5, -51,-994,-188;
 -12,-245, -51,  63,  12,  -4, -50,-999,-196;
  -9,-241, -52,  63,  12,  -4, -51,-998,-193;
 -10,-245, -52,  63,  12,  -3, -49,-993,-186;
 -11,-243, -52,  63,  13,  -1, -51,-997,-194;
 -11,-242, -53,  64,  13,  -2, -52,-993,-193;
 -11,-242, -51,  64,  13,  -3, -53,-997,-196;
 -12,-243, -55,  64,  12,  -3, -55,-994,-197;
 -12,-242, -55,  65,  12,  -3, -53,-991,-192;
  -9,-242, -50,  65,  11,  -4, -54,-992,-197;
  -9,-240, -53,  65,  11,  -4, -53,-994,-190;
 -14,-242, -54,  64,  10,  -4, -49,-992,-196;
 -10,-244, -52,  65,  10,  -5, -48,-994,-197;
 -11,-240, -51,  65,   8,  -3, -59,-994,-202;
  -9,-244, -53,  64,   8,  -4, -52,-994,-193;
 -15,-242, -50,  65,   9,  -4, -55,-991,-200;
 -11,-241, -50,  63,   9,  -3, -50,-994,-193;
 -10,-243, -55,  63,   8,  -4, -53,-994,-199;
 -12,-242, -58,  63,   9,  -3, -50,-994,-191;
 -11,-243, -52,  64,   8,  -4, -58,-992,-191;
 -10,-242, -52,  64,   8,  -5, -52,-994,-200;
  -9,-244, -51,  63,   8,  -6, -50,-994,-193;
 -12,-242, -54,  64,  10,  -4, -53,-996,-200;
 -10,-241, -52,  64,  10,  -3, -49,-993,-199;
 -12,-242, -54,  64,  11,  -5, -51,-990,-203;
  -9,-244, -55,  64,  11,  -3, -52,-987,-201;
 -13,-241, -57,  64,  13,  -3, -49,-993,-191;
 -10,-240, -53,  64,  14,  -4, -51,-999,-196;
  -8,-245, -53,  63,  13,  -4, -51,-991,-200;
 -12,-241, -53,  60,  13,  -2, -56,-994,-200;
 -13,-241, -54,  59,  13,  -3, -53,-991,-199;
 -11,-240, -54,  59,  13,  -2, -56,-995,-188;
 -10,-244, -52,  57,  14,  -4, -51,-996,-195;
 -10,-241, -54,  57,  13,  -3, -55,-994,-193;
 -10,-245, -53,  57,  14,  -5, -57,-996,-197;
 -13,-243, -50,  58,  14,  -6, -53,-1002,-188;
 -11,-245, -55,  60,  14,  -4, -55,-1000,-198;
 -10,-244, -55,  61,  15,  -5, -57,-997,-203;
 -12,-244, -53,  61,  15,  -7, -55,-998,-197;
 -11,-242, -58,  63,  15,  -8, -51,-997,-198;
  -8,-243, -53,  65,  15,  -7, -51,-993,-195;
 -12,-242, -52,  65,  15,  -7, -51,-996,-204;
 -11,-243, -56,  65,  15,  -6, -54,-996,-192;
  -7,-244, -52,  66,  14,  -6, -52,-997,-195;
 -11,-242, -50,  65,  13,  -6, -54,-991,-196;
 -10,-244, -48,  63,  12,  -5, -51,-997,-194;
  -9,-245, -51,  61,  12,  -5, -55,-994,-188;
  -9,-241, -55,  60,  12,  -6, -56,-992,-185;
 -10,-241, -49,  59,  12,  -5, -54,-997,-189;
  -7,-243, -51,  59,  10,  -5, -50,-992,-187;
  -9,-244, -49,  61,   9,  -5, -56,-995,-190;
 -12,-246, -49,  61,   9,  -3, -52,-998,-193;
  -9,-247, -54,  61,   9,  -5, -54,-999,-193;
  -9,-245, -54,  62,   9,  -5, -55,-994,-202;
 -10,-244, -51,  64,   9,  -4, -50,-999,-189;
 -10,-246, -54,  67,   9,  -4, -54,-999,-199;
 -10,-245, -49,  69,  11,  -4, -53,-996,-191;
  -9,-245, -47,  71,  11,  -3, -54,-1000,-197;
 -14,-243, -53,  71,  12,  -4, -54,-993,-196;
 -11,-243, -52,  71,  12,  -5, -51,-994,-194;
 -12,-240, -53,  69,  13,  -3, -54,-994,-195;
 -10,-241, -51,  69,  15,  -6, -60,-992,-196;
 -10,-242, -48,  65,  15,  -5, -53,-995,-193;
 -11,-245, -51,  62,  16,  -4, -51,-995,-188;
 -13,-239, -53,  60,  18,  -5, -53,-990,-195;
 -12,-243, -54,  58,  19,  -6, -54,-997,-188;
 -11,-242, -52,  57,  19,  -8, -56,-992,-190;
  -9,-243, -53,  55,  18,  -8, -56,-993,-183;
 -11,-243, -52,  55,  19,  -9, -50,-993,-188;
  -9,-245, -36,  54,  20,  -9, -57,-996,-184;
 -12,-242, -52,  57,  19,  -8, -56,-998,-185;
 -13,-244, -51,  59,  19, -11, -54,-1001,-189;
 -10,-244, -51,  61,  17,  -8, -59,-995,-196;
 -13,-244, -55,  63,  16,  -9, -56,-999,-187;
  -9,-243, -47,  65,  14,  -9, -58,-996,-194;
 -11,-246, -53,  66,  13,  -9, -58,-997,-191;
 -12,-241, -53,  67,  12, -11, -54,-996,-202;
  -8,-244, -50,  67,  10, -10, -49,-993,-197;
 -11,-242, -50,  67,  10, -10, -52,-995,-195;
 -10,-244, -47,  67,  10,  -9, -49,-996,-191;
 -10,-242, -55,  67,   9,  -9, -52,-994,-195;
 -11,-247, -51,  67,   9,  -9, -47,-1001,-194;
 -10,-243, -53,  67,   9,  -6, -49,-993,-193;
  -3,-243, -52,  68,  10,  -5, -49,-993,-186;
  -9,-242, -51,  69,   8,  -3, -49,-989,-187;
  -8,-241, -52,  68,   8,  -4, -47,-995,-190;
 -11,-240, -53,  66,   7,  -4, -49,-992,-183;
 -12,-241, -48,  63,   7,  -3, -52,-991,-183;
 -13,-243, -49,  62,   9,  -3, -55,-993,-184;
 -11,-242, -48,  59,   8,  -3, -57,-994,-183;
 -10,-245, -49,  59,   7,  -3, -55,-994,-182;
 -11,-243, -50,  57,   9,  -4, -55,-998,-184;
 -12,-248, -48,  56,   7,  -4, -55,-994,-188;
 -11,-241, -50,  56,   8,  -5, -56,-996,-184;
 -11,-243, -51,  57,   8,  -6, -54,-994,-185;
 -14,-243, -51,  55,   9,  -7, -62,-996,-189;
 -10,-246, -51,  54,   9,  -6, -60,-992,-188;
 -10,-244, -49,  56,  10,  -8, -57,-998,-193;
 -13,-246, -51,  57,  10,  -9, -60,-996,-191;
 -15,-247, -49,  58,  11,  -8, -59,-996,-191;
 -11,-243, -54,  59,  11,  -9, -62,-998,-196;
 -13,-245, -52,  60,  12, -10, -61,-997,-192;
 -14,-242, -56,  62,  11, -12, -57,-999,-194;
 -10,-245, -54,  65,  12, -10, -55,-1000,-194;
 -13,-244, -50,  67,  12,  -9, -60,-998,-199;
 -12,-243, -52,  68,  14,  -9, -52,-993,-191;
  -9,-242, -53,  68,  14,  -7, -55,-998,-192;
 -13,-242, -51,  68,  14,  -7, -59,-995,-189;
 -11,-241, -49,  67,  15,  -7, -58,-995,-196;
 -13,-242, -51,  67,  14, -10, -51,-994,-197;
 -13,-241, -54,  65,  15, -10, -57,-993,-191;
 -10,-246, -53,  64,  14, -10, -57,-997,-189;
  -6,-244, -50,  63,  13, -11, -61,-996,-187;
 -14,-243, -53,  64,  11,  -9, -60,-997,-186;
 -11,-246, -55,  64,   9,  -9, -60,-998,-191;
 -10,-244, -50,  63,   9, -11, -61,-991,-187;
 -12,-242, -53,  62,   9, -11, -59,-1000,-183;
 -14,-241, -53,  61,   9, -11, -60,-995,-186;
 -11,-245, -50,  61,   9, -12, -52,-999,-191;
 -10,-245, -51,  61,  10, -12, -55,-995,-191;
 -14,-243, -53,  61,  11, -13, -52,-998,-178;
  -9,-241, -54,  61,  11, -11, -57,-994,-183;
 -12,-243, -49,  60,   9, -12, -55,-995,-179;
 -11,-244, -51,  61,  11, -13, -56,-997,-183;
 -12,-244, -51,  60,  12, -11, -55,-993,-185;
 -11,-243, -54,  60,  11, -13, -59,-992,-190;
  -8,-242, -48,  60,  11, -14, -57,-999,-184;
 -13,-243, -52,  58,  12, -15, -59,-994,-193;
 -14,-243, -50,  58,  13, -15, -54,-995,-185;
 -12,-243, -51,  56,  13, -16, -53,-996,-186;
 -11,-242, -53,  55,  13, -16, -57,-1002,-188;
 -11,-245, -50,  55,  12, -15, -59,-997,-185;
 -10,-244, -48,  55,  11, -15, -54,-996,-193;
  -6,-244, -50,  56,  11, -16, -53,-998,-192;
  -3,-244, -50,  56,  11, -16, -55,-995,-183;
 -11,-245, -47,  58,  12, -16, -59,-995,-193;
 -10,-246, -50,  59,  13, -15, -52,-999,-186;
 -11,-241, -53,  60,  13, -14, -57,-991,-184;
 -10,-245, -49,  61,  13, -14, -54,-994,-189;
 -11,-241, -49,  64,  13, -14, -59,-996,-193;
 -10,-242, -50,  64,  13, -13, -54,-994,-193;
 -15,-244, -48,  64,  14, -14, -55,-996,-184;
 -11,-246, -54,  65,  14, -15, -54,-992,-191;
  -9,-242, -49,  64,  14, -14, -54,-997,-190;
  -8,-244, -50,  62,  15, -14, -54,-996,-189;
 -12,-244, -56,  62,  13, -15, -53,-995,-183;
 -10,-244, -48,  60,  13, -16, -57,-994,-188;
  -9,-244, -53,  57,  13, -17, -55,-995,-180;
 -12,-241, -50,  56,  12, -15, -52,-991,-181;
 -10,-242, -47,  54,  12, -15, -55,-996,-183;
 -10,-244, -50,  53,  11, -14, -60,-999,-182;
 -12,-243, -51,  53,  12, -16, -51,-995,-183;
 -10,-247, -47,  53,  11, -14, -56,-996,-183;
 -10,-245, -49,  53,  12, -13, -54,-996,-181;
 -12,-240, -49,  55,  10, -14, -52,-998,-192;
  -9,-243, -48,  56,  10, -16, -55,-998,-180;
 -12,-241, -55,  56,   9, -17, -53,-996,-182;
 -13,-243, -51,  55,  11, -17, -55,-994,-187;
  -8,-247, -49,  56,   9, -16, -53,-1000,-185;
 -10,-242, -51,  57,  12, -16, -58,-988,-183;
 -11,-242, -50,  57,  10, -15, -54,-998,-187;
 -10,-241, -50,  58,  10, -17, -49,-996,-181;
  -9,-244, -50,  57,  10, -17, -54,-995,-189;
 -10,-244, -51,  55,  11, -15, -57,-993,-186;
 -10,-246, -49,  55,  11, -16, -51,-995,-189;
 -15,-242, -51,  56,   9, -17, -60,-1000,-184;
 -11,-243, -52,  56,  10, -18, -53,-998,-185;
 -13,-243, -50,  56,  10, -18, -53,-998,-183;
  -9,-243, -48,  57,  11, -16, -54,-996,-189;
 -10,-243, -49,  56,  10, -16, -56,-994,-184;
 -12,-242, -52,  56,  11, -17, -52,-994,-184;
 -10,-243, -54,  55,  11, -15, -54,-997,-190;
 -11,-245, -52,  53,  11, -16, -53,-993,-184;
  -9,-245, -50,  53,  12, -13, -51,-996,-188;
 -10,-240, -51,  54,  14, -13, -53,-998,-184;
  -8,-243, -52,  55,  13, -12, -54,-998,-191;
 -12,-242, -50,  54,  14, -12, -53,-995,-182;
 -11,-245, -49,  54,  14, -10, -55,-998,-189;
  -8,-243, -51,  53,  14, -11, -57,-994,-187;
 -13,-240, -52,  50,  14, -10, -59,-997,-184;
 -12,-241, -52,  48,  15, -11, -52,-989,-184;
  -9,-244, -51,  49,  14,  -9, -60,-994,-184;
 -13,-244, -48,  48,  13, -11, -56,-995,-193;
 -10,-244, -47,  48,  13, -10, -53,-998,-187;
 -14,-242, -50,  49,  12, -10, -54,-993,-183;
 -10,-241, -47,  49,  12,  -9, -58,-993,-182;
 -13,-244, -50,  48,  13,  -9, -57,-995,-195;
 -14,-242, -51,  48,  12, -10, -58,-1000,-188;
 -12,-244, -52,  49,  11, -12, -62,-1000,-191;
 -11,-240, -50,  50,  11, -12, -54,-994,-189;
 -10,-243, -54,  50,  13, -11, -61,-997,-193;
 -11,-243, -52,  50,  12, -12, -56,-997,-194;
 -10,-243, -51,  50,  12, -11, -59,-998,-187;
 -12,-245, -52,  50,  13, -12, -53,-998,-195;
 -10,-243, -53,  50,  13, -12, -52,-996,-193;
 -10,-243, -50,  51,  12, -11, -54,-993,-195;
 -13,-243, -52,  51,  12, -10, -53,-994,-189;
 -10,-243, -53,  51,  13, -10, -54,-998,-188;
  -7,-246, -50,  52,  12, -10, -51,-995,-184;
 -12,-243, -48,  52,  12, -10, -52,-997,-188;
 -11,-244, -50,  51,  12, -10, -55,-1000,-183;
 -12,-243, -51,  50,  12, -13, -56,-996,-183;
 -13,-243, -50,  50,  12, -13, -54,-998,-187;
 -11,-241, -53,  48,  11, -13, -51,-995,-188;
 -11,-242, -50,  46,  12, -13, -51,-997,-183;
  -9,-247, -52,  47,  13, -13, -55,-999,-193;
 -10,-245, -51,  45,  11, -14, -52,-996,-184;
 -13,-243, -48,  44,  12, -12, -52,-995,-192;
 -11,-242, -52,  43,  13, -11, -52,-992,-197;
  -9,-245, -48,  43,  15, -11, -53,-996,-192;
  -9,-244, -48,  42,  13, -11, -54,-994,-193;
 -11,-241, -54,  41,  15, -12, -51,-993,-185;
 -12,-246, -50,  42,  15, -14, -49,-993,-189;
 -11,-241, -55,  40,  16, -13, -48,-994,-185;
  -8,-244, -50,  42,  16, -12, -50,-998,-191;
 -12,-245, -48,  42,  16, -11, -50,-999,-192;
  -9,-244, -53,  44,  16, -11, -53,-996,-182;
 -10,-243, -52,  45,  16,  -9, -51,-992,-185;
  -4,-244, -48,  46,  16,  -8, -54,-996,-178;
 -11,-243, -50,  45,  16,  -6, -51,-993,-180;
  -9,-244, -53,  43,  14,  -7, -55,-991,-178;
 -12,-243, -51,  42,  13,  -6, -53,-990,-180;
 -10,-248, -47,  42,  13,  -7, -52,-995,-185;
  -8,-243, -49,  42,  12,  -6, -51,-995,-182;
 -11,-244, -49,  42,  10,  -5, -51,-991,-185;
 -10,-244, -50,  41,   9,  -6, -56,-995,-189;
  -8,-245, -46,  42,   9,  -6, -49,-1001,-188;
  -9,-244, -50,  42,   9,  -7, -54,-997,-183;
  -9,-243, -53,  41,   8,  -6, -53,-994,-188;
  -7,-243, -50,  41,   7,  -7, -50,-997,-184;
 -13,-244, -47,  42,   9,  -7, -51,-1002,-189;
  -9,-247, -54,  43,  10,  -8, -50,-1000,-187;
 -11,-241, -55,  44,  12,  -9, -49,-999,-199;
 -12,-244, -52,  43,  11, -10, -49,-1003,-191;
  -9,-243, -52,  43,  12,  -9, -53,-1002,-197;
 -11,-242, -52,  42,  11, -10, -51,-993,-192;
 -13,-244, -51,  44,  11, -10, -54,-999,-199;
 -12,-241, -50,  44,  12,  -9, -61,-994,-183;
  -7,-241, -53,  46,  13,  -9, -53,-993,-190;
 -12,-242, -54,  47,  14, -10, -54,-991,-188;
 -12,-244, -50,  47,  15, -10, -57,-1000,-186;
 -13,-243, -52,  48,  15, -12, -54,-996,-183;
 -12,-243, -54,  51,  13, -12, -55,-995,-190;
 -13,-243, -48,  49,  13, -12, -57,-994,-193;
 -13,-243, -52,  48,  12, -12, -61,-996,-197;
 -13,-241, -52,  47,  12, -10, -50,-986,-192;
 -10,-241, -48,  48,  13, -11, -56,-992,-183;
 -10,-245, -48,  48,  14, -12, -56,-991,-189;
 -14,-245, -48,  48,  14, -12, -54,-991,-191;
 -12,-240, -48,  48,  14, -14, -58,-995,-187;
 -11,-242, -49,  51,  14, -14, -57,-993,-193;
 -14,-243, -49,  50,  14, -14, -56,-996,-193;
 -12,-245, -51,  52,  13, -13, -58,-996,-194;
 -13,-244, -54,  51,  13, -13, -57,-994,-192;
 -11,-244, -51,  51,  12, -11, -54,-1001,-189;
  -9,-246, -51,  53,  12, -12, -54,-994,-193;
