  -4,-242, -50,  45,   2,  -9, -59,-994,-176;
  -8,-246, -51,  44,   3,  -9, -53,-998,-177;
 -12,-243, -45,  45,   4,  -9, -55,-998,-184;
 -11,-241, -49,  46,   4,  -9, -57,-991,-181;
 -12,-241, -50,  47,   5,  -9, -58,-996,-169;
 -11,-245, -51,  50,   6,  -9, -56,-993,-184;
  -9,-243, -51,  51,   7,  -9, -53,-1000,-186;
 -11,-245, -47,  53,   9,  -9, -64,-1000,-182;
 -12,-245, -49,  55,   9,  -9, -58,-1000,-183;
 -11,-241, -46,  56,   9, -10, -58,-995,-183;
  -9,-245, -49,  56,  10,  -9, -52,-998,-178;
 -12,-244, -46,  56,  10, -10, -61,-997,-183;
 -12,-247, -51,  57,  10,  -9, -53,-997,-181;
 -11,-247, -50,  59,  10, -10, -59,-997,-184;
 -10,-243, -50,  59,  11, -10, -63,-998,-183;
 -11,-245, -48,  61,  11, -10, -55,-998,-183;
 -11,-244, -52,  60,  11, -10, -59,-994,-182;
  -9,-245, -47,  61,  11, -13, -64,-998,-183;
 -12,-245, -51,  61,  12, -13, -60,-998,-189;
  -9,-244, -49,  60,  12, -11, -55,-998,-184;
 -13,-243, -48,  59,  11, -13, -58,-996,-187;
 -12,-243, -48,  59,  11, -14, -53,-999,-182;
 -13,-245, -47,  59,  13, -14, -53,-1000,-184;
 -12,-241, -49,  60,  11, -12, -57,-1000,-184;
 -11,-245, -51,  59,  12, -11, -58,-993,-185;
  -8,-246, -48,  60,  12, -13, -54,-998,-183;
 -11,-245, -49,  59,  11, -11, -54,-999,-185;
  -9,-243, -48,  59,  12, -12, -51,-1000,-182;
 -12,-243, -52,  60,  12, -10, -54,-995,-176;
 -11,-243, -50,  61,  11, -10, -57,-997,-183;
 -10,-242, -50,  60,  11, -11, -52,-994,-183;
 -10,-245, -51,  60,  11,  -9, -58,-992,-176;
 -13,-241, -47,  61,  12, -11, -55,-996,-188;
  -9,-242, -48,  62,  12, -12, -53,-1001,-179;
 -13,-241, -49,  61,  12, -10, -56,-996,-179;
 -11,-242, -49,  61,  11, -11, -56,-995,-180;
  -4,-245, -44,  61,  11, -11, -56,-997,-182;
 -13,-241, -50,  61,  11,  -8, -54,-995,-179;
 -11,-245, -50,  60,  10, -11, -50,-997,-182;
 -11,-242, -51,  57,   9, -10, -59,-999,-176;
 -13,-245, -51,  56,  10,  -9, -55,-993,-182;
 -11,-243, -48,  56,   9, -11, -51,-998,-176;
  -9,-245, -49,  56,   9,  -9, -53,-1000,-173;
 -12,-241, -48,  56,   8, -11, -54,-1001,-175;
 -13,-243, -46,  57,   7, -10, -55,-995,-178;
 -11,-244, -46,  57,   6,  -9, -60,-1001,-186;
 -10,-245, -47,  56,   5,  -9, -60,-999,-180;
 -13,-243, -45,  56,   6,  -9, -56,-999,-174;
 -10,-248, -47,  57,   6,  -9, -56,-1003,-178;
 -13,-243, -48,  57,   4, -10, -55,-1000,-173;
 -13,-243, -50,  59,   6, -10, -56,-999,-180;
 -10,-246, -48,  61,   5, -11, -54,-1001,-181;
 -14,-240, -49,  62,   6, -11, -63,-996,-172;
 -13,-242, -50,  62,   7, -14, -62,-994,-177;
 -11,-245, -45,  62,   7, -13, -59,-1001,-172;
 -13,-245, -48,  61,   7, -14, -57,-992,-178;
 -14,-240, -52,  59,   9, -15, -57,-991,-186;
 -12,-245, -49,  57,  10, -14, -56,-998,-177;
  -9,-243, -48,  56,  12, -14, -60,-996,-179;
 -13,-243, -47,  55,  12, -14, -56,-994,-177;
 -11,-245, -45,  54,  13, -15, -56,-997,-175;
 -14,-244, -50,  53,  14, -15, -54,-996,-176;
 -13,-246, -49,  53,  14, -13, -53,-998,-180;
 -11,-241, -47,  54,  15, -14, -52,-995,-181;
 -13,-243, -47,  54,  14, -13, -55,-998,-183;
  -9,-243, -50,  55,  15, -14, -57,-995,-169;
  -9,-243, -48,  56,  14, -13, -48,-996,-181;
 -11,-244, -50,  57,  15, -13, -49,-1000,-177;
 -11,-244, -47,  56,  14, -11, -54,-996,-181;
 -12,-245, -47,  56,  14, -11, -52,-1002,-182;
 -10,-245, -50,  57,  14, -11, -53,-1001,-174;
 -10,-245, -47,  57,  13, -12, -56,-997,-183;
 -11,-244, -50,  57,  12, -13, -55,-999,-176;
 -11,-244, -51,  58,  11, -13, -57,-1000,-180;
  -9,-241, -50,  57,  10, -11, -53,-997,-175;
 -12,-241, -48,  58,  10, -12, -52,-1007,-180;
 -11,-244, -44,  56,  10, -12, -53,-997,-174;
  -7,-244, -51,  55,   8, -13, -54,-995,-175;
 -11,-245, -45,  55,   9, -12, -55,-999,-177;
  -9,-244, -50,  54,   7, -11, -50,-998,-180;
 -10,-246, -50,  53,   7, -11, -53,-998,-174;
 -10,-246, -47,  53,   7, -11, -51,-999,-183;
 -11,-243, -46,  52,   7, -11, -60,-992,-179;
 -10,-245, -48,  53,   9, -11, -55,-995,-179;
 -10,-244, -46,  53,   9, -12, -52,-999,-184;
 -10,-243, -47,  53,  10,  -9, -52,-998,-172;
 -13,-243, -50,  53,   9, -11, -58,-999,-173;
  -9,-244, -49,  54,   8, -11, -60,-1000,-174;
 -11,-244, -48,  53,   9, -11, -59,-992,-173;
 -14,-245, -48,  53,   9, -13, -54,-1002,-173;
 -13,-242, -53,  53,   8, -12, -58,-994,-171;
 -17,-241, -38,  57,   9, -14, -59,-999,-180;
 -11,-244, -48,  57,  10, -13, -55,-997,-177;
 -11,-245, -44,  57,   9, -13, -54,-995,-172;
  -7,-244, -51,  58,   9, -14, -56,-1002,-179;
 -12,-243, -49,  59,   9, -14, -56,-999,-183;
 -10,-243, -49,  57,  11, -15, -59,-1000,-179;
 -12,-246, -50,  56,  11, -15, -59,-1001,-174;
 -12,-244, -48,  56,  10, -14, -56,-996,-173;
 -12,-244, -47,  58,  12, -12, -60,-996,-175;
 -11,-246, -46,  57,  13, -12, -56,-998,-180;
 -10,-241, -51,  57,  14, -13, -55,-1000,-175;
 -11,-245, -47,  57,  14, -13, -52,-1000,-174;
 -10,-246, -48,  55,  14, -13, -56,-994,-178;
 -11,-242, -46,  53,  14, -10, -57,-995,-180;
 -12,-241, -50,  51,  14, -10, -55,-997,-182;
 -11,-242, -48,  48,  14,  -9, -52,-996,-177;
  -8,-244, -45,  47,  13, -12, -61,-998,-173;
 -12,-245, -45,  47,  11, -13, -55,-997,-174;
 -10,-246, -46,  48,  12, -13, -58,-997,-174;
 -11,-247, -50,  49,  13, -12, -53,-1003,-175;
 -13,-245, -49,  51,  12, -13, -63,-997,-168;
 -12,-244, -48,  53,  12, -10, -62,-998,-174;
 -14,-242, -43,  54,  13,  -9, -54,-1004,-187;
 -12,-242, -52,  55,  13, -10, -57,-997,-187;
  -8,-243, -49,  55,  12, -10, -59,-1000,-178;
 -11,-244, -48,  57,  12, -10, -52,-996,-184;
 -10,-244, -46,  58,  14, -10, -51,-1000,-183;
 -12,-242, -47,  57,  13, -11, -50,-1000,-177;
  -9,-242, -44,  57,  13, -13, -53,-998,-175;
 -12,-242, -50,  57,  13, -12, -52,-996,-177;
 -10,-244, -50,  56,  13, -13, -54,-999,-175;
 -14,-244, -48,  57,  13, -10, -53,-998,-175;
 -13,-241, -50,  57,  13, -11, -51,-994,-177;
  -9,-245, -45,  57,  12, -10, -57,-996,-174;
  -9,-244, -47,  58,  12,  -9, -54,-992,-171;
 -12,-243, -48,  57,  13,  -9, -55,-996,-172;
 -12,-243, -48,  58,  12,  -9, -54,-993,-170;
  -6,-246, -48,  58,  12,  -9, -53,-997,-176;
  -9,-246, -49,  56,  11, -10, -52,-996,-180;
 -10,-242, -46,  56,  10, -11, -56,-996,-175;
 -10,-246, -47,  54,   8, -12, -56,-997,-179;
 -11,-243, -46,  53,   8, -11, -56,-994,-175;
 -10,-242, -49,  51,   7, -12, -53,-997,-179;
 -13,-241, -50,  50,   7, -11, -52,-994,-170;
  -7,-248, -37,  46,   7, -13, -61,-994,-179;
 -13,-244, -51,  45,   7, -12, -53,-995,-172;
  -9,-243, -49,  43,   6, -13, -54,-1000,-175;
 -11,-243, -46,  45,   8, -13, -54,-998,-178;
 -12,-245, -49,  44,   9, -12, -56,-994,-172;
  -9,-242, -48,  45,  10, -12, -56,-999,-176;
  -9,-247, -46,  45,  11, -11, -59,-997,-171;
 -13,-242, -48,  46,  12, -11, -54,-997,-171;
 -13,-245, -48,  46,  13, -10, -54,-995,-177;
 -10,-223, -53,  47,  14,  -9, -56,-1000,-179;
 -13,-244, -47,  48,  15,  -9, -55,-1000,-170;
 -14,-245, -45,  50,  15,  -8, -58,-1004,-177;
 -10,-244, -47,  51,  15,  -5, -54,-1003,-178;
  -8,-243, -45,  52,  15,  -6, -50,-1000,-171;
 -12,-247, -52,  53,  14,  -7, -56,-996,-174;
 -11,-243, -47,  55,  13,  -7, -52,-995,-176;
 -11,-244, -45,  57,  13,  -8, -52,-1002,-171;
 -11,-244, -51,  58,  12,  -9, -51,-1001,-175;
  -9,-243, -51,  59,  10, -10, -52,-997,-174;
 -15,-243, -44,  59,   9, -10, -62,-999,-176;
 -11,-244, -48,  59,   9, -11, -60,-1002,-182;
  -9,-245, -47,  57,   9, -12, -54,-1002,-178;
 -11,-243, -50,  55,   9, -12, -57,-998,-180;
 -13,-243, -50,  54,  10, -11, -56,-996,-180;
  -9,-244, -49,  52,  10, -12, -61,-1000,-176;
 -10,-244, -50,  52,  11, -11, -56,-999,-175;
 -10,-245, -49,  52,   9, -12, -58,-997,-171;
 -13,-245, -48,  52,  10, -12, -54,-999,-171;
 -12,-243, -46,  51,  11,  -9, -55,-999,-179;
 -11,-244, -44,  51,  11, -11, -57,-1000,-182;
 -11,-243, -47,  53,  10, -10, -58,-995,-176;
  -9,-243, -50,  54,  12, -10, -54,-998,-175;
 -11,-244, -48,  55,  12,  -9, -59,-995,-181;
 -11,-243, -48,  56,  12,  -8, -54,-993,-178;
 -13,-245, -47,  56,  12,  -9, -53,-994,-179;
  -9,-242, -51,  58,  11,  -8, -49,-991,-175;
 -13,-244, -51,  59,  11,  -6, -49,-996,-177;
 -12,-244, -53,  57,  10, -10, -52,-993,-171;
 -13,-242, -51,  57,   9,  -8, -54,-997,-175;
  -7,-245, -49,  57,   9,  -8, -48,-997,-170;
 -13,-243, -48,  56,   8,  -8, -49,-999,-176;
 -14,-243, -47,  56,   9,  -9, -54,-996,-174;
 -13,-245, -49,  55,   7, -11, -55,-998,-178;
 -12,-244, -48,  56,   6, -11, -56,-1001,-172;
 -13,-243, -48,  56,   5, -12, -54,-999,-173;
 -11,-243, -48,  57,   4, -11, -50,-1001,-181;
 -10,-245, -48,  59,   4, -11, -53,-1005,-175;
 -11,-244, -51,  61,   4, -11, -56,-1002,-178;
 -10,-246, -48,  61,   5, -10, -59,-1005,-174;
 -15,-246, -45,  63,   5, -10, -59,-997,-171;
 -12,-244, -47,  64,   6, -10, -55,-1001,-175;
 -14,-245, -43,  64,   7,  -8, -63,-997,-173;
  -8,-246, -46,  64,   8,  -7, -57,-998,-180;
 -12,-245, -40,  64,  10,  -7, -57,-1000,-170;
  -9,-246, -46,  63,  11,  -7, -55,-1002,-171;
 -11,-244, -48,  62,  12,  -7, -60,-995,-176;
 -12,-242, -50,  62,  13,  -8, -60,-996,-167;
  -8,-244, -46,  60,  12,  -7, -56,-999,-175;
 -11,-245, -49,  59,  13,  -7, -53,-996,-172;
 -10,-244, -52,  58,  14,  -6, -55,-1003,-170;
 -10,-249, -46,  55,  14,  -9, -52,-1000,-170;
 -10,-246, -46,  52,  13,  -9, -56,-997,-173;
  -8,-243, -47,  51,  11, -11, -56,-993,-168;
 -11,-246, -41,  48,  11, -10, -54,-996,-168;
  -8,-246, -48,  46,  11,  -9, -52,-995,-168;
  -9,-244, -47,  44,  10, -10, -56,-997,-172;
 -12,-242, -49,  43,   9, -10, -54,-1001,-170;
 -11,-243, -50,  43,   8, -11, -56,-1000,-166;
 -11,-248, -48,  43,   8, -12, -57,-1002,-180;
  -9,-246, -45,  43,   5, -11, -57,-999,-180;
 -10,-243, -51,  46,   4, -12, -60,-997,-173;
 -11,-245, -48,  47,   5, -11, -58,-993,-173;
 -12,-242, -47,  48,   4, -11, -56,-993,-173;
 -12,-241, -48,  47,   5, -11, -59,-995,-176;
 -11,-243, -45,  45,   5,  -9, -60,-994,-176;
 -10,-243, -47,  42,   7, -10, -58,-993,-181;
 -13,-241, -49,  39,   7,  -9, -55,-993,-183;
 -13,-246, -47,  37,   7,  -7, -61,-993,-175;
 -11,-243, -48,  37,   8,  -9, -54,-999,-183;
 -14,-241, -48,  37,   8,  -9, -57,-995,-176;
 -11,-242, -46,  36,   8,  -7, -56,-997,-179;
  -9,-246, -46,  36,   8,  -8, -59,-999,-168;
 -15,-245, -51,  36,   9,  -8, -55,-994,-171;
 -11,-242, -45,  36,   8,  -7, -58,-1002,-174;
 -10,-244, -47,  35,   9,  -7, -51,-998,-167;
 -12,-246, -46,  36,   9,  -6, -57,-996,-176;
 -16,-246, -48,  36,   9,  -7, -57,-999,-171;
  -9,-243, -49,  37,   8,  -7, -56,-999,-171;
 -11,-242, -48,  36,   9,  -8, -58,-996,-180;
 -11,-243, -46,  35,   9,  -9, -55,-995,-181;
 -11,-245, -48,  34,  10,  -9, -54,-993,-183;
 -12,-244, -49,  33,   9, -11, -59,-1000,-180;
 -13,-244, -47,  31,   9, -12, -58,-1002,-183;
 -12,-247, -50,  31,   9, -13, -61,-998,-177;
 -12,-242, -49,  30,   9, -14, -58,-998,-177;
 -13,-242, -48,  29,   8, -15, -57,-999,-176;
 -12,-242, -45,  29,   9, -16, -63,-1001,-176;
 -13,-245, -47,  32,   9, -15, -53,-1002,-179;
 -13,-242, -47,  33,   8, -15, -59,-997,-185;
 -13,-244, -48,  36,   8, -14, -52,-1000,-180;
  -9,-244, -46,  39,   9, -14, -56,-998,-181;
 -10,-246, -48,  41,   8, -13, -61,-996,-179;
 -12,-244, -51,  43,   8, -13, -57,-998,-178;
  -9,-247, -51,  46,   8, -13, -59,-1000,-179;
  -9,-247, -47,  49,  10, -10, -59,-996,-176;
 -13,-242, -50,  50,   8, -12, -60,-994,-175;
  -9,-243, -42,  50,   8, -12, -59,-990,-174;
 -10,-243, -49,  50,   6, -13, -61,-996,-179;
 -11,-243, -49,  50,   6, -15, -61,-994,-178;
 -13,-242, -48,  49,   6, -17, -61,-998,-174;
 -11,-246, -50,  48,   5, -16, -63,-997,-174;
 -11,-247, -46,  49,   5, -18, -55,-1000,-175;
 -11,-242, -48,  49,   5, -19, -58,-997,-176;
 -11,-246, -47,  50,   6, -19, -54,-999,-176;
 -13,-241, -49,  51,   6, -19, -55,-996,-184;
 -12,-242, -48,  54,   8, -19, -54,-998,-181;
 -14,-241, -45,  57,   8, -18, -57,-999,-182;
 -11,-245, -50,  58,  11, -17, -54,-997,-183;
 -13,-246, -41,  57,  14, -16, -60,-993,-179;
 -12,-242, -47,  57,  14, -16, -53,-994,-182;
  -9,-240, -47,  56,  17, -17, -48,-993,-179;
 -12,-241, -49,  54,  20, -15, -51,-999,-183;
 -11,-241, -48,  51,  19, -14, -54,-994,-174;
 -12,-242, -46,  49,  20, -14, -53,-997,-173;
 -12,-243, -48,  45,  21, -13, -54,-990,-175;
 -11,-244, -48,  46,  21, -13, -58,-999,-168;
 -13,-241, -45,  46,  20, -12, -53,-998,-176;
  -8,-244, -46,  45,  18, -12, -55,-997,-170;
 -10,-243, -49,  45,  16, -12, -52,-995,-168;
 -11,-243, -51,  45,  14, -12, -53,-1002,-180;
  -9,-249, -45,  44,  13, -11, -61,-997,-177;
  -8,-243, -47,  44,  12, -11, -60,-1000,-179;
 -12,-244, -48,  45,  11, -11, -62,-999,-175;
 -10,-242, -47,  45,  10, -12, -56,-996,-183;
 -12,-242, -48,  46,   9, -12, -56,-1000,-182;
 -11,-243, -50,  47,   9, -11, -57,-1002,-188;
 -11,-245, -52,  47,   9, -13, -61,-997,-184;
 -12,-244, -50,  46,  10, -13, -55,-999,-186;
 -13,-242, -51,  47,  10, -13, -61,-994,-182;
 -12,-245, -47,  46,  10, -14, -56,-996,-188;
 -11,-242, -48,  45,  11, -13, -56,-1000,-185;
  -8,-246, -50,  46,  12, -14, -58,-996,-188;
 -13,-243, -51,  44,  12, -13, -56,-1000,-192;
 -12,-241, -47,  44,  12, -13, -52,-993,-184;
 -11,-243, -49,  44,  12, -12, -59,-998,-184;
 -10,-244, -47,  42,  12, -14, -57,-993,-180;
 -11,-244, -48,  41,  13, -13, -53,-994,-183;
 -11,-244, -49,  41,  14, -12, -57,-993,-181;
 -10,-243, -48,  40,  14, -13, -55,-994,-178;
  -8,-244, -51,  40,  13, -11, -52,-995,-180;
 -11,-240, -46,  43,  13, -12, -52,-998,-182;
 -11,-246, -53,  43,  14, -12, -54,-993,-180;
 -12,-237, -50,  46,  13, -12, -53,-999,-180;
 -10,-244, -52,  49,  12, -11, -51,-994,-180;
  -9,-243, -44,  53,  13, -11, -54,-999,-181;
  -9,-243, -46,  55,  11, -10, -56,-1004,-182;
 -12,-245, -48,  54,  10, -11, -54,-999,-175;
 -10,-246, -50,  56,   7, -12, -52,-999,-173;
 -11,-244, -51,  57,   7, -10, -52,-1000,-179;
  -9,-247, -48,  59,   6, -10, -57,-996,-184;
  -5,-245, -50,  59,   5,  -7, -50,-995,-184;
 -12,-244, -49,  58,   4,  -8, -57,-998,-186;
 -13,-243, -54,  59,   4,  -8, -58,-997,-183;
 -10,-243, -54,  56,   2,  -9, -57,-999,-184;
 -10,-245, -51,  54,   1, -10, -54,-997,-183;
 -12,-244, -52,  53,   0, -10, -57,-995,-179;
 -11,-244, -48,  51,   1, -12, -55,-999,-184;
 -12,-242, -51,  51,   2, -13, -59,-999,-180;
 -14,-244, -51,  49,   3, -12, -55,-1002,-183;
 -13,-243, -46,  50,   4, -13, -60,-1001,-183;
  -9,-245, -53,  52,   5, -11, -54,-999,-184;
 -12,-244, -49,  53,   5, -11, -59,-996,-183;
 -17,-240, -53,  54,   6,  -9, -54,-999,-179;
 -16,-244, -55,  55,   7,  -8, -52,-997,-179;
 -12,-243, -49,  54,   8,  -9, -60,-996,-183;
 -12,-243, -46,  55,   9,  -8, -53,-994,-181;
 -12,-241, -51,  55,   9,  -6, -56,-992,-189;
 -10,-245, -51,  55,  11,  -5, -56,-998,-183;
 -11,-246, -46,  57,  12,  -7, -53,-1000,-176;
 -11,-242, -52,  56,  10,  -6, -54,-997,-175;
 -11,-241, -47,  59,  11,  -4, -56,-997,-183;
 -15,-245, -46,  62,  13,  -4, -49,-996,-180;
 -16,-242, -47,  63,  12,  -4, -51,-1001,-180;
 -11,-244, -48,  64,  11,  -5, -52,-1005,-176;
 -12,-241, -47,  64,  10,  -5, -51,-999,-177;
 -11,-242, -51,  64,   9,  -4, -52,-997,-175;
 -10,-242, -51,  64,   9,  -5, -49,-1002,-174;
 -11,-240, -50,  63,   8,  -7, -51,-1000,-177;
 -11,-243, -50,  63,   6,  -7, -51,-1001,-174;
  -7,-244, -50,  63,   6,  -8, -53,-1002,-173;
 -10,-242, -43,  61,   4, -12, -54,-1000,-178;
 -18,-247, -46,  60,   4, -11, -56,-1002,-180;
 -10,-245, -46,  58,   3, -11, -54,-996,-171;
 -11,-243, -47,  58,   4, -11, -61,-998,-168;
 -14,-245, -48,  59,   4, -10, -58,-998,-175;
 -11,-245, -49,  59,   3, -12, -56,-998,-179;
 -10,-243, -50,  61,   4, -11, -63,-1001,-175;
 -11,-245, -47,  63,   5, -13, -56,-999,-178;
 -11,-240, -52,  66,   5, -11, -61,-997,-177;
 -13,-243, -46,  66,   4, -11, -57,-999,-179;
 -10,-244, -48,  67,   4, -10, -64,-995,-182;
 -14,-244, -47,  66,   4,  -8, -55,-994,-190;
 -14,-241, -52,  67,   4,  -8, -57,-997,-184;
 -11,-244, -49,  67,   4,  -7, -52,-1000,-180;
 -10,-240, -48,  68,   4,  -7, -53,-996,-181;
 -12,-243, -46,  67,   5,  -6, -59,-998,-187;
 -12,-241, -47,  68,   6,  -7, -54,-995,-184;
 -13,-243, -52,  67,   5,  -6, -53,-990,-184;
 -11,-242, -50,  67,   5,  -6, -62,-996,-176;
  -9,-246, -47,  66,   6,  -7, -58,-1004,-182;
 -10,-242, -51,  66,   5,  -6, -55,-998,-180;
 -12,-243, -48,  66,   3,  -8, -52,-996,-183;
 -12,-242, -47,  66,   3, -10, -52,-1003,-178;
  -8,-247, -50,  68,   3, -10, -55,-1003,-187;
 -13,-241, -50,  67,   5, -10, -55,-1000,-179;
 -11,-243, -50,  69,   4,  -9, -61,-1000,-181;
 -12,-243, -50,  68,   4,  -8, -62,-996,-179;
  -9,-245, -46,  69,   6, -10, -59,-997,-179;
  -9,-243, -46,  71,   7,  -9, -61,-996,-177;
 -11,-243, -51,  71,   6, -10, -57,-993,-182;
 -10,-241, -51,  72,   8,  -9, -61,-993,-172;
 -11,-242, -49,  71,   8,  -9, -58,-994,-174;
 -16,-240, -53,  70,   7, -10, -63,-996,-175;
  -9,-245, -47,  71,   6, -11, -55,-999,-171;
 -14,-244, -47,  68,   6, -10, -60,-995,-181;
 -11,-244, -49,  68,   4, -11, -61,-1000,-183;
  -8,-239, -53,  66,   3, -13, -58,-1000,-181;
 -14,-244, -48,  66,   2, -13, -56,-1000,-171;
 -11,-243, -47,  68,   1, -13, -60,-998,-179;
  -9,-247, -45,  70,   1, -14, -62,-994,-179;
 -12,-246, -49,  72,   1, -14, -57,-1000,-178;
 -11,-246, -48,  73,   1, -15, -63,-998,-181;
 -13,-245, -46,  75,   0, -14, -59,-999,-174;
 -12,-245, -48,  77,   0, -13, -59,-999,-179;
 -11,-245, -49,  78,   1, -14, -60,-995,-175;
 -13,-247, -48,  78,   1, -13, -58,-995,-183;
 -15,-241, -48,  79,   2, -12, -56,-998,-182;
 -10,-245, -49,  81,   5, -13, -64,-1001,-175;
 -12,-245, -46,  82,   6, -12, -56,-999,-172;
 -12,-243, -47,  84,   8, -12, -58,-1000,-179;
 -14,-242, -47,  83,   9, -13, -54,-999,-170;
 -14,-240, -46,  81,  11, -13, -54,-992,-173;
 -11,-242, -43,  79,  13, -12, -57,-993,-169;
 -12,-244, -46,  76,  15, -13, -57,-994,-167;
 -11,-242, -44,  73,  15, -12, -55,-990,-170;
 -13,-247, -48,  71,  17, -13, -55,-995,-170;
  -9,-245, -47,  69,  15, -13, -53,-1003,-170;
 -10,-244, -48,  70,  14, -11, -57,-996,-173;
 -10,-242, -50,  70,  13, -12, -55,-999,-168;
 -10,-245, -45,  70,  13, -12, -51,-1004,-173;
  -9,-245, -50,  71,  13, -12, -55,-1001,-178;
 -11,-246, -47,  73,  11, -13, -50,-999,-172;
 -12,-245, -48,  74,   9, -13, -54,-999,-171;
 -10,-246, -49,  73,   8, -16, -53,-997,-175;
  -9,-245, -47,  72,   8, -15, -57,-1002,-165;
  -8,-245, -44,  72,   9, -17, -49,-998,-166;
  -9,-246, -49,  73,   8, -16, -51,-996,-178;
  -9,-244, -44,  74,   8, -15, -53,-1000,-167;
 -13,-242, -45,  73,   9, -13, -52,-992,-168;
  -9,-247, -44,  74,   9, -13, -55,-997,-169;
  -8,-243, -43,  75,   8, -12, -55,-993,-167;
 -11,-240, -48,  75,   9, -10, -52,-996,-164;
 -10,-242, -43,  75,   9, -10, -59,-998,-165;
 -13,-241, -43,  74,   9,  -9, -55,-995,-165;
 -10,-244, -47,  73,   9,  -7, -59,-1000,-170;
  -6,-246, -45,  71,   7,  -6, -58,-995,-166;
 -11,-244, -47,  71,   7,  -7, -56,-996,-165;
 -11,-243, -44,  71,   8,  -6, -57,-1004,-166;
  -9,-242, -44,  72,   8,  -6, -55,-996,-168;
 -14,-248, -46,  70,   8,  -5, -51,-999,-165;
 -11,-245, -46,  71,   9,  -5, -51,-996,-163;
  -8,-241, -45,  71,  10,  -4, -51,-998,-168;
 -12,-247, -44,  70,  10,  -6, -54,-997,-168;
 -13,-244, -49,  69,  10,  -6, -56,-995,-169;
 -11,-242, -43,  68,  10,  -6, -58,-997,-169;
 -10,-242, -44,  67,  11,  -8, -51,-1003,-169;
  -7,-245, -47,  66,  12,  -9, -53,-992,-165;
 -12,-244, -48,  64,  13, -10, -53,-993,-171;
 -10,-243, -44,  64,  13, -10, -57,-999,-168;
  -7,-242, -51,  63,  14,  -9, -62,-1006,-172;
 -12,-233, -48,  64,  12,  -9, -56,-1000,-168;
  -9,-247, -39,  65,  12,  -9, -55,-1001,-174;
  -9,-241, -48,  64,  12,  -9, -57,-999,-168;
 -13,-244, -46,  65,  13,  -9, -59,-997,-167;
 -12,-244, -45,  64,  13, -11, -61,-998,-170;
 -10,-241, -46,  65,  11, -10, -61,-997,-180;
 -10,-241, -46,  63,  11,  -8, -60,-996,-170;
 -11,-243, -49,  64,  12,  -9, -62,-1001,-174;
 -14,-243, -47,  65,  12,  -9, -58,-1003,-165;
 -11,-246, -48,  65,  13,  -7, -57,-996,-177;
 -10,-241, -47,  65,  12,  -7, -56,-997,-171;
 -13,-249, -45,  65,  14,  -7, -58,-999,-171;
 -12,-244, -47,  65,  14,  -7, -59,-995,-166;
 -12,-243, -47,  64,  14,  -7, -61,-997,-168;
 -11,-244, -44,  61,  14,  -7, -57,-1003,-167;
 -11,-246, -45,  59,  14,  -8, -60,-999,-162;
  -9,-244, -46,  56,  14,  -7, -52,-998,-165;
 -10,-245, -48,  55,  13,  -7, -53,-997,-168;
  -9,-247, -43,  55,  12,  -8, -60,-1003,-165;
  -9,-247, -45,  55,  12, -10, -62,-1000,-165;
  -9,-245, -47,  55,  11,  -9, -56,-1006,-167;
 -12,-247, -47,  57,   9,  -8, -61,-998,-164;
 -12,-245, -46,  57,   8,  -9, -56,-1001,-165;
 -13,-245, -48,  58,   7, -11, -56,-999,-160;
 -11,-246, -46,  58,   6,  -9, -60,-1000,-169;
 -10,-244, -47,  58,   6,  -9, -55,-998,-163;
 -14,-242, -48,  60,   4,  -9, -61,-999,-168;
 -14,-243, -49,  61,   4,  -8, -61,-1001,-165;
 -14,-245, -45,  61,   4,  -7, -58,-1000,-166;
  -7,-246, -46,  62,   3,  -8, -63,-996,-166;
 -13,-242, -45,  61,   4, -10, -59,-993,-171;
 -12,-246, -46,  60,   5, -10, -56,-999,-174;
 -11,-242, -44,  59,   6, -10, -64,-998,-166;
 -14,-246, -48,  58,   7,  -9, -66,-1004,-169;
 -14,-248, -44,  58,   7,  -9, -65,-1001,-172;
 -11,-246, -44,  58,   7,  -8, -63,-1000,-160;
 -12,-245, -44,  59,   8,  -9, -60,-999,-164;
 -13,-244, -47,  57,   7,  -8, -58,-1006,-171;
 -13,-242, -44,  58,   8,  -9, -65,-993,-165;
  -9,-244, -47,  58,   9,  -9, -55,-1003,-167;
 -11,-242, -46,  58,   9,  -8, -60,-996,-168;
 -10,-244, -45,  58,  11,  -8, -50,-994,-170;
 -11,-246, -44,  57,  13,  -8, -59,-999,-166;
 -13,-243, -42,  57,  15,  -7, -58,-1001,-164;
 -12,-243, -51,  57,  15,  -9, -54,-995,-173;
 -10,-245, -46,  55,  15,  -9, -55,-997,-165;
  -9,-244, -45,  54,  16, -10, -58,-999,-168;
 -10,-245, -44,  52,  15,  -8, -59,-997,-167;
  -9,-243, -44,  52,  15,  -9, -60,-995,-166;
 -15,-246, -42,  51,  15,  -8, -59,-997,-161;
  -7,-248, -44,  49,  14,  -9, -59,-1004,-167;
  -9,-243, -45,  50,  14,  -9, -59,-1000,-165;
 -10,-246, -42,  50,  12,  -8, -55,-1000,-167;
  -9,-244, -44,  51,  10, -10, -54,-1000,-164;
  -9,-248, -38,  51,  12, -11, -54,-995,-165;
 -10,-244, -47,  53,  11, -10, -56,-1001,-164;
 -12,-245, -46,  53,   9,  -9, -57,-1001,-168;
 -12,-242, -48,  54,   9,  -9, -63,-999,-163;
 -14,-243, -46,  55,   9, -10, -56,-1000,-170;
 -11,-243, -50,  56,   9, -10, -60,-1000,-169;
  -9,-245, -49,  56,   8, -10, -59,-1002,-169;
 -13,-242, -45,  55,   8, -10, -56,-999,-170;
 -15,-243, -51,  56,   8, -11, -61,-998,-168;
 -12,-243, -41,  55,   8, -11, -59,-997,-167;
 -15,-246, -44,  54,   9, -10, -58,-1003,-166;
  -9,-244, -47,  52,   9,  -7, -59,-1004,-164;
 -22,-250, -52,  52,   9,  -8, -61,-999,-168;
 -12,-247, -46,  53,  11,  -9, -55,-1003,-165;
 -10,-245, -45,  53,  12,  -8, -57,-999,-167;
 -13,-245, -47,  52,  13,  -8, -61,-997,-164;
 -12,-249, -47,  52,  12,  -8, -52,-999,-166;
 -14,-242, -45,  52,  13,  -9, -56,-1003,-167;
 -12,-244, -41,  52,  15,  -8, -54,-999,-165;
 -12,-246, -46,  52,  15,  -9, -56,-1003,-169;
  -9,-243, -43,  53,  14,  -9, -60,-997,-164;
 -14,-241, -44,  54,  14,  -9, -58,-999,-169;
 -12,-240, -46,  55,  15,  -8, -59,-1002,-164;
 -14,-245, -41,  56,  15,  -9, -60,-998,-168;
 -12,-246, -44,  56,  14, -11, -56,-1001,-168;
 -12,-243, -45,  55,  14, -11, -61,-998,-174;
 -11,-246, -45,  54,  14, -12, -64,-995,-165;
 -12,-246, -46,  53,  13, -13, -60,-1001,-169;
 -15,-244, -44,  53,  12, -14, -62,-999,-167;
 -16,-243, -47,  55,  12, -15, -56,-1001,-170;
 -12,-246, -51,  55,  12, -13, -60,-1002,-173;
 -11,-245, -48,  55,  12, -13, -62,-1000,-165;
 -12,-244, -43,  54,  12, -13, -65,-997,-166;
 -13,-246, -50,  55,  12, -13, -62,-1001,-166;
 -10,-247, -47,  57,  12, -13, -59,-1002,-170;
 -11,-245, -42,  57,  13, -12, -62,-999,-172;
 -14,-246, -42,  57,  12, -13, -54,-999,-169;
 -13,-245, -44,  58,  13, -15, -60,-998,-168;
 -11,-244, -46,  56,  14, -14, -64,-1002,-168;
  -8,-246, -45,  55,  14, -12, -55,-998,-161;
 -13,-244, -45,  54,  13, -12, -56,-1000,-157;
 -12,-245, -43,  54,  12, -12, -64,-1000,-165;
 -13,-244, -47,  51,  12, -13, -61,-998,-163;
  -9,-244, -43,  48,  12, -12, -60,-994,-167;
 -12,-244, -46,  48,  12, -13, -58,-998,-163;
 -13,-242, -46,  48,  13, -12, -63,-997,-162;
 -13,-242, -46,  49,  13, -11, -57,-998,-165;
 -13,-242, -45,  49,  11, -11, -60,-998,-165;
 -10,-244, -44,  49,  13, -10, -63,-997,-170;
 -12,-243, -42,  50,  12,  -7, -56,-995,-166;
 -10,-244, -45,  49,  15,  -8, -50,-998,-170;
 -10,-245, -44,  49,  15,  -9, -52,-1001,-171;
 -12,-242, -48,  49,  14,  -8, -52,-996,-174;
 -13,-247, -44,  48,  15,  -8, -55,-1007,-168;
  -8,-245, -41,  50,  16,  -7, -53,-1000,-168;
  -7,-251, -49,  50,  15, -11, -55,-1000,-166;
 -12,-242, -47,  52,  14,  -9, -53,-1000,-168;
 -10,-243, -46,  54,  14,  -9, -59,-995,-169;
 -11,-247, -47,  55,  14,  -8, -52,-999,-166;
 -10,-244, -48,  56,  14,  -9, -54,-996,-162;
  -9,-245, -43,  57,  13,  -8, -55,-998,-161;
 -15,-242, -45,  56,  13, -10, -53,-1001,-159;
 -12,-246, -45,  54,  14,  -9, -51,-1002,-163;
 -13,-242, -46,  52,  13,  -9, -52,-998,-168;
  -8,-246, -46,  52,  13, -11, -50,-994,-167;
 -10,-243, -43,  51,  13, -10, -55,-1001,-163;
 -12,-243, -44,  50,  12,  -9, -58,-995,-165;
 -12,-242, -46,  48,  12,  -9, -55,-997,-166;
 -11,-242, -45,  47,  11, -10, -56,-993,-168;
 -12,-243, -45,  47,  12, -11, -55,-997,-162;
 -11,-244, -45,  47,  12,  -9, -58,-1001,-173;
 -11,-244, -42,  46,  12,  -8, -55,-1004,-167;
  -8,-247, -46,  47,  13,  -9, -62,-999,-164;
 -12,-246, -47,  46,  13, -10, -53,-998,-170;
 -12,-246, -49,  46,  11,  -9, -61,-999,-168;
  -8,-247, -50,  47,  12, -12, -57,-999,-168;
  -8,-246, -45,  47,  12, -11, -56,-998,-173;
 -18,-247, -46,  47,  12, -13, -58,-997,-162;
 -13,-244, -49,  45,  12, -13, -58,-998,-176;
 -12,-242, -47,  45,  13, -12, -60,-993,-167;
 -13,-241, -45,  44,  13, -11, -64,-993,-173;
 -13,-243, -47,  43,  14, -11, -62,-1000,-170;
 -11,-243, -41,  42,  13, -12, -59,-995,-173;
 -11,-243, -49,  41,  13, -11, -64,-993,-171;
 -14,-244, -50,  41,  13, -12, -53,-998,-168;
 -11,-244, -44,  41,  14, -10, -58,-1003,-167;
 -12,-245, -44,  42,  13, -11, -59,-1007,-164;
 -14,-243, -48,  43,  13, -10, -62,-995,-166;
 -12,-243, -43,  47,  14, -10, -66,-1001,-167;
  -9,-246, -42,  47,  14, -10, -58,-1000,-167;
 -10,-246, -45,  50,  13,  -9, -55,-1007,-166;
 -12,-243, -43,  52,  14,  -8, -58,-1002,-165;
 -12,-246, -44,  53,  13, -10, -58,-998,-172;
 -15,-244, -43,  54,  14,  -9, -65,-999,-165;
 -14,-245, -46,  55,  13,  -7, -66,-1002,-170;
 -14,-243, -47,  55,  14,  -8, -61,-995,-169;
 -14,-247, -46,  54,  14,  -9, -64,-1002,-168;
 -18,-240, -48,  54,  15,  -9, -61,-1002,-170;
 -14,-245, -49,  53,  14, -10, -64,-1001,-167;
 -12,-245, -46,  53,  14,  -9, -64,-1004,-165;
 -13,-246, -49,  51,  13,  -9, -60,-1003,-170;
 -13,-243, -47,  52,  13, -11, -54,-1001,-168;
 -11,-245, -46,  51,  13, -11, -64,-999,-174;
 -12,-242, -48,  51,  14, -10, -60,-1007,-167;
  -9,-244, -52,  49,  13, -11, -59,-1000,-173;
 -13,-244, -47,  49,  12,  -8, -57,-1001,-173;
 -10,-243, -47,  50,  13,  -9, -51,-1002,-175;
 -12,-244, -45,  49,  12, -11, -57,-1000,-167;
 -11,-243, -41,  48,  12,  -9, -54,-998,-172;
  -9,-248, -50,  49,  12, -11, -56,-999,-169;
 -11,-244, -45,  47,  11,  -9, -55,-1002,-165;
 -11,-245, -46,  45,  11, -10, -53,-1001,-166;
  -9,-244, -48,  46,  11,  -9, -53,-997,-165;
 -10,-248, -44,  45,  13, -10, -62,-997,-170;
 -13,-241, -44,  42,  11, -11, -52,-995,-167;
 -14,-241, -49,  41,  11, -11, -53,-1001,-168;
 -10,-246, -44,  41,  11, -11, -60,-999,-166;
 -11,-244, -46,  40,  10, -11, -52,-1002,-163;
 -10,-243, -45,  40,   9, -12, -54,-994,-164;
 -12,-244, -50,  41,  10, -13, -51,-1001,-168;
  -8,-252, -45,  41,  11, -13, -52,-999,-172;
 -11,-246, -48,  43,  11, -14, -57,-1001,-167;
  -9,-247, -47,  43,  11, -13, -57,-997,-167;
  -9,-245, -43,  44,  12, -13, -54,-1001,-166;
 -12,-241, -45,  43,  12, -13, -55,-997,-172;
 -11,-242, -46,  42,  14, -14, -55,-997,-167;
  -9,-245, -47,  41,  14, -16, -58,-996,-167;
  -7,-245, -49,  40,  15, -17, -55,-998,-170;
 -10,-245, -44,  39,  18, -18, -57,-996,-178;
 -11,-242, -47,  38,  18, -20, -52,-993,-173;
 -10,-245, -52,  37,  18, -19, -51,-994,-171;
 -10,-244, -50,  40,  20, -21, -55,-998,-174;
  -8,-244, -46,  42,  21, -24, -43,-997,-179;
  -7,-242, -47,  41,  21, -23, -47,-996,-180;
  -6,-244, -51,  42,  23, -27, -41,-999,-182;
 -10,-242, -51,  40,  23, -29, -32,-1001,-185;
  -7,-243, -52,  35,  26, -32, -29,-997,-198;
  -2,-242, -54,  22,  29, -35, -28,-997,-199;
  -4,-242, -55,   5,  30, -41, -27,-996,-204;
  -2,-244, -58, -17,  32, -46, -25,-997,-205;
   0,-241, -54, -45,  32, -53, -25,-993,-205;
  -2,-243, -51, -76,  32, -60, -22,-994,-199;
  -3,-246, -55,-107,  34, -69, -23,-999,-199;
  -3,-245, -52,-132,  34, -81, -28,-1005,-196;
  -2,-248, -54,-153,  35, -92, -26,-1005,-186;
  -2,-248, -51,-169,  39,-102, -23,-1008,-184;
  -1,-246, -52,-180,  43,-111, -25,-1001,-182;
  -4,-239, -49,-191,  49,-118, -31,-994,-182;
  -5,-239, -44,-203,  55,-125, -31,-981,-166;
  -9,-234, -46,-221,  54,-134, -30,-975,-155;
  -8,-235, -40,-247,  52,-144, -34,-957,-150;
  -5,-230, -44,-276,  44,-156, -41,-947,-146;
  -6,-229, -38,-307,  40,-166, -48,-940,-155;
 -11,-227, -39,-334,  37,-176, -56,-939,-157;
 -10,-227, -47,-347,  40,-185, -63,-935,-158;
 -15,-227, -43,-346,  47,-192, -70,-931,-161;
 -15,-226, -43,-334,  54,-194, -83,-933,-161;
 -20,-224, -49,-312,  61,-189, -98,-932,-166;
 -24,-224, -50,-296,  70,-182,-101,-925,-179;
 -21,-225, -50,-289,  78,-171,-104,-929,-201;
 -21,-223, -57,-296,  84,-159, -99,-928,-208;
 -23,-223, -58,-315,  86,-149, -98,-932,-211;
 -23,-228, -58,-335,  87,-137, -93,-935,-210;
 -20,-233, -57,-353,  84,-121, -86,-940,-208;
 -19,-230, -54,-360,  80,-105, -77,-949,-203;
 -16,-230, -51,-359,  75, -91, -73,-955,-184;
 -13,-232, -49,-350,  66, -79, -65,-958,-179;
 -11,-237, -52,-340,  54, -71, -55,-967,-171;
 -10,-236, -47,-333,  43, -66, -52,-976,-174;
 -12,-237, -48,-334,  31, -63, -53,-977,-180;
  -9,-239, -47,-348,  22, -67, -40,-974,-178;
  -9,-239, -42,-366,  19, -75, -43,-978,-170;
 -10,-236, -48,-386,  21, -86, -40,-990,-169;
 -12,-241, -48,-401,  23, -95, -43,-990,-170;
  -8,-239, -46,-408,  28,-104, -44,-984,-165;
  -7,-241, -43,-409,  34,-114, -49,-986,-164;
  -9,-237, -46,-405,  42,-121, -47,-972,-163;
  -7,-238, -42,-400,  47,-127, -49,-967,-166;
  -8,-233, -44,-396,  53,-130, -46,-960,-158;
  -9,-229, -40,-397,  59,-136, -46,-951,-153;
  -8,-230, -43,-402,  62,-139, -40,-940,-154;
  -2,-226, -41,-414,  64,-143, -41,-934,-166;
  -6,-223, -47,-433,  65,-152, -36,-926,-163;
 -10,-222, -48,-456,  67,-162, -44,-924,-160;
  -9,-221, -45,-481,  71,-172, -42,-914,-164;
  -6,-229, -56,-505,  77,-183, -42,-914,-163;
  -8,-222, -45,-529,  84,-188, -45,-912,-166;
  -6,-219, -48,-553,  95,-194, -47,-906,-180;
  -7,-222, -52,-577, 105,-197, -45,-913,-192;
  -9,-220, -52,-594, 114,-198, -41,-913,-198;
  -8,-221, -56,-611, 120,-193, -46,-916,-200;
 -10,-226, -58,-627, 121,-187, -49,-922,-203;
  -8,-223, -57,-648, 118,-177, -47,-931,-218;
  -8,-227, -60,-674, 109,-171, -47,-935,-229;
  -9,-225, -64,-701,  98,-165, -46,-938,-239;
  -7,-232, -65,-720,  86,-161, -47,-946,-248;
  -6,-233, -65,-730,  76,-158, -46,-955,-255;
  -8,-229, -65,-735,  63,-151, -47,-957,-253;
  -7,-233, -66,-739,  51,-140, -37,-953,-259;
  -6,-232, -67,-744,  44,-134, -36,-941,-251;
  -5,-225, -66,-754,  37,-129, -36,-938,-251;
  -5,-222, -64,-775,  26,-122, -36,-930,-244;
  -4,-224, -63,-799,  16,-113, -34,-926,-240;
  -2,-223, -57,-825,   3,-106, -26,-922,-229;
  -6,-221, -63,-852,  -8, -99, -20,-922,-229;
  -2,-223, -59,-874, -21, -91, -19,-927,-228;
  -2,-229, -65,-888, -35, -83, -23,-941,-236;
  -1,-231, -65,-897, -49, -77,  -8,-945,-245;
  -2,-232, -66,-896, -56, -73, -13,-954,-262;
   0,-232, -69,-903, -54, -70,  -4,-961,-274;
   3,-234, -77,-929, -47, -72,   1,-964,-288;
   1,-234, -80,-966, -27, -76,   8,-971,-310;
   1,-241, -86,-1013,  -7, -78,   1,-985,-326;
   2,-240, -86,-1066,  11, -88,   4,-994,-343;
   3,-241, -94,-1122,  24, -97,  14,-1008,-361;
   8,-247,-100,-1183,  43,-100,   8,-1006,-376;
   4,-251,-104,-1252,  67,-107,  10,-1022,-391;
  17,-252,-101,-1321,  93,-113,  12,-1036,-401;
   6,-247,-104,-1394, 118,-121,  18,-1030,-426;
   5,-250,-113,-1467, 142,-130,  19,-1021,-433;
   7,-247,-113,-1533, 169,-139,  24,-1009,-438;
   9,-241,-115,-1589, 194,-149,  29,-993,-449;
  14,-238,-110,-1635, 207,-158,  39,-982,-451;
  11,-231,-125,-1672, 206,-164,  36,-963,-457;
  14,-228,-121,-1705, 207,-171,  37,-937,-469;
   5,-220,-123,-1735, 195,-180,  28,-909,-477;
   2,-215,-118,-1763, 169,-187,  10,-878,-484;
   1,-214,-121,-1783, 122,-190,  -1,-879,-497;
  -6,-217,-129,-1792,  64,-190,   9,-891,-518;
   1,-223,-143,-1785,  -7,-185,  11,-920,-557;
   4,-233,-151,-1762, -73,-176,  28,-940,-597;
  12,-238,-162,-1726,-138,-170,  49,-960,-652;
  20,-244,-184,-1677,-196,-168,  71,-987,-705;
  30,-243,-192,-1635,-239,-174, 102,-982,-762;
  29,-242,-197,-1629,-268,-194, 129,-983,-805;
  35,-249,-213,-1646,-275,-210, 122,-1003,-836;
  19,-252,-218,-1660,-257,-218, 116,-1033,-892;
  20,-257,-225,-1676,-219,-216,  96,-1068,-912;
  18,-272,-239,-1691,-188,-206,  72,-1110,-960;
  10,-285,-247,-1715,-151,-197,  43,-1160,-1001;
   2,-298,-257,-1738,-118,-186,  16,-1208,-1049;
  -1,-309,-260,-1754, -87,-173,  -8,-1253,-1081;
  -7,-316,-275,-1750, -51,-161, -18,-1292,-1116;
 -19,-319,-281,-1713,  -3,-144, -68,-1278,-1128;
 -16,-321,-284,-1628,  40,-103, -51,-1287,-1144;
 -15,-320,-278,-1500,  87, -64, -62,-1262,-1141;
 -11,-317,-276,-1328, 116, -13, -35,-1271,-1146;
  -7,-316,-281,-1120, 139,  28,  -7,-1265,-1142;
   1,-318,-280,-885, 150,  58,  22,-1249,-1139;
  20,-314,-280,-644, 141,  86,  64,-1236,-1153;
  24,-303,-282,-416, 107, 106, 105,-1200,-1148;
  34,-285,-281,-212,  61, 121, 135,-1153,-1148;
  37,-272,-280, -37,  23, 129, 148,-1090,-1130;
  44,-255,-270, 111,   5, 122, 166,-1024,-1107;
  32,-227,-253, 227,  -3,  99, 127,-928,-1055;
  26,-207,-246, 314, -16,  80, 121,-857,-1013;
  21,-191,-237, 361, -21,  44, 120,-812,-954;
  22,-182,-218, 364, -16,   1,  77,-733,-886;
  20,-172,-210, 337, -21, -18,  77,-703,-847;
  12,-160,-198, 280, -17, -29,  44,-661,-800;
  13,-159,-193, 206,  -1, -22,  53,-652,-768;
  15,-148,-183, 116,   9, -15,  37,-621,-736;
  13,-145,-178,  25,  12,  -1,  38,-601,-727;
   8,-144,-177, -58,  14,  13,  41,-587,-714;
   9,-142,-175,-129,  17,  27,  38,-585,-710;
  15,-144,-177,-184,  14,  37,  49,-585,-708;
  16,-146,-172,-230,   5,  44,  53,-596,-718;
  16,-148,-178,-267,  -4,  48,  57,-597,-719;
  18,-149,-181,-296,  -5,  43,  64,-606,-722;
  18,-154,-187,-324,   2,  43,  81,-630,-731;
  23,-156,-181,-355,  19,  41,  76,-645,-731;
  17,-163,-181,-390,  38,  39,  87,-673,-738;
  25,-167,-184,-432,  63,  32,  79,-681,-741;
  17,-173,-189,-481,  93,  29,  71,-704,-731;
  18,-175,-182,-527, 125,  35,  63,-710,-725;
  23,-179,-177,-564, 159,  54,  77,-733,-717;
  15,-180,-171,-589, 188,  58,  70,-748,-707;
  13,-183,-165,-597, 210,  67,  48,-740,-672;
  13,-190,-166,-581, 228,  80,  51,-759,-659;
  13,-187,-161,-545, 242,  87,  55,-758,-643;
  13,-183,-152,-494, 253,  80,  37,-736,-623;
   8,-175,-149,-428, 256,  68,  23,-710,-615;
   7,-171,-152,-346, 251,  74,  18,-694,-614;
   9,-168,-154,-255, 249,  90,  25,-665,-608;
   8,-163,-149,-166, 249,  93,  16,-635,-607;
   7,-148,-150, -91, 246,  91,  19,-608,-609;
   9,-139,-153, -31, 240,  86,  25,-581,-613;
   6,-135,-157,   9, 239,  78,  26,-563,-625;
   4,-131,-149,  30, 247,  65,  10,-525,-602;
   6,-119,-143,  37, 251,  60,  12,-490,-589;
   1,-112,-143,  38, 244,  57,  13,-466,-587;
  10,-112,-152,  30, 245,  55,  24,-440,-581;
   5,-102,-146,  20, 251,  49,  14,-413,-565;
   4, -96,-136,   4, 256,  47,   5,-391,-557;
   4, -86,-132, -10, 259,  47,  15,-361,-539;
   0, -77,-128, -18, 261,  51,   5,-339,-525;
   6, -84,-128, -19, 264,  56,   0,-333,-504;
  -2, -76,-124, -17, 257,  46,   4,-319,-492;
   5, -70,-117, -14, 247,  34,  -3,-304,-476;
   0, -66,-115, -12, 231,  28,  -4,-279,-467;
   1, -59,-120, -11, 221,  30,   8,-258,-473;
   6, -61,-121, -12, 222,  34,  15,-255,-473;
   6, -59,-118, -19, 235,  42,  18,-244,-471;
  10, -56,-115, -29, 243,  44,  23,-236,-468;
   8, -51,-118, -38, 253,  43,  17,-221,-464;
   4, -51,-118, -44, 269,  51,  19,-219,-458;
  11, -51,-112, -43, 279,  56,  33,-214,-425;
  13, -50, -99, -39, 288,  57,  20,-204,-407;
  11, -46, -94, -27, 292,  63,  26,-197,-384;
  13, -43, -91, -11, 296,  73,  25,-181,-361;
   8, -40, -89,   9, 295,  87,  21,-170,-343;
   6, -38, -83,  30, 295, 101,  21,-166,-335;
   9, -33, -80,  49, 285, 109,  18,-144,-320;
  12, -31, -80,  68, 270, 115,  22,-124,-307;
   0, -25, -82,  87, 255, 116,  17,-116,-307;
   7, -29, -78, 107, 237, 112,  15,-105,-301;
   7, -21, -75, 129, 213, 105,  13, -96,-316;
   5, -20, -77, 158, 183,  92,  10, -99,-312;
   6, -19, -80, 179, 152,  72,  12, -95,-325;
   7, -23, -84, 195, 123,  49,  20, -98,-327;
  11, -25, -85, 206,  97,  23,  24,-103,-333;
   8, -23, -87, 212,  73,  -5,  21,-107,-337;
   8, -28, -91, 211,  45, -37,  12,-114,-341;
   0, -28, -89, 202,  11, -69,   1,-137,-344;
   0, -33, -92, 182, -29,-104,  -6,-156,-352;
   0, -40, -94, 152, -75,-143, -19,-182,-370;
  -5, -50,-103, 111,-132,-180, -24,-214,-397;
  -1, -61,-113,  59,-194,-213, -24,-265,-438;
  -3, -70,-125,  -7,-252,-247, -17,-311,-501;
   1, -82,-145, -82,-309,-279,  -4,-349,-571;
  12,-100,-167,-160,-362,-309,  34,-404,-651;
  20,-108,-184,-233,-406,-337,  80,-462,-734;
  26,-125,-200,-283,-438,-353, 112,-512,-806;
  36,-146,-217,-303,-457,-357, 134,-581,-870;
  37,-163,-231,-284,-459,-343, 142,-643,-927;
  37,-170,-240,-223,-445,-318, 140,-693,-957;
  40,-189,-247,-119,-414,-276, 140,-719,-988;
  41,-187,-245,  19,-365,-219, 156,-741,-995;
  43,-191,-242, 182,-307,-154, 156,-749,-977;
  38,-192,-237, 350,-251, -89, 141,-758,-957;
  31,-195,-227, 510,-206, -33, 131,-778,-930;
  26,-198,-221, 650,-175,  -1, 108,-791,-891;
  19,-196,-207, 759,-158,   5,  84,-804,-847;
  20,-196,-198, 842,-156, -10,  69,-799,-828;
  16,-190,-197, 903,-170, -45,  70,-769,-804;
  14,-179,-202, 944,-196, -90,  61,-722,-803;
  12,-168,-201, 978,-229,-132,  49,-672,-820;
  13,-151,-208,1004,-257,-170,  48,-608,-855;
  13,-135,-215,1026,-270,-192,  39,-553,-891;
   2,-118,-235,1040,-269,-182,  13,-492,-943;
   1,-104,-257,1016,-238,-139,  -8,-442,-998;
  -2, -93,-235, 936,-176, -71, -35,-393,-992;
  -9, -88,-229, 809,-114, -13, -61,-391,-985;
 -18, -95,-235, 624, -68,  41, -89,-411,-949;
 -28,-111,-227, 415, -35,  81, -98,-465,-904;
 -33,-132,-217, 224, -16,  99,-111,-525,-853;
 -26,-152,-185,  94, -25,  94,-105,-617,-803;
 -20,-171,-178,  47, -73,  72, -82,-692,-754;
 -24,-191,-182,  77,-134,  47, -71,-750,-715;
 -10,-195,-182, 164,-171,  25, -31,-790,-706;
  -5,-196,-169, 272,-192,   3, -16,-795,-684;
   9,-192,-158, 383,-196,  -3,  18,-786,-671;
   9,-190,-163, 476,-186,  -4,  45,-768,-654;
  17,-181,-169, 542,-160,   3,  68,-731,-644;
  28,-180,-162, 581,-118,  20, 102,-738,-628;
  34,-187,-142, 597, -77,  34, 143,-758,-593;
  39,-199,-136, 611, -70,  41, 139,-810,-566;
  45,-225,-134, 632, -91,  41, 188,-931,-510;
  39,-260,-118, 672,-130,   5, 170,-1050,-440;
  50,-328, -80, 756,-188, -15, 185,-1281,-333;
  51,-415, -52, 905,-262, -31, 185,-1614,-234;
  47,-496, -53,1136,-336, -53, 158,-1985,-172;
  28,-593, -56,1471,-389, -44, 148,-2353,-188;
  40,-673, -82,1924,-429,   8, 130,-2644,-284;
  24,-716,-151,2506,-474, 106,  96,-2809,-530;
   7,-690,-229,3149,-508, 221,  28,-2686,-926;
  34,-602,-339,3832,-558, 324,  22,-2316,-1429;
  40,-422,-529,4465,-661, 321, 109,-1754,-2156;
  62,-247,-640,4752,-615, 196, 146,-1131,-2567;
  15,-155,-635,4549,-380,  87,  91,-742,-2546;
  47,-136,-555,3834,-132,  18,  99,-682,-2373;
  26,-157,-437,2824,  42, -48,  41,-746,-1990;
  12,-190,-399,1977,  86, -60,  50,-825,-1693;
   2,-216,-333,1380,  95, -50,  28,-877,-1317;
   2,-226,-276,1092, 122, -12,  76,-935,-978;
   7,-205,-165, 994, 145,  39, -24,-804,-810;
 -15,-168,-158, 976,  91,  96, -86,-683,-751;
 -38,-130,-201, 913, -14, 139,-123,-571,-759;
 -51,-122,-230, 753, -73, 158,-156,-512,-767;
 -41,-111,-189, 514, -73, 157,-154,-548,-745;
 -22,-149,-139, 263, -80, 137,-133,-650,-688;
 -22,-175,-154,  41,-112, 115,-101,-762,-644;
 -20,-199,-179,-142,-113,  96, -50,-838,-596;
  -7,-215,-167,-282, -64,  83,  -9,-878,-563;
   8,-220,-120,-374, -14,  82,  21,-905,-500;
  19,-220, -98,-421, -15,  84,  48,-913,-453;
  13,-225,-118,-433, -43,  85,  63,-915,-397;
   7,-226,-113,-432, -39,  83,  60,-917,-340;
  13,-226, -80,-428, -10,  82,  53,-932,-295;
  18,-231, -44,-417,   4,  80,  42,-947,-246;
   6,-231, -64,-391,  -6,  80,  37,-941,-226;
   2,-242, -76,-343,   4,  73,  18,-948,-185;
   3,-234, -63,-259,  42,  68,  16,-947,-171;
   7,-229, -36,-156,  80,  59,  16,-936,-181;
  18,-230, -18, -56,  84,  52,   6,-935,-175;
   1,-232, -64,  49,  74,  52,   4,-945,-176;
  -2,-232, -70, 147,  81,  57,   5,-947,-189;
   1,-238, -56, 230,  94,  56,   0,-966,-210;
   0,-238, -38, 299,  82,  52, -17,-978,-220;
  -1,-244, -45, 360,  39,  53, -23,-990,-235;
 -17,-250, -80, 421,   7,  52, -37,-1005,-228;
 -17,-254, -69, 494,  -1,  49, -55,-1021,-229;
 -16,-255, -48, 573, -13,  53, -66,-1050,-226;
 -12,-258, -34, 658, -50,  54, -72,-1056,-213;
 -14,-262, -52, 745, -89,  58, -79,-1061,-205;
 -21,-257, -69, 823, -99,  58, -83,-1051,-195;
 -15,-256, -46, 885, -90,  61, -73,-1044,-189;
  -9,-251, -29, 931, -94,  66, -75,-1033,-188;
  -9,-247, -41, 957,-109,  74, -67,-1021,-184;
 -15,-248, -60, 970,-104,  79, -64,-1008,-189;
 -13,-246, -56, 974, -80,  86, -49,-1004,-192;
  -2,-245, -42, 975, -64,  92, -45,-1005,-209;
  -2,-246, -48, 975, -71,  96, -39,-1006,-229;
  -5,-247, -70, 979, -83, 101, -26,-1009,-251;
 -11,-249, -89, 994, -81, 103, -23,-1010,-286;
   0,-245, -77,1013, -75, 104, -18,-1004,-327;
   3,-243, -85,1032, -83, 106, -18,-987,-372;
  -2,-233,-104,1042,-100, 106, -22,-958,-417;
 -10,-225,-124,1038,-101, 105, -31,-944,-452;
 -11,-220,-132,1011, -82, 102, -31,-914,-477;
  -1,-214,-115, 964, -65,  98, -35,-898,-487;
  -3,-213,-119, 898, -61,  96, -43,-880,-506;
 -14,-211,-124, 818, -54,  97, -48,-875,-492;
 -12,-209,-127, 735, -34, 100, -49,-871,-472;
 -12,-209,-122, 659, -15, 106, -41,-868,-465;
  -1,-212,-106, 588, -11, 109, -38,-876,-456;
  -7,-209,-116, 518, -13, 106, -49,-862,-442;
 -13,-209,-122, 455, -11, 114, -39,-869,-432;
  -7,-208,-114, 393,   1, 117, -35,-871,-427;
  -7,-213,-103, 338,   9, 118, -40,-871,-410;
  -4,-211, -97, 295,   5, 123, -28,-879,-396;
  -7,-212,-102, 262,  -1, 123, -31,-880,-390;
  -4,-216,-104, 238,   5, 125, -25,-880,-380;
  -5,-218, -99, 218,  15, 122, -26,-880,-380;
  -1,-207, -88, 201,  12, 124, -21,-882,-366;
  -1,-219, -96, 188,  -2, 120, -14,-894,-367;
  -5,-214,-101, 179,  -8, 117, -18,-903,-363;
  -3,-220, -99, 180,  -7, 110, -12,-909,-358;
   1,-226, -91, 192, -11, 104,  -8,-929,-353;
   2,-229, -87, 217, -24,  98,  -2,-932,-354;
   1,-233, -99, 250, -35,  85,   0,-947,-364;
   1,-237,-100, 288, -34,  73,  -3,-958,-367;
   2,-239, -95, 329, -26,  60,  -1,-961,-382;
   1,-234, -91, 368, -23,  48, -14,-963,-374;
   0,-233, -98, 404, -23,  35, -13,-962,-369;
  -1,-237, -98, 434, -15,  28, -15,-958,-375;
   0,-232, -98, 456,   0,  23, -23,-956,-368;
  -2,-236, -86, 469,  10,  21, -23,-952,-361;
  -4,-230, -83, 471,  13,  19, -36,-951,-349;
 -10,-232, -88, 465,  16,  20, -40,-953,-328;
  -8,-232, -87, 457,  26,  21, -43,-949,-328;
 -11,-236, -77, 449,  32,  24, -54,-961,-311;
 -10,-235, -72, 440,  30,  27, -56,-968,-296;
 -13,-240, -70, 438,  24,  30, -58,-980,-284;
 -14,-242, -73, 441,  23,  33, -68,-989,-274;
 -18,-243, -71, 452,  19,  33, -69,-994,-262;
 -22,-242, -60, 469,   9,  32, -79,-1004,-263;
 -15,-252, -59, 493,  -6,  33, -82,-1004,-245;
 -28,-248, -68, 521, -20,  32, -92,-1005,-240;
 -11,-250, -64, 549, -32,  30, -97,-1009,-241;
 -22,-244, -60, 574, -43,  29, -94,-1004,-244;
 -18,-244, -59, 594, -59,  29, -92,-995,-240;
 -22,-239, -62, 611, -74,  29, -90,-988,-239;
 -23,-237, -65, 623, -84,  27, -94,-975,-230;
 -18,-236, -63, 630, -89,  28, -83,-970,-233;
 -17,-237, -60, 632, -96,  26, -81,-963,-231;
 -18,-233, -62, 630,-101,  24, -80,-957,-233;
 -19,-232, -58, 624,-101,  24, -77,-951,-232;
 -17,-229, -62, 611,-100,  23, -75,-955,-231;
 -14,-235, -59, 594, -94,  20, -82,-957,-225;
 -13,-235, -57, 575, -91,  16, -74,-964,-219;
 -15,-235, -55, 553, -90,  13, -66,-967,-221;
 -14,-236, -58, 533, -85,   8, -68,-963,-209;
 -13,-234, -58, 521, -79,   8, -74,-973,-211;
 -16,-236, -53, 514, -72,   4, -67,-967,-207;
 -12,-236, -54, 512, -68,  -1, -63,-962,-207;
 -10,-238, -55, 511, -64,  -3, -67,-969,-207;
 -14,-235, -56, 507, -59,  -8, -66,-972,-208;
 -14,-235, -59, 502, -51, -11, -72,-963,-211;
 -15,-234, -52, 496, -47,  -9, -69,-964,-209;
 -14,-234, -54, 487, -45,  -9, -72,-968,-212;
 -13,-235, -60, 474, -47, -10, -75,-961,-211;
 -13,-234, -61, 459, -43,  -9, -71,-960,-211;
 -17,-236, -52, 445, -42, -10, -68,-961,-208;
 -17,-233, -53, 431, -43, -10, -81,-958,-205;
 -15,-236, -55, 416, -44,  -9, -83,-965,-197;
 -18,-236, -55, 400, -45,  -9, -80,-971,-187;
 -19,-236, -51, 383, -40, -10, -76,-974,-182;
 -17,-238, -44, 370, -40,  -7, -85,-978,-171;
 -22,-239, -46, 358, -42,  -4, -85,-975,-171;
 -16,-240, -50, 346, -41,   4, -83,-985,-168;
 -16,-241, -47, 340, -40,   4, -77,-979,-166;
 -18,-241, -42, 335, -35,   4, -79,-976,-163;
 -14,-240, -42, 333, -34,   6, -79,-978,-163;
 -14,-238, -41, 328, -36,  11, -73,-979,-157;
 -16,-240, -42, 325, -36,  12, -67,-976,-158;
 -13,-236, -45, 319, -30,  10, -70,-978,-157;
 -15,-237, -45, 312, -25,   8, -63,-969,-154;
 -11,-233, -28, 302, -22,   7, -61,-978,-156;
 -10,-238, -43, 293, -18,   7, -63,-980,-150;
 -10,-239, -45, 284, -15,   6, -55,-979,-149;
 -11,-238, -40, 278,  -9,   3, -60,-982,-143;
 -11,-240, -40, 275,  -3,   0, -56,-985,-147;
 -11,-236, -42, 273,   1,  -1, -50,-982,-147;
  -8,-239, -45, 273,   2,  -5, -51,-982,-151;
 -12,-239, -43, 272,   8,  -8, -50,-976,-149;
  -8,-237, -41, 271,  17, -14, -52,-983,-153;
 -10,-237, -42, 268,  21, -16, -46,-979,-162;
  -8,-237, -48, 263,  25, -19, -46,-977,-160;
  -8,-239, -48, 258,  30, -19, -46,-980,-153;
  -9,-238, -44, 251,  39, -20, -43,-979,-163;
 -10,-239, -45, 244,  42, -21, -45,-977,-162;
  -3,-238, -40, 236,  44, -22, -42,-975,-163;
  -6,-239, -43, 228,  44, -24, -40,-979,-166;
  -5,-235, -44, 220,  45, -24, -44,-977,-166;
  -8,-236, -45, 213,  44, -26, -45,-980,-164;
  -8,-238, -42, 206,  37, -23, -43,-980,-157;
  -9,-241, -48, 199,  31, -22, -43,-988,-161;
  -8,-239, -44, 192,  28, -19, -45,-998,-156;
  -4,-245, -45, 189,  24, -16, -45,-997,-151;
 -11,-243, -38, 184,  19, -15, -44,-1001,-154;
  -8,-247, -40, 185,  14, -14, -48,-998,-148;
 -11,-244, -43, 187,  11, -13, -50,-998,-148;
  -8,-245, -42, 192,   9, -11, -41,-1002,-150;
  -5,-245, -43, 198,  10, -11, -48,-995,-159;
  -5,-244, -43, 202,  10, -12, -43,-996,-149;
  -6,-243, -43, 204,  12, -12, -44,-990,-148;
  -7,-242, -44, 203,  17, -12, -42,-990,-156;
  -9,-240, -40, 200,  23, -14, -39,-993,-151;
  -6,-241, -41, 194,  29, -14, -36,-990,-149;
  -5,-242, -42, 189,  32, -15, -34,-994,-152;
  -3,-242, -45, 182,  36, -18, -38,-992,-151;
  -6,-243, -46, 176,  40, -19, -37,-998,-150;
  -5,-242, -42, 171,  46, -21, -36,-996,-153;
  -6,-244, -44, 168,  46, -24, -33,-1002,-150;
  -6,-243, -42, 166,  48, -26, -36,-1000,-151;
  -3,-244, -41, 165,  49, -27, -34,-997,-151;
  -6,-242, -42, 166,  51, -29, -33,-995,-153;
  -5,-243, -40, 165,  50, -30, -35,-996,-150;
  -7,-241, -40, 165,  49, -30, -33,-990,-141;
  -5,-240, -41, 163,  50, -30, -38,-994,-145;
  -6,-244, -42, 162,  50, -30, -41,-991,-143;
  -1,-246, -37, 160,  51, -29, -38,-990,-140;
  -5,-242, -39, 159,  50, -28, -37,-996,-140;
  -6,-245, -38, 157,  50, -28, -44,-998,-133;
  -6,-244, -37, 157,  51, -26, -42,-987,-135;
  -9,-242, -34, 156,  53, -24, -52,-997,-124;
  -6,-243, -37, 157,  54, -20, -48,-993,-134;
 -10,-244, -38, 157,  55, -18, -55,-991,-133;
 -12,-243, -34, 157,  55, -15, -56,-994,-126;
 -10,-244, -34, 156,  58, -12, -57,-1000,-127;
 -11,-244, -33, 155,  60, -10, -61,-1005,-127;
  -9,-249, -35, 152,  61, -10, -64,-1006,-125;
 -11,-248, -36, 153,  60,  -8, -60,-1009,-124;
 -10,-248, -39, 152,  60,  -9, -61,-1015,-128;
 -14,-246, -39, 152,  59,  -9, -61,-1008,-127;
 -14,-248, -35, 153,  59, -10, -66,-1011,-133;
 -11,-248, -39, 154,  57, -12, -72,-1004,-134;
 -15,-244, -39, 153,  54, -13, -68,-1000,-136;
 -14,-246, -38, 149,  52, -14, -67,-995,-143;
 -18,-239, -39, 140,  50, -14, -73,-993,-139;
 -17,-241, -36, 126,  48, -15, -79,-988,-132;
 -14,-239, -41, 110,  44, -15, -83,-980,-133;
 -17,-239, -42,  89,  41, -17, -83,-976,-142;
 -13,-235, -37,  66,  37, -19, -84,-970,-148;
 -17,-235, -41,  43,  34, -20, -78,-964,-138;
 -14,-236, -44,  20,  30, -23, -78,-972,-148;
 -14,-238, -42,   0,  31, -23, -72,-980,-150;
 -13,-238, -42, -16,  30, -24, -69,-985,-144;
 -12,-239, -39, -28,  31, -25, -66,-989,-146;
 -12,-241, -42, -35,  31, -25, -66,-994,-141;
 -13,-244, -40, -38,  30, -25, -60,-1000,-143;
 -14,-244, -40, -36,  29, -25, -62,-1003,-141;
 -12,-244, -37, -32,  28, -22, -56,-1003,-141;
  -9,-244, -40, -29,  27, -21, -55,-1004,-137;
 -10,-246, -42, -24,  26, -18, -49,-1000,-140;
  -6,-244, -39, -21,  25, -17, -48,-999,-142;
 -11,-243, -40, -21,  25, -15, -45,-999,-134;
  -9,-244, -38, -21,  24, -15, -50,-1000,-141;
 -11,-243, -40, -23,  25, -13, -49,-996,-139;
  -4,-246, -37, -28,  25, -15, -50,-995,-144;
  -9,-245, -37, -34,  25, -15, -47,-1003,-141;
  -9,-245, -38, -39,  25, -16, -50,-1005,-140;
 -11,-245, -40, -39,  27, -15, -53,-1004,-136;
  -7,-245, -38, -38,  25, -16, -54,-1009,-136;
  -9,-246, -42, -36,  26, -17, -58,-1008,-134;
  -9,-249, -39, -31,  23, -19, -62,-1013,-137;
 -11,-248, -38, -25,  21, -20, -62,-1016,-134;
 -12,-247, -38, -18,  20, -21, -64,-1015,-135;
 -11,-249, -42, -13,  16, -21, -67,-1018,-140;
 -13,-250, -44,  -8,  13, -21, -62,-1013,-145;
 -12,-247, -38,  -3,  10, -22, -61,-999,-145;
 -13,-242, -41,   0,   6, -22, -64,-1002,-149;
 -14,-246, -40,   0,   3, -23, -67,-1001,-143;
 -15,-246, -41,   1,   0, -24, -68,-1006,-152;
 -18,-243, -42,  -1,  -4, -26, -72,-1000,-152;
  -9,-243, -43,  -4,  -7, -27, -78,-1001,-153;
 -14,-242, -44,  -9,  -9, -29, -74,-1000,-158;
 -18,-240, -45, -11, -12, -31, -74,-998,-161;
 -15,-241, -42, -16, -15, -33, -79,-995,-158;
 -15,-244, -47, -19, -16, -36, -68,-996,-154;
 -12,-245, -45, -21, -16, -38, -71,-1001,-158;
 -16,-246, -42, -24, -17, -39, -71,-1000,-158;
 -13,-246, -44, -24, -16, -39, -67,-997,-160;
 -13,-242, -44, -25, -14, -40, -64,-1004,-166;
 -13,-244, -44, -24, -12, -38, -63,-1002,-163;
 -12,-244, -42, -21,  -8, -37, -58,-1004,-159;
  -6,-246, -41, -19,  -7, -37, -55,-1002,-165;
 -10,-244, -44, -17,  -6, -32, -53,-1004,-157;
  -8,-246, -44, -13,  -2, -31, -49,-1001,-160;
  -9,-247, -44, -10,  -1, -26, -47,-1005,-163;
  -9,-246, -43,  -6,   2, -23, -47,-1009,-163;
  -7,-244, -43,  -3,   3, -19, -44,-1005,-163;
  -8,-245, -49,   2,   4, -21, -47,-1007,-165;
  -9,-246, -47,   7,   4, -20, -42,-1005,-158;
  -5,-247, -48,  10,   4, -20, -39,-1003,-169;
  -7,-245, -47,  16,   6, -18, -46,-1008,-169;
  -9,-243, -50,  20,   7, -17, -41,-1007,-169;
  -7,-248, -47,  24,  11, -15, -44,-1004,-166;
  -8,-245, -48,  26,  15, -15, -41,-1004,-165;
  -9,-248, -45,  27,  16, -17, -43,-1007,-168;
 -10,-248, -49,  29,  17, -20, -46,-1009,-170;
  -9,-247, -48,  28,  17, -20, -50,-1007,-163;
 -10,-245, -46,  28,  17, -21, -50,-1013,-166;
 -10,-248, -44,  28,  17, -23, -53,-1014,-167;
 -11,-246, -47,  27,  15, -26, -54,-1009,-176;
 -11,-247, -51,  26,  12, -26, -60,-1008,-175;
 -12,-247, -46,  26,   9, -28, -51,-1008,-174;
 -13,-243, -50,  25,   7, -29, -53,-1007,-173;
 -12,-245, -48,  25,   3, -34, -56,-1009,-172;
 -11,-247, -52,  25,   1, -34, -50,-1004,-176;
  -9,-248, -50,  24,  -2, -34, -49,-1005,-177;
 -10,-247, -48,  23,  -7, -35, -54,-1006,-171;
 -12,-242, -46,  23,  -9, -37, -51,-1005,-171;
 -13,-243, -51,  22, -11, -38, -49,-998,-166;
  -6,-246, -46,  22, -12, -38, -50,-1001,-170;
 -10,-243, -47,  19, -14, -38, -46,-999,-164;
 -12,-240, -46,  19, -15, -37, -50,-995,-167;
 -11,-242, -43,  15, -14, -35, -49,-995,-165;
  -9,-243, -46,  14, -14, -34, -46,-996,-166;
  -7,-244, -48,  13, -14, -31, -45,-993,-168;
  -8,-242, -45,  12, -11, -28, -45,-998,-171;
  -8,-243, -50,  11,  -9, -25, -44,-1001,-166;
  -3,-246, -41,  12,  -5, -23, -49,-994,-169;
  -8,-245, -47,  13,  -4, -21, -47,-1002,-167;
  -7,-245, -46,  16,   0, -19, -43,-1004,-166;
  -7,-245, -45,  20,   4, -20, -39,-1008,-164;
  -8,-249, -47,  25,   6, -21, -44,-1007,-169;
  -9,-247, -48,  31,   8, -22, -47,-1007,-170;
  -7,-248, -49,  35,  12, -23, -47,-1007,-171;
  -7,-241, -44,  38,  14, -27, -46,-1003,-175;
  -9,-245, -53,  43,  16, -28, -48,-1008,-173;
 -11,-244, -49,  45,  17, -29, -46,-1005,-173;
 -10,-241, -48,  46,  19, -29, -43,-1003,-171;
  -9,-246, -46,  49,  19, -29, -47,-1000,-165;
  -6,-247, -49,  50,  19, -29, -48,-1004,-169;
 -10,-246, -51,  49,  18, -30, -47,-1007,-175;
  -6,-248, -49,  48,  16, -30, -45,-1002,-166;
  -9,-248, -49,  47,  14, -30, -43,-1004,-177;
  -6,-246, -50,  46,  13, -30, -43,-1005,-178;
  -7,-252, -40,  45,  11, -29, -47,-1007,-176;
  -6,-247, -50,  44,   6, -30, -39,-999,-173;
 -10,-246, -45,  45,   4, -31, -44,-998,-173;
  -9,-246, -48,  46,   1, -29, -43,-1008,-174;
 -11,-242, -46,  45,  -1, -29, -46,-1004,-169;
  -8,-243, -49,  45,  -2, -31, -44,-1000,-176;
  -8,-245, -52,  46,  -2, -27, -44,-999,-175;
  -7,-245, -46,  47,  -2, -27, -48,-999,-166;
  -6,-245, -47,  47,   0, -25, -49,-993,-169;
  -7,-243, -45,  47,   0, -26, -48,-997,-167;
  -9,-242, -45,  48,   3, -25, -42,-997,-170;
  -3,-245, -48,  47,   5, -23, -46,-997,-165;
 -10,-245, -46,  46,   7, -22, -49,-995,-166;
  -8,-246, -49,  46,  10, -22, -47,-1001,-165;
 -10,-243, -46,  47,  11, -22, -47,-994,-165;
  -9,-245, -44,  49,  12, -19, -45,-993,-172;
 -11,-243, -48,  48,  14, -19, -49,-999,-164;
 -13,-244, -47,  48,  16, -19, -49,-996,-162;
 -11,-242, -46,  47,  15, -20, -48,-999,-165;
 -10,-245, -45,  47,  16, -20, -49,-996,-165;
  -8,-242, -49,  47,  15, -21, -46,-995,-165;
  -9,-246, -50,  47,  16, -22, -46,-997,-173;
 -11,-244, -49,  48,  16, -21, -45,-999,-182;
  -6,-243, -49,  49,  15, -20, -42,-998,-173;
  -9,-244, -51,  51,  13, -20, -43,-1005,-178;
  -8,-244, -48,  53,  12, -19, -42,-1005,-176;
  -9,-246, -47,  58,  11, -22, -38,-1002,-180;
 -10,-245, -50,  63,  10, -20, -39,-1003,-181;
  -6,-247, -48,  67,   7, -20, -46,-998,-180;
  -9,-247, -48,  70,   5, -21, -40,-1000,-179;
  -5,-245, -48,  73,   4, -23, -38,-999,-180;
 -10,-242, -49,  76,   5, -22, -38,-1001,-179;
  -8,-245, -47,  78,   3, -21, -35,-1001,-179;
  -6,-243, -47,  79,   4, -20, -37,-999,-179;
  -4,-248, -49,  79,   6, -20, -47,-997,-180;
  -9,-243, -50,  79,   8, -19, -39,-996,-176;
  -9,-244, -49,  79,   9, -17, -42,-1002,-178;
  -6,-244, -45,  79,  10, -18, -41,-1000,-175;
  -9,-242, -51,  77,  12, -17, -41,-1003,-184;
  -7,-243, -47,  76,  13, -17, -37,-999,-174;
  -5,-243, -48,  75,  14, -17, -40,-997,-181;
  -7,-246, -45,  74,  15, -16, -39,-1002,-178;
  -6,-245, -48,  73,  14, -15, -40,-997,-181;
  -4,-246, -48,  72,  12, -16, -40,-1001,-175;
  -5,-248, -48,  71,  10, -15, -34,-998,-181;
  -7,-245, -51,  68,   7, -14, -36,-994,-177;
  -4,-245, -49,  67,   5, -16, -37,-1003,-173;
  -1,-243, -48,  66,   3, -16, -39,-1003,-175;
  -8,-244, -47,  68,   2, -17, -34,-1000,-169;
  -7,-246, -48,  70,   1, -17, -35,-1002,-166;
  -5,-244, -45,  72,   2, -14, -36,-1002,-173;
  -9,-241, -46,  76,   4, -14, -38,-1001,-170;
  -9,-243, -48,  81,   5, -11, -44,-1001,-168;
  -7,-244, -42,  86,   6, -10, -36,-998,-167;
  -6,-242, -40,  91,   6,  -8, -37,-996,-169;
  -7,-244, -47,  95,   6,  -6, -39,-996,-169;
  -7,-246, -45,  95,   7,  -4, -45,-996,-167;
  -9,-240, -45,  93,   8,  -1, -42,-993,-167;
  -7,-242, -46,  89,   9,   1, -39,-994,-168;
  -7,-246, -46,  83,   9,   1, -43,-995,-166;
  -6,-243, -45,  78,  11,   2, -47,-996,-162;
 -10,-243, -43,  73,  11,   3, -40,-1001,-165;
  -7,-243, -45,  67,  12,   4, -44,-1005,-162;
  -5,-244, -42,  63,  13,   3, -45,-1009,-162;
  -9,-245, -45,  60,  12,   5, -44,-1008,-155;
  -6,-246, -44,  59,  15,   6, -46,-1005,-168;
 -10,-245, -45,  59,  17,   7, -47,-1010,-165;
  -5,-246, -46,  58,  19,   7, -43,-1007,-161;
  -8,-245, -46,  58,  21,   9, -47,-1001,-159;
  -7,-243, -49,  57,  23,  10, -45,-1000,-158;
  -8,-243, -42,  54,  25,  11, -35,-1002,-156;
  -5,-241, -41,  54,  26,  12, -41,-998,-162;
  -5,-242, -42,  51,  27,  12, -44,-1000,-152;
  -8,-242, -43,  50,  28,  11, -46,-1003,-154;
  -6,-244, -41,  47,  30,   8, -35,-1002,-149;
  -8,-245, -36,  45,  27,   6, -37,-1005,-154;
  -6,-246, -45,  44,  25,   5, -39,-1008,-153;
  -6,-247, -42,  44,  27,   3, -32,-1007,-160;
  -9,-245, -45,  45,  28,   2, -40,-1005,-159;
  -9,-248, -40,  49,  28,   1, -39,-1009,-151;
  -3,-248, -40,  56,  28,   0, -42,-1004,-157;
  -8,-246, -44,  62,  29,  -2, -39,-1011,-157;
  -6,-247, -42,  69,  31,  -3, -44,-1009,-151;
  -8,-246, -44,  75,  32,  -4, -44,-1008,-154;
 -10,-246, -41,  82,  31,  -5, -44,-1006,-160;
 -10,-250, -46,  87,  30,  -7, -44,-1006,-159;
 -10,-247, -45,  92,  28,  -7, -50,-1005,-161;
 -10,-243, -41,  95,  27, -10, -50,-1003,-164;
 -12,-242, -42,  96,  24,  -8, -48,-1005,-164;
 -11,-243, -44,  96,  21,  -9, -53,-1000,-162;
 -11,-248, -46,  98,  18,  -7, -57,-1009,-158;
 -10,-250, -42, 102,  16,  -5, -54,-1006,-158;
 -12,-245, -45, 104,  13,  -5, -64,-1010,-166;
 -12,-245, -41, 109,  10,  -2, -62,-1011,-168;
 -11,-247, -43, 113,   7,  -2, -62,-1021,-161;
 -14,-249, -45, 119,   5,   0, -61,-1009,-165;
 -15,-249, -48, 126,   4,   0, -59,-1015,-164;
 -11,-249, -45, 133,   1,  -1, -59,-1013,-163;
 -13,-248, -45, 140,   0,   0, -56,-1012,-163;
 -11,-247, -46, 146,   0,   1, -61,-1014,-162;
  -8,-245, -46, 153,   0,  -1, -58,-1009,-163;
  -8,-248, -44, 157,   0,   0, -53,-1009,-164;
 -10,-245, -48, 160,   0,   1, -50,-1003,-167;
  -8,-245, -46, 161,   0,   0, -49,-1000,-168;
 -13,-240, -49, 161,   0,   0, -52,-994,-166;
 -12,-242, -52, 158,   2,  -2, -49,-989,-172;
  -8,-240, -40, 153,   2,  -1, -48,-989,-171;
  -6,-238, -43, 145,   4,   0, -49,-986,-164;
  -7,-231, -52, 135,   5,   2, -44,-984,-166;
 -10,-240, -44, 126,   6,   4, -43,-986,-160;
  -9,-241, -45, 118,   7,   3, -44,-989,-158;
  -6,-243, -44, 111,   7,   4, -47,-997,-159;
  -5,-243, -45, 109,   8,   3, -43,-997,-154;
  -8,-246, -46, 112,   9,   1, -44,-1000,-154;
  -9,-246, -42, 115,   8,   0, -45,-998,-154;
  -8,-244, -43, 120,   8,   0, -40,-1005,-149;
  -5,-248, -42, 128,   8,  -1, -44,-1005,-143;
  -6,-245, -42, 134,   9,  -1, -43,-1004,-150;
   4,-248, -47, 142,   8,  -3, -43,-1014,-148;
  -9,-249, -41, 146,   9,  -4, -46,-1007,-152;
  -9,-248, -44, 151,   8,  -5, -47,-1011,-151;
  -6,-245, -42, 153,   9,  -4, -46,-1006,-150;
  -9,-245, -43, 155,   8,  -4, -45,-1003,-150;
  -8,-243, -42, 155,   9,  -4, -45,-1004,-151;
  -9,-244, -40, 155,   9,  -4, -49,-1000,-148;
  -6,-246, -41, 153,   9,  -5, -42,-1000,-148;
  -9,-243, -44, 152,   9,  -5, -48,-999,-151;
  -9,-244, -39, 148,   8,  -7, -47,-1001,-144;
  -9,-244, -43, 147,   9, -10, -44,-1000,-145;
 -11,-248, -38, 145,   8, -13, -49,-1002,-141;
  -8,-243, -40, 144,   7, -12, -54,-1003,-142;
 -12,-246, -38, 143,   6, -13, -50,-1009,-137;
  -7,-247, -37, 142,   5, -13, -50,-1003,-134;
 -10,-247, -37, 141,   6, -13, -51,-1006,-136;
 -12,-246, -39, 139,   7, -13, -57,-1006,-132;
 -10,-249, -41, 137,   7, -13, -58,-1002,-134;
 -11,-243, -40, 134,   7, -11, -53,-1005,-129;
 -13,-244, -37, 132,   8, -11, -54,-1000,-133;
 -14,-244, -37, 129,   7, -10, -51,-1004,-128;
  -8,-247, -37, 126,   8, -12, -50,-1006,-129;
 -11,-243, -37, 126,   9, -12, -52,-1000,-129;
 -11,-247, -36, 126,   9, -12, -51,-1005,-130;
  -7,-249, -36, 127,  11, -11, -54,-1010,-130;
  -8,-249, -32, 130,  12, -12, -55,-1012,-126;
  -9,-246, -37, 130,  13, -12, -55,-1011,-131;
  -9,-244, -37, 133,  15, -11, -58,-1009,-128;
 -11,-247, -37, 132,  17, -11, -56,-1006,-124;
 -12,-244, -35, 131,  20, -13, -58,-1004,-128;
 -12,-247, -33, 129,  21, -13, -61,-1005,-119;
 -12,-250, -33, 127,  25, -14, -59,-1004,-124;
  -9,-247, -30, 124,  28, -16, -55,-1010,-122;
  -8,-247, -31, 119,  31, -15, -55,-1014,-116;
  -8,-251, -32, 115,  35, -16, -52,-1017,-121;
 -13,-251, -31, 113,  37, -18, -48,-1021,-120;
  -9,-250, -32, 112,  39, -19, -50,-1025,-121;
  -8,-248, -34, 112,  39, -22, -45,-1010,-115;
  -8,-247, -35, 114,  38, -25, -51,-1007,-123;
 -12,-243, -37, 114,  36, -29, -52,-999,-127;
 -12,-242, -38, 113,  35, -33, -54,-985,-127;
 -12,-238, -36, 105,  34, -35, -61,-981,-126;
 -13,-238, -39,  95,  32, -36, -64,-978,-125;
 -14,-237, -37,  81,  34, -34, -72,-980,-124;
 -15,-236, -36,  64,  34, -34, -82,-971,-126;
 -15,-236, -33,  48,  32, -32, -86,-976,-122;
 -18,-238, -34,  34,  28, -25, -85,-980,-124;
 -17,-239, -36,  23,  25, -18, -89,-986,-119;
 -21,-241, -34,  17,  20, -14, -90,-993,-119;
 -20,-245, -36,  16,  17,  -9, -79,-1005,-116;
 -17,-244, -30,  19,  14,  -6, -89,-1021,-108;
 -19,-251, -31,  26,  10,  -2, -91,-1020,-105;
 -16,-252, -29,  36,   9,   2, -75,-1034,-108;
 -18,-255, -31,  50,   7,   1, -76,-1037,-106;
  -9,-251, -31,  68,   9,   2, -78,-1047,-106;
 -15,-253, -30,  85,   8,  -1, -65,-1036,-106;
 -12,-253, -28,  98,   9,  -5, -73,-1036,-114;
 -13,-251, -33, 108,  11,  -9, -64,-1019,-116;
 -13,-248, -36, 114,  14, -13, -58,-1015,-125;
 -11,-250, -35, 114,  17, -18, -59,-1010,-131;
  -9,-245, -35, 109,  20, -23, -52,-1008,-133;
  -6,-243, -36, 101,  24, -26, -42,-1004,-131;
  -8,-244, -37,  95,  28, -32, -30,-995,-132;
  -8,-243, -34,  89,  32, -39, -32,-1002,-131;
  -4,-244, -35,  84,  35, -43, -26,-996,-129;
   0,-246, -37,  79,  37, -46, -22,-1005,-129;
   0,-244, -36,  78,  35, -50, -21,-1001,-127;
  -3,-245, -35,  77,  33, -55, -23,-997,-119;
  -2,-249, -35,  77,  31, -56, -17,-1003,-122;
   1,-244, -33,  76,  27, -55, -26,-1004,-120;
  -2,-245, -35,  75,  20, -54, -29,-1003,-122;
  -3,-245, -38,  72,  17, -53, -32,-1000,-117;
  -5,-246, -34,  68,  11, -51, -34,-995,-114;
  -6,-241, -36,  64,   6, -50, -43,-995,-119;
  -7,-243, -31,  59,   0, -48, -44,-999,-114;
  -9,-243, -33,  58,  -4, -46, -45,-994,-118;
 -11,-241, -37,  55,  -9, -44, -55,-988,-123;
 -10,-242, -31,  52, -13, -43, -55,-987,-120;
  -9,-241, -32,  50, -17, -40, -57,-991,-128;
  -9,-245, -37,  46, -21, -37, -56,-987,-123;
 -12,-242, -35,  42, -21, -37, -51,-994,-119;
 -11,-244, -29,  38, -21, -35, -54,-991,-123;
 -12,-242, -38,  34, -22, -31, -53,-997,-122;
 -11,-239, -38,  32, -21, -30, -51,-995,-123;
 -10,-242, -37,  29, -20, -28, -53,-1001,-125;
 -10,-244, -37,  28, -17, -26, -47,-1000,-126;
  -9,-245, -33,  25, -14, -25, -48,-997,-127;
  -9,-246, -37,  23, -10, -22, -46,-1007,-123;
  -8,-242, -38,  21,  -6, -22, -39,-1000,-130;
 -10,-244, -37,  20,  -2, -20, -39,-1010,-129;
  -5,-247, -36,  21,   2, -20, -35,-1004,-122;
  -6,-247, -36,  22,   5, -22, -33,-1011,-122;
  -6,-246, -35,  24,   8, -22, -32,-1006,-126;
  -6,-247, -38,  28,  10, -24, -28,-1012,-128;
  -5,-249, -38,  31,  12, -26, -26,-1013,-126;
  -1,-247, -35,  34,  14, -28, -29,-1011,-123;
  -5,-246, -36,  38,  15, -27, -34,-1012,-125;
  -3,-247, -35,  42,  17, -31, -27,-1005,-123;
  -2,-247, -36,  44,  18, -30, -34,-1009,-124;
  -3,-244, -32,  45,  19, -32, -31,-997,-131;
  -3,-245, -37,  43,  20, -32, -37,-997,-124;
  -7,-244, -38,  38,  20, -34, -37,-1000,-127;
  -4,-244, -35,  33,  19, -36, -41,-997,-124;
  -4,-242, -36,  26,  18, -36, -39,-998,-124;
  -7,-242, -33,  21,  16, -36, -43,-995,-120;
  -7,-245, -37,  14,  13, -36, -44,-996,-119;
  -7,-242, -32,   7,  10, -37, -46,-999,-112;
 -12,-242, -35,   2,  10, -36, -50,-1006,-112;
  -8,-247, -25,  -3,   7, -33, -43,-1006,-110;
 -11,-245, -29,  -6,   6, -33, -47,-1009,-113;
  -9,-248, -31,  -6,   5, -31, -48,-1010,-107;
 -12,-246, -31,  -3,   2, -30, -55,-1016,-106;
 -11,-247, -32,   2,   2, -29, -55,-1018,-110;
 -10,-248, -32,   8,  -2, -28, -52,-1022,-115;
 -11,-251, -32,  16,  -2, -27, -55,-1018,-121;
 -12,-249, -34,  24,  -2, -26, -46,-1017,-121;
  -5,-250, -37,  31,  -1, -28, -51,-1014,-124;
 -11,-247, -32,  38,   1, -26, -46,-1018,-127;
  -8,-248, -23,  42,   3, -26, -48,-1015,-131;
  -7,-245, -37,  44,   4, -24, -42,-1008,-135;
  -8,-249, -38,  46,   8, -26, -42,-1005,-130;
  -8,-244, -37,  46,  12, -24, -46,-1004,-145;
  -6,-244, -40,  44,  15, -25, -39,-1003,-138;
  -6,-247, -38,  44,  18, -24, -35,-1005,-140;
  -5,-245, -40,  41,  21, -24, -41,-1012,-141;
  -4,-247, -39,  41,  23, -23, -35,-1012,-142;
  -4,-246, -39,  42,  25, -22, -34,-1009,-145;
  -2,-249, -38,  43,  25, -21, -36,-1014,-138;
  -2,-251, -41,  44,  27, -20, -26,-1014,-141;
  -5,-244, -37,  47,  29, -16, -29,-1025,-135;
  -2,-249, -41,  50,  29, -13, -25,-1019,-141;
  -3,-250, -39,  53,  30,  -9, -22,-1017,-140;
  -1,-250, -40,  57,  31,  -9, -26,-1015,-137;
   0,-249, -39,  60,  32,  -5, -27,-1011,-135;
  -1,-246, -39,  63,  33,  -5, -18,-1014,-137;
  -3,-248, -38,  64,  33,  -3, -28,-1009,-138;
  -4,-243, -39,  62,  33,  -3, -21,-1003,-139;
  -4,-244, -35,  59,  34,  -2, -28,-998,-133;
   2,-246, -38,  55,  34,  -1, -21,-1002,-138;
  -2,-246, -36,  50,  34,   2, -21,-999,-139;
  -2,-245, -39,  46,  32,   3, -22,-1004,-139;
  -2,-248, -41,  43,  32,   4, -23,-1002,-131;
  -1,-243, -39,  40,  31,   6, -24,-1007,-140;
  -2,-247, -38,  39,  30,   7, -24,-1003,-139;
  -1,-247, -41,  39,  29,   7, -22,-1012,-140;
  -2,-248, -41,  39,  28,   7, -23,-1006,-141;
  -2,-245, -38,  38,  26,   7, -21,-1008,-145;
  -2,-247, -44,  39,  25,   8, -22,-1010,-143;
  -1,-249, -38,  38,  22,   7, -21,-1014,-144;
  -5,-251, -41,  39,  20,   6, -21,-1009,-147;
  -3,-247, -41,  41,  17,   9, -23,-1015,-150;
   0,-250, -41,  42,  14,   7, -32,-1013,-148;
  -4,-248, -41,  45,  12,   6, -30,-1015,-148;
  -3,-251, -40,  46,  10,   8, -25,-1014,-145;
  -7,-246, -45,  49,   6,   8, -26,-1015,-149;
  -6,-246, -45,  52,   5,   7, -34,-1019,-156;
  -6,-246, -41,  53,   4,   6, -29,-1011,-156;
  -4,-248, -40,  53,   3,   9, -30,-1012,-151;
  -3,-248, -45,  51,   2,   7, -34,-1008,-161;
  -7,-243, -48,  49,   3,   5, -31,-1006,-147;
  -6,-247, -46,  48,   4,   3, -28,-1012,-151;
  -5,-245, -41,  46,   6,   4, -33,-1008,-149;
  -6,-245, -41,  44,   8,   6, -32,-1001,-153;
  -1,-248, -39,  44,  11,   6, -37,-1011,-153;
  -5,-246, -38,  44,  15,   8, -35,-1006,-147;
  -3,-250, -39,  45,  19,   8, -37,-1008,-143;
  -6,-246, -42,  47,  23,   8, -40,-1011,-141;
 -10,-244, -41,  48,  25,  10, -45,-1010,-145;
  -5,-247, -40,  51,  28,  12, -39,-1006,-140;
  -5,-246, -37,  55,  31,  14, -44,-1011,-138;
  -6,-244, -40,  60,  32,  16, -39,-1008,-141;
  -7,-244, -36,  63,  33,  17, -35,-1007,-139;
  -5,-242, -47,  67,  34,  19, -42,-1002,-143;
  -3,-247, -42,  70,  35,  20, -44,-1000,-138;
  -5,-245, -40,  73,  37,  22, -41,-1002,-137;
  -6,-245, -38,  75,  38,  26, -38,-1004,-141;
  -8,-242, -37,  76,  41,  29, -40,-999,-131;
  -5,-245, -38,  76,  42,  32, -37,-999,-134;
  -6,-245, -40,  74,  44,  36, -36,-1004,-131;
  -3,-246, -36,  72,  47,  37, -31,-1006,-132;
  -7,-244, -36,  70,  49,  37, -39,-1004,-131;
  -8,-248, -38,  69,  49,  39, -34,-1003,-129;
  -4,-243, -35,  68,  50,  40, -30,-1002,-128;
  -3,-249, -37,  69,  50,  39, -35,-1006,-129;
  -2,-249, -35,  72,  48,  39, -34,-1007,-129;
  -8,-243, -40,  74,  46,  37, -36,-1009,-128;
  -4,-250, -39,  76,  41,  36, -36,-1007,-131;
  -6,-245, -36,  75,  36,  35, -44,-1004,-130;
 -10,-245, -37,  74,  32,  33, -46,-1004,-128;
  -7,-245, -33,  73,  26,  32, -44,-1005,-130;
  -9,-244, -36,  73,  22,  29, -49,-1003,-129;
 -11,-244, -35,  70,  16,  29, -52,-1006,-130;
  -9,-246, -38,  68,  14,  28, -49,-1005,-126;
  -9,-243, -38,  67,  12,  28, -51,-1002,-127;
  -9,-245, -34,  67,   9,  27, -54,-1005,-132;
 -12,-246, -39,  68,   8,  24, -52,-1005,-122;
 -13,-244, -32,  70,   7,  26, -56,-1006,-124;
 -11,-246, -35,  71,   7,  27, -55,-1006,-115;
 -11,-247, -29,  71,   8,  28, -53,-1008,-119;
  -9,-249, -32,  71,  10,  30, -53,-1009,-112;
  -8,-246, -30,  70,  12,  34, -47,-1003,-113;
  -9,-244, -33,  69,  13,  35, -48,-1004,-111;
  -6,-244, -29,  68,  15,  35, -43,-1006,-114;
  -7,-247, -33,  65,  17,  37, -44,-1010,-113;
  -8,-244, -29,  63,  19,  37, -44,-1007,-111;
  -6,-245, -31,  61,  21,  35, -43,-1001,-112;
  -7,-246, -29,  57,  22,  33, -45,-1005,-120;
  -9,-246, -32,  52,  24,  32, -43,-1000,-114;
  -8,-245, -35,  47,  27,  29, -47,-1000,-115;
  -8,-247, -32,  43,  30,  29, -44,-1002,-122;
  -7,-244, -33,  38,  31,  26, -44,-995,-123;
 -10,-245, -34,  35,  32,  22, -50,-1004,-125;
  -9,-244, -38,  33,  34,  22, -49,-1006,-127;
  -9,-246, -34,  29,  35,  21, -55,-1005,-122;
 -12,-245, -34,  27,  34,  22, -61,-1006,-126;
 -14,-243, -36,  27,  35,  19, -65,-1011,-122;
 -13,-246, -35,  26,  33,  19, -68,-1012,-125;
 -14,-248, -32,  26,  32,  21, -69,-1010,-124;
 -16,-245, -35,  27,  32,  22, -68,-1015,-125;
 -15,-248, -38,  28,  31,  25, -75,-1011,-127;
 -15,-246, -34,  30,  30,  28, -72,-1008,-125;
 -15,-246, -35,  32,  30,  27, -72,-1010,-125;
 -17,-247, -38,  34,  30,  29, -73,-1011,-122;
 -16,-244, -32,  35,  32,  30, -73,-1002,-124;
 -13,-247, -34,  34,  32,  30, -74,-1007,-123;
 -16,-248, -33,  34,  33,  30, -68,-1002,-119;
 -13,-247, -36,  31,  33,  29, -69,-1001,-120;
 -17,-245, -32,  30,  34,  29, -71,-1000,-121;
 -15,-242, -29,  27,  36,  28, -78,-1003,-125;
 -15,-243, -32,  26,  35,  29, -71,-1001,-114;
 -13,-248, -32,  24,  37,  27, -72,-999,-117;
 -16,-245, -33,  22,  38,  26, -72,-997,-117;
 -17,-243, -33,  21,  39,  24, -76,-1002,-124;
 -13,-245, -38,  18,  40,  24, -72,-994,-120;
 -14,-241, -36,  16,  40,  23, -75,-997,-122;
 -16,-243, -35,  14,  41,  22, -73,-998,-119;
 -11,-240, -32,  13,  41,  18, -78,-999,-124;
 -14,-242, -36,  13,  41,  17, -76,-997,-122;
 -12,-243, -32,  12,  41,  15, -76,-999,-124;
 -15,-243, -35,  10,  41,  15, -78,-999,-126;
 -14,-244, -39,  10,  41,  14, -78,-1000,-135;
 -15,-243, -38,   9,  43,  13, -71,-999,-123;
 -17,-243, -37,   7,  44,  12, -76,-1001,-127;
 -19,-243, -35,   6,  44,  11, -70,-996,-131;
 -18,-245, -38,   3,  46,  12, -81,-1000,-128;
 -16,-243, -40,   2,  47,  11, -83,-1001,-131;
 -14,-244, -37,   1,  46,  11, -79,-998,-132;
 -18,-243, -39,  -2,  45,  12, -77,-1002,-132;
 -14,-245, -40,  -4,  47,  11, -75,-1002,-136;
 -16,-246, -39,  -5,  47,  10, -70,-1004,-139;
 -12,-247, -38,  -6,  46,   8, -67,-1005,-136;
 -14,-246, -38,  -7,  46,   9, -65,-1010,-132;
 -15,-249, -38,  -7,  45,   7, -67,-1008,-131;
 -14,-244, -43,  -6,  45,   7, -68,-1006,-140;
 -14,-245, -41,  -4,  44,   4, -65,-1007,-138;
 -11,-247, -39,  -2,  42,   3, -69,-1008,-142;
 -12,-247, -36,   0,  40,   3, -66,-1007,-142;
 -14,-250, -37,   2,  40,   4, -68,-1004,-136;
 -16,-246, -42,   4,  38,   2, -62,-1004,-139;
 -10,-245, -43,   3,  35,   0, -61,-1005,-146;
 -15,-245, -40,   4,  32,  -1, -62,-1008,-141;
 -12,-245, -41,   2,  30,  -2, -64,-1005,-139;
 -11,-245, -42,   2,  30,  -3, -66,-1002,-143;
 -10,-248, -39,   1,  29,  -3, -64,-1005,-141;
 -12,-249, -39,   0,  27,  -3, -67,-1005,-145;
 -11,-248, -39,   0,  27,  -4, -63,-1003,-145;
 -14,-244, -38,  -1,  26,  -5, -66,-1003,-147;
 -12,-242, -38,  -2,  28,  -5, -59,-1001,-147;
 -15,-244, -42,  -3,  26,  -4, -53,-1005,-150;
 -11,-248, -41,  -3,  28,  -7, -56,-1003,-150;
 -12,-245, -41,  -5,  28,  -7, -52,-1010,-152;
 -16,-244, -42,  -6,  29,  -9, -61,-1004,-152;
 -12,-242, -44,  -7,  29,  -8, -60,-1005,-147;
 -10,-245, -42,  -8,  31,  -9, -58,-1007,-155;
 -13,-242, -44,  -9,  31,  -9, -57,-1007,-150;
 -15,-244, -37, -10,  33, -10, -58,-1007,-150;
 -10,-248, -43, -11,  33, -10, -58,-1000,-145;
 -11,-243, -43, -12,  34, -12, -58,-1005,-151;
  -8,-247, -39, -14,  36, -12, -54,-1008,-156;
 -12,-242, -41, -17,  37, -11, -56,-997,-152;
 -12,-248, -43, -21,  37, -11, -59,-995,-146;
  -9,-243, -41, -25,  38,  -9, -55,-992,-146;
 -10,-242, -41, -30,  36,  -9, -56,-993,-144;
 -15,-243, -43, -36,  34,  -7, -57,-993,-146;
 -14,-242, -41, -43,  32,  -8, -62,-994,-140;
 -13,-243, -40, -49,  29,  -7, -63,-990,-137;
 -11,-241, -41, -52,  25,  -8, -55,-994,-142;
 -12,-244, -43, -55,  22,  -8, -63,-996,-143;
 -14,-245, -46, -57,  18,  -7, -60,-1001,-141;
 -12,-248, -40, -55,  17,  -9, -61,-1000,-144;
 -11,-236, -41, -49,  15,  -8, -63,-1010,-144;
 -12,-246, -41, -40,  11, -10, -59,-1015,-144;
 -11,-249, -37, -31,   8, -11, -63,-1012,-150;
 -11,-252, -44, -23,   8, -13, -61,-1020,-148;
 -11,-251, -40, -13,   7, -14, -61,-1022,-153;
 -10,-248, -44,  -4,   7, -17, -60,-1017,-152;
 -12,-248, -44,   4,   5, -18, -61,-1020,-162;
 -13,-250, -46,  11,   4, -21, -62,-1019,-156;
 -15,-248, -43,  18,   3, -21, -60,-1022,-158;
 -13,-251, -46,  24,   1, -23, -68,-1026,-160;
  -4,-245, -43,  31,  -1, -25, -63,-1021,-161;
 -12,-251, -44,  39,  -4, -25, -65,-1023,-159;
 -12,-251, -42,  47,  -5, -26, -61,-1022,-169;
 -12,-248, -47,  54,  -6, -24, -64,-1023,-169;
 -15,-248, -49,  63,  -6, -23, -61,-1017,-166;
 -10,-252, -49,  69,  -6, -21, -59,-1020,-174;
 -12,-247, -49,  76,  -5, -15, -61,-1019,-171;
 -11,-249, -49,  82,  -4, -14, -59,-1013,-171;
 -14,-246, -48,  88,  -4, -11, -61,-1008,-169;
 -14,-247, -46,  93,  -3,  -9, -60,-1007,-177;
  -8,-246, -49,  97,  -3,  -8, -56,-1009,-179;
 -13,-245, -50,  99,  -4,  -8, -53,-1004,-179;
 -10,-245, -49, 100,  -3,  -6, -56,-1000,-182;
 -11,-243, -48, 101,  -2,  -6, -56,-999,-179;
 -11,-245, -48, 101,  -3,  -6, -56,-1000,-180;
 -11,-245, -46, 101,  -1,  -6, -59,-997,-180;
 -10,-246, -49,  98,   0,  -6, -57,-997,-168;
 -13,-240, -50,  94,   2,  -6, -55,-995,-177;
 -12,-241, -51,  89,   3,  -7, -59,-994,-180;
 -10,-246, -46,  84,   4,  -8, -63,-991,-168;
  -9,-243, -48,  79,   6,  -8, -51,-993,-175;
 -14,-243, -46,  75,   8, -11, -58,-994,-168;
 -12,-241, -45,  73,  10,  -9, -52,-992,-164;
 -12,-242, -43,  71,  13,  -9, -50,-992,-162;
 -14,-242, -46,  70,  16,  -9, -53,-991,-168;
 -11,-245, -45,  71,  19,  -8, -55,-991,-161;
  -9,-244, -43,  72,  21,  -8, -53,-997,-155;
  -8,-242, -42,  73,  22,  -9, -56,-996,-153;
 -10,-244, -45,  73,  24,  -8, -50,-992,-153;
 -12,-244, -42,  73,  26,  -9, -53,-1000,-150;
 -11,-244, -40,  74,  27,  -7, -53,-997,-161;
 -11,-246, -41,  72,  27,  -7, -54,-998,-146;
 -12,-244, -43,  72,  27,  -7, -61,-1001,-150;
  -9,-245, -46,  72,  27,  -8, -57,-998,-150;
  -9,-244, -45,  73,  26,  -8, -60,-997,-146;
 -10,-247, -39,  73,  24,  -8, -58,-1000,-151;
 -12,-246, -43,  74,  21, -10, -64,-1001,-151;
 -10,-245, -44,  75,  21, -11, -55,-1001,-140;
 -14,-243, -42,  74,  20, -13, -61,-1003,-148;
 -13,-245, -40,  74,  18, -15, -64,-998,-141;
 -12,-243, -39,  73,  18, -17, -63,-998,-144;
 -13,-247, -40,  74,  15, -19, -67,-1004,-144;
 -14,-245, -40,  76,  13, -21, -69,-1005,-136;
 -15,-245, -41,  77,  12, -22, -72,-1007,-143;
 -17,-248, -37,  79,  11, -24, -80,-1006,-141;
 -18,-246, -39,  81,  11, -25, -79,-1000,-140;
 -16,-246, -38,  83,  10, -26, -74,-1004,-135;
 -15,-245, -43,  85,  12, -26, -78,-1009,-141;
 -15,-245, -37,  87,  12, -26, -78,-1008,-137;
 -15,-246, -37,  91,  13, -25, -82,-1005,-137;
 -19,-247, -39,  93,  14, -25, -78,-1005,-137;
 -15,-244, -36,  95,  15, -24, -82,-1004,-137;
 -14,-245, -41,  96,  16, -25, -75,-1002,-133;
 -15,-242, -37,  96,  18, -24, -82,-1008,-139;
  -9,-238, -36,  96,  20, -24, -73,-1001,-142;
 -14,-244, -34,  97,  20, -24, -75,-1003,-135;
 -14,-245, -35,  96,  21, -24, -77,-1003,-136;
 -16,-244, -36,  94,  21, -22, -76,-1002,-133;
 -12,-247, -34,  93,  21, -25, -68,-1007,-133;
 -13,-245, -37,  93,  21, -25, -79,-1002,-134;
 -12,-245, -37,  93,  21, -24, -65,-1007,-141;
 -15,-245, -41,  92,  20, -25, -70,-1006,-138;
 -13,-245, -41,  92,  22, -26, -63,-999,-141;
 -14,-247, -41,  93,  20, -27, -67,-998,-143;
 -16,-244, -40,  91,  20, -28, -64,-1005,-141;
 -15,-246, -39,  91,  18, -27, -66,-997,-142;
 -13,-245, -39,  87,  17, -29, -62,-1000,-144;
  -9,-244, -41,  84,  15, -29, -62,-1001,-143;
 -14,-243, -41,  82,  13, -31, -63,-1002,-144;
 -15,-246, -39,  80,  12, -30, -65,-1004,-146;
 -13,-245, -42,  77,   9, -30, -63,-1000,-148;
 -10,-245, -41,  77,   8, -29, -58,-997,-154;
 -12,-243, -43,  75,   6, -26, -61,-1003,-150;
 -12,-246, -44,  75,   6, -25, -56,-995,-153;
 -11,-243, -40,  73,   6, -26, -56,-999,-150;
 -14,-243, -41,  73,   6, -23, -53,-1000,-151;
 -11,-242, -43,  74,   7, -22, -56,-999,-156;
 -12,-242, -41,  74,   6, -21, -52,-1002,-162;
  -8,-242, -41,  75,   6, -18, -53,-1006,-153;
 -10,-245, -41,  77,   6, -18, -56,-1003,-150;
 -10,-244, -44,  79,   7, -17, -51,-1001,-147;
 -10,-243, -40,  81,   7, -17, -47,-998,-152;
 -10,-242, -44,  84,   6, -18, -46,-998,-154;
  -7,-243, -44,  83,   6, -19, -45,-998,-158;
  -6,-245, -44,  83,   7, -18, -49,-1004,-147;
  -7,-245, -41,  84,   8, -20, -53,-998,-147;
  -9,-247, -42,  84,   8, -20, -47,-1000,-145;
  -8,-245, -43,  83,   9, -21, -48,-1001,-146;
 -10,-246, -43,  80,   8, -23, -50,-1005,-143;
  -8,-245, -39,  79,   6, -25, -47,-1006,-145;
  -7,-244, -42,  79,   7, -23, -49,-1005,-139;
  -9,-243, -38,  79,   6, -23, -49,-1002,-145;
  -8,-248, -36,  79,   6, -22, -50,-1004,-136;
  -9,-245, -38,  81,   4, -21, -50,-1003,-147;
  -7,-247, -38,  81,   3, -20, -55,-998,-140;
 -12,-243, -37,  81,   4, -21, -52,-997,-139;
 -11,-244, -43,  80,   3, -22, -55,-1003,-135;
 -10,-246, -40,  78,   3, -21, -55,-999,-134;
 -11,-245, -37,  78,   2, -21, -52,-1002,-139;
 -12,-241, -39,  76,   2, -20, -51,-1004,-139;
  -7,-249, -38,  74,   5, -20, -54,-1005,-136;
 -14,-244, -39,  72,   6, -20, -49,-1002,-141;
  -9,-248, -41,  71,   7, -18, -52,-1007,-137;
  -9,-243, -39,  71,  10, -18, -46,-1006,-139;
  -7,-248, -38,  72,  12, -18, -44,-1006,-133;
 -10,-246, -35,  75,  12, -19, -46,-1005,-131;
  -5,-249, -39,  76,  14, -21, -45,-1007,-134;
  -7,-245, -35,  79,  14, -19, -43,-1005,-138;
  -8,-246, -28,  81,  15, -20, -42,-1003,-132;
  -8,-248, -38,  82,  17, -20, -47,-1004,-131;
  -8,-247, -36,  83,  18, -20, -40,-1007,-137;
  -7,-247, -39,  85,  20, -21, -42,-1007,-136;
  -7,-246, -39,  85,  20, -22, -47,-1004,-137;
  -7,-245, -38,  84,  20, -20, -46,-1010,-132;
  -9,-243, -34,  85,  19, -20, -47,-1013,-136;
  -4,-249, -35,  88,  18, -21, -47,-1009,-130;
 -11,-244, -35,  89,  16, -21, -48,-1014,-125;
  -9,-247, -36,  93,  16, -21, -53,-1002,-123;
  -7,-245, -22,  97,  13, -23, -45,-1007,-128;
 -10,-244, -36, 101,  12, -22, -52,-1007,-124;
  -9,-247, -35, 104,  12, -22, -52,-1009,-130;
 -13,-245, -32, 108,  11, -20, -54,-1005,-127;
 -12,-243, -35, 110,  11, -20, -55,-1006,-126;
 -11,-241, -35, 113,   9, -21, -52,-998,-128;
 -11,-245, -35, 112,   9, -19, -56,-999,-124;
 -13,-241, -35, 112,   7, -19, -60,-996,-133;
 -12,-245, -36, 109,   5, -19, -56,-1002,-127;
 -13,-242, -36, 108,   3, -20, -60,-994,-126;
 -14,-246, -36, 105,   3, -21, -63,-1004,-127;
 -16,-246, -36, 102,   3, -19, -68,-1002,-130;
 -14,-246, -35,  98,   0, -20, -62,-1003,-125;
 -14,-244, -37,  97,   1, -21, -71,-1005,-123;
 -15,-245, -32,  96,  -1, -22, -68,-1008,-124;
 -13,-249, -34,  96,  -2, -21, -74,-1005,-129;
 -15,-244, -35,  95,  -3, -22, -68,-1011,-122;
 -17,-244, -36,  97,  -2, -23, -68,-1008,-136;
 -14,-246, -35,  96,  -2, -22, -66,-1003,-131;
 -10,-248, -37,  95,   0, -22, -68,-1004,-132;
 -12,-244, -39,  93,   2, -20, -62,-1016,-130;
 -10,-244, -35,  88,   4, -20, -61,-1011,-129;
 -12,-246, -40,  83,   7, -20, -61,-1008,-127;
  -8,-248, -35,  77,  15, -20, -57,-1003,-125;
 -11,-243, -32,  71,  19, -22, -55,-1004,-125;
 -10,-245, -32,  68,  23, -22, -55,-1004,-123;
  -9,-244, -35,  64,  26, -21, -47,-1003,-123;
  -8,-244, -34,  60,  28, -20, -44,-1008,-126;
  -6,-247, -39,  58,  30, -21, -47,-1009,-123;
  -6,-251, -41,  55,  28, -22, -43,-1007,-119;
  -6,-245, -34,  54,  28, -20, -40,-1008,-127;
  -4,-246, -40,  50,  26, -21, -33,-1009,-130;
  -6,-247, -35,  48,  25, -22, -34,-1009,-138;
  -5,-247, -35,  46,  24, -23, -25,-1003,-132;
  -3,-245, -36,  43,  22, -24, -28,-1014,-137;
  -2,-247, -36,  43,  22, -24, -24,-1008,-143;
  -3,-246, -37,  43,  22, -22, -25,-1013,-138;
   1,-249, -39,  44,  24, -22, -20,-1012,-139;
  -2,-249, -38,  47,  25, -19, -21,-1010,-136;
   0,-246, -39,  52,  26, -16, -20,-1012,-148;
   0,-249, -37,  58,  28, -13, -21,-1011,-139;
   0,-243, -38,  64,  30, -10, -22,-1015,-140;
  -1,-247, -40,  69,  31,  -8, -19,-1010,-140;
   0,-247, -38,  71,  33,  -6, -22,-1005,-144;
  -3,-246, -38,  71,  35,  -1, -17,-1011,-147;
  -2,-249, -41,  71,  37,   3, -18,-999,-142;
  -3,-247, -39,  70,  39,   5, -26,-1004,-146;
   0,-247, -38,  68,  43,   8, -28,-1007,-145;
  -5,-246, -42,  67,  47,   8, -29,-1005,-145;
  -5,-247, -36,  68,  52,   8, -27,-1016,-146;
  -7,-244, -37,  69,  55,   9, -36,-1014,-142;
  -5,-249, -42,  71,  60,  12, -34,-1024,-148;
 -11,-248, -40,  75,  65,  14, -38,-1020,-147;
 -12,-250, -40,  80,  68,  14, -38,-1027,-145;
   5,-252, -40,  86,  72,  16, -39,-1021,-146;
  -8,-250, -41,  92,  77,  15, -46,-1023,-151;
 -11,-248, -41,  98,  80,  15, -44,-1023,-153;
  -8,-253, -45, 103,  86,  14, -49,-1019,-151;
 -10,-250, -42, 108,  88,  18, -49,-1019,-151;
 -11,-247, -41, 114,  91,  19, -52,-1019,-149;
  -9,-246, -42, 117,  93,  20, -51,-1012,-145;
  -7,-245, -44, 121,  96,  19, -54,-1012,-150;
 -10,-247, -41, 125,  97,  19, -55,-1004,-146;
 -12,-246, -40, 128,  98,  19, -57,-1001,-143;
 -15,-236, -46, 130,  97,  17, -57,-1004,-144;
 -12,-243, -39, 132,  96,  18, -65,-995,-136;
 -15,-242, -35, 131,  94,  18, -61,-993,-134;
 -12,-242, -36, 129,  91,  18, -66,-993,-130;
 -13,-241, -34, 126,  87,  17, -74,-992,-122;
 -14,-242, -35, 120,  83,  16, -71,-993,-123;
 -18,-241, -34, 113,  78,  17, -77,-991,-113;
 -17,-244, -30, 106,  73,  17, -77,-993,-110;
 -16,-243, -28,  99,  69,  17, -76,-991, -99;
 -14,-243, -33,  92,  64,  20, -76,-994,-101;
 -17,-242, -31,  87,  58,  20, -76,-1002, -99;
 -18,-244, -27,  83,  52,  21, -80,-1001, -95;
 -14,-243, -28,  81,  46,  19, -80,-1003, -97;
 -13,-243, -23,  81,  37,  19, -81,-1005, -94;
 -18,-246, -27,  81,  29,  19, -84,-1003, -96;
 -15,-244, -26,  82,  21,  19, -82,-1002, -93;
 -21,-242, -27,  81,  13,  20, -85,-1005,-101;
 -20,-245, -31,  79,   7,  17, -92,-999,-106;
 -20,-246, -28,  75,   0,  16, -86,-1010,-104;
 -19,-245, -32,  70,  -3,  15, -90,-1008,-109;
 -17,-248, -31,  66,  -6,  14, -87,-1001,-118;
 -18,-245, -33,  61,  -9,  11, -88,-1007,-118;
 -18,-246, -35,  58, -10,  12, -91,-1005,-121;
 -17,-249, -34,  56, -11,  12, -90,-1005,-121;
 -17,-247, -33,  56, -14,  15, -89,-1011,-125;
 -20,-247, -36,  58, -14,  15, -85,-1008,-124;
 -19,-247, -36,  61, -16,  16, -91,-1015,-130;
 -19,-244, -35,  64, -19,  17, -83,-1010,-128;
 -19,-247, -34,  66, -22,  18, -84,-1012,-129;
 -24,-244, -38,  68, -24,  18, -82,-1008,-133;
 -16,-245, -38,  69, -26,  18, -81,-1007,-126;
 -18,-247, -36,  68, -27,  19, -87,-1005,-133;
 -15,-247, -34,  68, -28,  21, -83,-1014,-124;
 -16,-247, -32,  67, -30,  22, -82,-1010,-124;
 -14,-246, -37,  64, -32,  22, -80,-1003,-119;
 -17,-246, -33,  65, -33,  22, -80,-1008,-119;
 -18,-246, -33,  65, -36,  21, -85,-1013,-121;
 -14,-247, -28,  67, -38,  22, -79,-1010,-119;
 -15,-248, -31,  70, -38,  22, -79,-1010,-116;
 -16,-247, -29,  72, -37,  22, -79,-1006,-116;
 -17,-248, -33,  74, -38,  20, -73,-1009,-116;
 -12,-247, -34,  75, -38,  19, -80,-1012,-116;
 -14,-245, -32,  76, -38,  18, -72,-1009,-117;
 -15,-246, -30,  77, -39,  16, -72,-1005,-114;
 -16,-243, -34,  76, -41,  13, -75,-1008,-111;
 -16,-245, -31,  76, -42,  11, -71,-1002,-111;
 -15,-242, -31,  74, -44,   7, -75,-1001,-112;
 -16,-245, -39,  73, -44,   8, -65,-1007,-120;
 -15,-243, -29,  72, -46,   6, -71,-1002,-122;
 -16,-247, -33,  70, -47,   4, -69,-998,-122;
 -14,-245, -37,  70, -49,   2, -69,-1007,-119;
 -15,-247, -34,  70, -50,  -1, -68,-1005,-122;
 -13,-249, -34,  70, -50,  -3, -71,-1013,-119;
 -17,-248, -34,  72, -51,  -4, -73,-1006,-126;
 -13,-240, -38,  74, -50,  -6, -82,-1011,-123;
 -15,-246, -39,  77, -49,  -6, -72,-1015,-124;
 -15,-248, -34,  79, -49,  -8, -74,-1009,-125;
 -16,-247, -35,  80, -49,  -8, -71,-1006,-124;
 -16,-247, -36,  83, -49, -12, -71,-1006,-124;
 -12,-248, -35,  85, -48, -13, -69,-1007,-128;
 -17,-247, -35,  85, -47, -16, -69,-1011,-131;
 -14,-246, -37,  85, -45, -17, -68,-1007,-128;
 -13,-246, -37,  85, -44, -17, -62,-1002,-126;
 -13,-247, -33,  82, -43, -19, -63,-1003,-129;
  -8,-248, -33,  81, -41, -19, -62,-1012,-123;
 -12,-244, -37,  81, -37, -22, -62,-1000,-121;
 -12,-248, -34,  80, -35, -21, -60,-1009,-125;
  -8,-244, -34,  79, -33, -22, -56,-1004,-117;
 -10,-247, -32,  77, -28, -21, -54,-1003,-122;
 -10,-246, -31,  75, -23, -21, -50,-1001,-116;
  -9,-242, -33,  72, -18, -20, -52,-1002,-118;
  -7,-246, -33,  69, -14, -19, -47,-1008,-117;
  -9,-246, -31,  69,  -9, -18, -51,-1003,-113;
  -9,-244, -29,  68,  -5, -18, -48,-1003,-114;
  -6,-247, -28,  68,  -1, -18, -52,-1008,-109;
 -10,-247, -28,  67,   3, -18, -52,-1007,-110;
  -8,-244, -31,  69,   5, -18, -54,-1006,-106;
 -10,-248, -33,  68,   8, -20, -53,-1008,-112;
 -13,-246, -29,  70,   7, -23, -56,-1006,-111;
  -7,-248, -30,  70,   9, -24, -54,-1007,-111;
  -8,-249, -28,  69,   8, -25, -61,-1008,-107;
  -9,-250, -30,  71,   7, -26, -54,-1010,-108;
  -8,-250, -27,  70,   7, -28, -60,-1009,-106;
 -13,-245, -33,  69,   7, -30, -59,-1018,-105;
  -9,-245, -26,  68,   7, -32, -59,-1014,-109;
 -14,-244, -28,  68,   7, -32, -57,-1015,-111;
  -8,-248, -30,  69,   7, -32, -61,-1011,-108;
 -13,-247, -33,  69,   9, -30, -56,-1014,-103;
 -11,-246, -34,  70,   8, -32, -62,-1006,-108;
 -11,-247, -27,  70,   9, -32, -58,-1007,-105;
 -13,-244, -32,  69,  12, -34, -55,-1006,-112;
 -12,-244, -32,  67,  13, -34, -60,-1000,-110;
 -11,-243, -31,  64,  15, -34, -62,-1005,-112;
 -10,-248, -30,  60,  17, -33, -63,-1007,-109;
 -11,-246, -31,  57,  21, -33, -57,-1012,-121;
 -10,-248, -28,  58,  26, -34, -64,-1009,-109;
 -12,-246, -32,  60,  30, -30, -62,-1014,-116;
 -14,-247, -32,  63,  34, -29, -57,-1014,-106;
 -11,-250, -29,  67,  39, -24, -60,-1013,-113;
  -9,-249, -30,  71,  42, -23, -55,-1012,-110;
 -11,-246, -30,  72,  46, -24, -50,-1011,-113;
  -9,-245, -36,  76,  47, -22, -53,-1008,-113;
  -7,-245, -31,  78,  48, -22, -48,-1005,-111;
 -10,-243, -33,  78,  48, -23, -48,-1006,-113;
  -9,-245, -33,  77,  46, -24, -47,-1001,-110;
 -11,-244, -31,  75,  45, -22, -47,-1004,-111;
  -8,-245, -30,  73,  43, -22, -47,-1002,-113;
 -11,-247, -31,  71,  43, -23, -39,-1002,-109;
  -8,-243, -31,  70,  42, -23, -45,-1008,-103;
  -9,-245, -28,  70,  41, -23, -46,-1002,-104;
  -6,-247, -31,  71,  40, -23, -47,-1006,-105;
  -7,-244, -29,  70,  39, -24, -49,-1006,-106;
  -6,-247, -28,  69,  37, -23, -53,-1005,-105;
 -11,-247, -28,  68,  36, -24, -53,-1005,-102;
  -9,-247, -29,  65,  35, -22, -56,-1009, -99;
 -13,-244, -25,  64,  33, -23, -55,-1007,-102;
 -12,-244, -31,  60,  32, -22, -52,-1008,-104;
 -14,-247, -26,  58,  30, -21, -52,-1009,-102;
 -12,-251, -32,  56,  30, -20, -54,-1005,-105;
 -13,-245, -28,  55,  28, -21, -55,-1010,-111;
 -10,-246, -29,  55,  28, -21, -55,-1002,-105;
 -12,-244, -31,  53,  28, -21, -57,-1010,-108;
 -10,-246, -31,  53,  27, -19, -55,-1007,-111;
 -12,-243, -30,  51,  25, -18, -59,-1004,-107;
 -10,-249, -31,  49,  25, -17, -52,-1003,-107;
 -14,-246, -32,  47,  26, -18, -56,-1007,-109;
 -10,-248, -31,  46,  24, -17, -59,-1005,-108;
 -13,-246, -33,  46,  23, -15, -57,-1005,-108;
 -10,-247, -33,  45,  22, -15, -64,-1006,-113;
 -14,-248, -30,  47,  23, -14, -65,-1011,-105;
 -12,-246, -31,  47,  23, -13, -58,-1011,-105;
 -12,-246, -27,  47,  24, -13, -61,-1010,-105;
  -9,-249, -30,  48,  26, -12, -64,-1008,-106;
 -13,-249, -31,  48,  27, -13, -63,-1014,-104;
 -12,-245, -31,  51,  28, -12, -55,-1010,-103;
 -11,-248, -31,  51,  27, -11, -68,-1004,-108;
 -12,-243, -30,  51,  28, -12, -62,-1009,-109;
 -12,-242, -36,  53,  26, -12, -58,-1007,-108;
 -11,-245, -27,  53,  27, -11, -59,-1005,-110;
 -11,-246, -32,  52,  26,  -8, -57,-1008,-105;
 -13,-245, -30,  52,  25, -10, -57,-1005,-106;
 -12,-249, -26,  50,  23, -10, -59,-1006,-106;
 -13,-250, -32,  47,  21,  -9, -57,-1005,-110;
 -10,-246, -36,  45,  20,  -7, -57,-1004,-105;
 -10,-246, -28,  43,  18,  -8, -56,-1005,-105;
 -12,-246, -29,  41,  17,  -7, -58,-1004,-109;
 -10,-248, -29,  40,  17,  -7, -57,-1011,-111;
 -14,-243, -28,  39,  17,  -6, -60,-1005,-109;
 -12,-244, -31,  39,  17,  -4, -63,-1008,-109;
 -13,-246, -29,  38,  16,  -4, -57,-1006,-109;
  -9,-249, -30,  37,  13,  -2, -61,-1007,-113;
 -10,-248, -30,  39,  12,  -3, -64,-1004,-105;
 -14,-243, -30,  36,  12,  -1, -60,-1011,-107;
  -7,-246, -29,  36,  12,  -1, -61,-1007,-105;
  -9,-246, -29,  36,  12,  -1, -58,-1012,-111;
 -10,-246, -33,  36,  12,   1, -61,-1007,-114;
 -12,-243, -30,  34,  12,   1, -59,-1006,-113;
  -9,-244, -34,  35,  13,   2, -59,-1009,-110;
 -10,-246, -27,  35,  13,   2, -59,-1009,-109;
 -12,-245, -32,  35,  13,   1, -57,-1008,-106;
 -15,-246, -29,  34,  13,  -1, -54,-1016,-111;
 -11,-247, -30,  33,  13,  -1, -60,-1004,-108;
  -9,-245, -30,  31,  12,   0, -59,-1009,-107;
 -11,-248, -27,  32,  12,  -2, -62,-1005,-110;
 -13,-246, -29,  30,  11,  -3, -55,-1009,-107;
 -12,-244, -29,  29,   9,  -5, -53,-1005,-109;
 -10,-242, -31,  27,   8,  -7, -50,-1005,-113;
 -16,-242, -32,  24,   7,  -8, -55,-1006,-109;
 -11,-244, -26,  22,   7,  -9, -56,-1007,-106;
 -11,-249, -30,  20,   6, -12, -55,-1010,-109;
 -11,-245, -30,  18,   4, -12, -59,-1005,-106;
  -9,-247, -29,  17,   3, -13, -57,-1006,-102;
 -11,-244, -31,  18,   2, -13, -60,-1016,-106;
 -13,-245, -34,  19,   1, -16, -56,-1010,-105;
  -7,-247, -31,  21,  -1, -15, -56,-1008,-112;
 -11,-246, -29,  26,   1, -15, -54,-1013,-110;
 -11,-250, -35,  28,   1, -15, -53,-1011,-113;
  -9,-251, -35,  30,   0, -14, -53,-1017,-116;
 -10,-250, -34,  34,   1, -15, -53,-1008,-117;
 -12,-244, -37,  37,   3, -17, -50,-1005,-119;
  -8,-245, -34,  39,   5, -17, -52,-1006,-128;
  -9,-248, -35,  40,   6, -15, -53,-1009,-126;
 -14,-249, -37,  41,   8, -14, -54,-1006,-125;
  -9,-247, -40,  43,  11, -14, -50,-1010,-131;
 -11,-246, -35,  43,  14, -12, -49,-1008,-132;
 -10,-250, -36,  42,  17, -10, -51,-1008,-136;
  -5,-248, -39,  41,  19,  -7, -50,-1005,-131;
  -8,-248, -35,  43,  22,  -5, -53,-1006,-131;
 -11,-247, -36,  41,  26,  -4, -52,-1004,-130;
 -12,-246, -35,  41,  30,  -1, -52,-1007,-128;
 -10,-248, -37,  40,  31,   2, -55,-1013,-123;
  -8,-246, -35,  38,  36,   4, -53,-1008,-126;
 -10,-245, -37,  36,  40,   7, -50,-1007,-127;
 -12,-247, -33,  34,  42,   7, -53,-1002,-123;
  -7,-248, -35,  32,  44,   9, -55,-1008,-123;
 -11,-246, -35,  29,  45,  10, -59,-1013,-112;
  -9,-246, -28,  29,  46,  11, -56,-1006,-120;
 -14,-249, -33,  28,  47,  14, -55,-1011,-118;
 -10,-246, -35,  28,  49,  14, -54,-1011,-115;
  -7,-246, -33,  31,  49,  16, -56,-1016,-120;
 -10,-249, -32,  33,  49,  17, -53,-1016,-113;
 -10,-249, -32,  36,  50,  17, -61,-1014,-117;
 -10,-247, -32,  38,  49,  16, -59,-1010,-121;
 -12,-249, -34,  39,  48,  14, -63,-1008,-120;
 -10,-246, -31,  42,  47,  13, -55,-1012,-123;
 -12,-247, -33,  44,  45,  12, -61,-1008,-120;
 -13,-247, -30,  46,  45,  11, -65,-1007,-121;
 -12,-244, -34,  48,  44,  11, -61,-1006,-115;
 -13,-244, -32,  49,  42,   9, -62,-1012,-120;
 -15,-243, -31,  50,  40,   9, -63,-1008,-123;
 -13,-246, -33,  49,  39,   8, -65,-1005,-118;
 -11,-244, -31,  47,  38,   8, -60,-1004,-114;
 -10,-246, -32,  46,  36,   8, -63,-1005,-119;
 -13,-245, -33,  44,  35,   7, -65,-1001,-113;
 -12,-245, -33,  41,  34,   6, -69,-1005,-115;
 -14,-244, -33,  38,  34,   8, -69,-1003,-117;
 -17,-245, -32,  33,  35,   7, -76,-1007,-108;
 -16,-246, -33,  32,  36,   7, -75,-1005,-115;
 -16,-244, -33,  31,  35,   7, -82,-1007,-117;
 -17,-244, -29,  29,  36,   8, -79,-1000,-110;
 -17,-243, -32,  26,  37,   6, -84,-1003,-115;
 -17,-247, -28,  23,  37,   8, -83,-1006,-114;
 -17,-249, -31,  20,  36,   6, -84,-1005,-114;
 -18,-247, -28,  17,  34,   6, -83,-1002,-110;
 -16,-248, -32,  14,  34,   6, -82,-1005,-108;
 -18,-248, -30,  11,  33,   4, -84,-1009,-116;
 -18,-248, -34,   8,  32,   5, -84,-1011,-117;
 -18,-247, -35,   8,  28,   6, -86,-1011,-120;
 -16,-249, -33,   9,  26,   7, -75,-1013,-118;
 -16,-249, -37,  11,  23,   8, -80,-1016,-113;
 -17,-249, -34,  14,  20,  10, -80,-1021,-120;
 -15,-247, -35,  18,  17,  12, -78,-1015,-120;
 -15,-247, -32,  22,  13,  12, -71,-1015,-118;
 -13,-247, -34,  26,  13,  12, -73,-1015,-126;
 -15,-244, -35,  28,  10,  11, -78,-1015,-123;
 -15,-245, -33,  29,   8,  10, -69,-1004,-121;
 -15,-243, -36,  28,   7,   7, -70,-1010,-126;
 -13,-245, -34,  26,   6,   6, -77,-1002,-126;
 -14,-244, -33,  25,   5,   4, -68,-1005,-125;
 -14,-239, -35,  22,   7,   5, -73,-1010,-124;
 -17,-244, -31,  21,   7,   2, -66,-1005,-121;
 -15,-246, -34,  20,   9,   1, -71,-1001,-121;
 -12,-244, -37,  20,   8,   2, -74,-1006,-122;
 -16,-245, -32,  19,   9,   0, -75,-998,-118;
 -16,-248, -34,  18,   9,  -1, -71,-1007,-119;
 -15,-250, -32,  17,   9,  -2, -74,-1005,-121;
 -16,-232, -36,  15,   9,  -1, -69,-1010,-124;
 -16,-248, -36,  14,   8,  -4, -75,-1008,-119;
 -14,-248, -32,  12,   8,  -4, -75,-1009,-126;
 -15,-246, -37,  10,   6,  -4, -74,-1005,-124;
 -13,-244, -33,  12,   4,  -5, -75,-1004,-122;
 -17,-244, -33,  12,   3,  -7, -66,-1010,-127;
 -17,-246, -36,  14,   2,  -9, -70,-1011,-128;
 -16,-246, -36,  18,   0, -11, -76,-1009,-123;
 -18,-245, -33,  19,  -1, -13, -66,-1004,-134;
 -16,-246, -37,  20,  -4, -15, -74,-1004,-128;
 -14,-248, -37,  19,  -6, -16, -79,-1004,-128;
 -14,-243, -37,  17,  -8, -18, -75,-999,-134;
 -13,-246, -37,  14,  -9, -19, -70,-1004,-133;
 -15,-241, -35,  11, -10, -21, -68,-997,-128;
 -13,-240, -36,   9, -11, -22, -66,-1002,-130;
