   0,-204,-133,  69,  -3,  -7, -40,-837,-544;
  -4,-203,-134,  69,  -1,  -7, -47,-840,-535;
 -10,-203,-133,  67,  -1,  -8, -42,-838,-541;
  -9,-203,-134,  64,  -1,  -9, -44,-841,-546;
  -4,-200,-134,  62,  -1,  -8, -43,-842,-546;
 -14,-203,-136,  59,   1,  -9, -44,-836,-545;
  -8,-204,-138,  57,   2,  -8, -42,-836,-536;
  -8,-206,-136,  55,   2,  -5, -46,-840,-545;
  -9,-206,-130,  54,   3,  -6, -39,-834,-534;
 -10,-203,-137,  53,   3,  -5, -45,-839,-541;
  -8,-201,-137,  52,   5,  -4, -39,-835,-539;
  -9,-204,-130,  51,   6,  -5, -35,-833,-540;
  -7,-203,-134,  49,   7,  -4, -38,-838,-535;
  -8,-204,-136,  49,   6,  -5, -33,-837,-542;
  -8,-204,-134,  48,   7,  -4, -36,-836,-542;
  -8,-202,-136,  47,   7,  -3, -37,-837,-539;
  -4,-204,-134,  47,   6,  -4, -35,-825,-534;
  -7,-202,-133,  45,   5,  -2, -37,-830,-534;
  -7,-202,-132,  45,   5,  -1, -36,-836,-537;
  -9,-202,-138,  43,   3,  -3, -38,-835,-536;
 -10,-201,-136,  40,   3,  -5, -36,-834,-535;
  -6,-199,-136,  40,   4,  -4, -35,-831,-541;
  -4,-202,-133,  39,   4,  -4, -35,-833,-546;
  -6,-202,-136,  39,   4,  -4, -31,-836,-543;
  -9,-204,-137,  39,   4,  -3, -38,-841,-545;
  -7,-203,-126,  38,   4,  -3, -39,-833,-547;
  -8,-204,-135,  39,   4,  -3, -37,-835,-543;
  -8,-206,-138,  38,   5,  -2, -36,-837,-544;
  -9,-203,-133,  36,   5,  -2, -38,-837,-549;
  -7,-204,-136,  33,   7,  -3, -35,-838,-546;
 -10,-205,-136,  31,   8,  -4, -39,-840,-546;
  -5,-205,-136,  28,   9,  -1, -45,-839,-546;
  -9,-207,-134,  24,  11,   0, -37,-841,-548;
  -9,-209,-136,  24,  13,  -1, -38,-844,-547;
 -10,-204,-135,  23,  15,  -2, -39,-846,-542;
  -7,-203,-139,  24,  15,  -1, -40,-845,-543;
 -10,-208,-137,  24,  15,  -2, -45,-847,-547;
  -8,-209,-135,  25,  15,  -2, -46,-851,-545;
 -10,-208,-135,  24,  15,  -4, -44,-847,-552;
  -8,-205,-135,  26,  13,  -5, -42,-850,-541;
  -8,-209,-139,  27,  12,  -5, -44,-856,-549;
  -9,-209,-134,  28,  13,  -7, -44,-855,-548;
 -11,-209,-137,  28,  12,  -7, -41,-851,-543;
 -11,-208,-133,  31,  10,  -8, -44,-849,-543;
 -12,-206,-132,  31,  11,  -7, -40,-846,-543;
 -12,-204,-137,  31,  10,  -9, -43,-849,-536;
 -10,-206,-136,  31,  10,  -8, -40,-847,-543;
 -11,-204,-135,  31,  12,  -9, -40,-845,-544;
 -11,-206,-139,  31,  12,  -9, -44,-852,-540;
  -8,-202,-134,  30,  13,  -9, -38,-847,-547;
  -7,-206,-136,  29,  14,  -7, -43,-847,-546;
  -9,-206,-137,  30,  15,  -7, -41,-845,-551;
 -10,-205,-136,  30,  18,  -6, -33,-844,-553;
  -7,-209,-139,  29,  20,  -7, -38,-850,-550;
  -7,-205,-138,  28,  22,  -6, -45,-845,-550;
  -5,-211,-138,  28,  23,  -5, -43,-857,-553;
  -8,-208,-139,  28,  24,  -5, -40,-846,-557;
 -11,-206,-138,  31,  25,  -5, -40,-851,-556;
  -9,-207,-137,  32,  25,  -6, -41,-848,-551;
 -11,-205,-136,  33,  25,  -4, -39,-846,-551;
 -10,-208,-141,  32,  24,  -3, -42,-849,-550;
  -9,-207,-133,  32,  22,  -6, -40,-850,-550;
 -10,-205,-133,  31,  22,  -5, -43,-841,-551;
 -10,-205,-135,  31,  21,  -5, -43,-848,-555;
  -8,-205,-136,  31,  20,  -6, -43,-849,-548;
 -10,-207,-135,  33,  18,  -8, -45,-852,-550;
  -9,-205,-138,  35,  16, -10, -45,-850,-553;
 -11,-205,-134,  38,  17, -13, -42,-851,-550;
  -7,-208,-133,  41,  14, -12, -44,-844,-552;
  -4,-202,-135,  41,  12, -12, -45,-847,-546;
 -10,-206,-136,  41,  11, -15, -42,-845,-550;
 -11,-205,-138,  40,  13, -14, -46,-841,-550;
  -9,-201,-140,  38,  14, -15, -49,-849,-554;
 -12,-205,-135,  37,  16, -14, -44,-846,-543;
 -10,-205,-139,  36,  18, -13, -48,-843,-547;
 -13,-207,-133,  35,  21, -11, -47,-848,-545;
 -12,-206,-133,  36,  22, -12, -45,-843,-556;
 -10,-205,-135,  36,  24, -11, -48,-844,-546;
  -8,-209,-137,  36,  24, -10, -42,-843,-548;
 -10,-205,-133,  33,  24,  -9, -48,-842,-552;
  -9,-205,-136,  31,  23,  -9, -44,-846,-558;
  -9,-207,-137,  31,  23,  -8, -46,-847,-554;
  -9,-207,-138,  30,  21,  -8, -44,-843,-556;
 -10,-205,-137,  32,  21,  -9, -44,-844,-544;
 -11,-204,-137,  33,  19,  -9, -47,-839,-550;
  -9,-205,-134,  33,  20, -11, -46,-837,-554;
  -8,-204,-134,  33,  18, -12, -47,-840,-548;
 -10,-203,-135,  32,  18, -13, -45,-837,-548;
 -11,-203,-136,  31,  17, -13, -43,-838,-557;
  -7,-204,-137,  27,  16, -14, -42,-841,-549;
  -9,-201,-136,  26,  15, -15, -35,-840,-544;
 -10,-205,-134,  24,  14, -15, -36,-839,-553;
 -11,-204,-140,  22,  14, -16, -39,-840,-553;
  -7,-204,-136,  22,  11, -17, -41,-836,-551;
 -10,-206,-136,  22,  12, -18, -35,-836,-551;
  -7,-206,-133,  24,  10, -18, -31,-840,-553;
  -7,-206,-136,  25,  11, -20, -35,-846,-557;
  -4,-206,-135,  25,   9, -21, -32,-850,-564;
  -8,-208,-138,  25,   9, -20, -36,-850,-564;
  -8,-206,-137,  25,   9, -22, -38,-848,-557;
 -11,-208,-140,  27,   9, -19, -34,-848,-560;
  -9,-207,-140,  29,  11, -19, -34,-852,-560;
  -8,-208,-136,  29,  11, -19, -25,-851,-559;
  -9,-208,-140,  30,  14, -17, -37,-854,-556;
  -5,-209,-134,  32,  16, -17, -35,-855,-554;
 -10,-207,-138,  34,  17, -16, -37,-857,-547;
  -5,-209,-136,  37,  21, -14, -37,-856,-551;
  -8,-208,-133,  40,  22, -13, -33,-858,-544;
 -10,-212,-133,  41,  23, -13, -40,-849,-545;
  -9,-209,-132,  40,  24, -12, -38,-847,-539;
 -11,-209,-130,  39,  24, -12, -43,-849,-541;
  -7,-208,-135,  39,  24, -13, -41,-855,-541;
  -8,-206,-135,  40,  23, -13, -44,-850,-543;
  -5,-207,-130,  41,  24, -12, -42,-854,-546;
  -8,-207,-135,  45,  24, -12, -41,-851,-549;
  -9,-204,-134,  47,  24, -11, -39,-847,-546;
 -10,-205,-138,  48,  22, -12, -45,-842,-548;
  -9,-208,-137,  49,  21, -11, -44,-844,-554;
  -8,-206,-139,  49,  21, -12, -41,-842,-554;
  -9,-203,-136,  49,  21, -12, -38,-838,-551;
  -8,-207,-136,  48,  21, -12, -43,-845,-557;
  -9,-204,-138,  47,  19, -13, -37,-839,-561;
  -7,-206,-138,  47,  19, -13, -34,-842,-559;
 -18,-210,-135,  47,  20, -14, -42,-840,-562;
  -7,-205,-139,  49,  20, -14, -43,-843,-561;
 -12,-205,-138,  50,  21, -12, -42,-843,-564;
  -9,-205,-139,  50,  20, -14, -36,-837,-558;
  -8,-201,-140,  48,  19, -14, -39,-836,-559;
 -10,-206,-144,  47,  17, -14, -40,-840,-560;
  -8,-204,-138,  47,  16, -15, -39,-842,-559;
  -8,-204,-137,  47,  15, -15, -40,-843,-554;
  -8,-204,-138,  47,  14, -16, -40,-848,-558;
 -11,-205,-135,  47,  12, -15, -41,-843,-548;
 -11,-204,-139,  47,  12, -16, -40,-846,-556;
  -9,-205,-135,  48,  12, -16, -38,-843,-556;
 -11,-207,-134,  50,  12, -18, -46,-844,-550;
 -12,-204,-133,  51,  12, -19, -43,-842,-544;
 -10,-204,-140,  53,  11, -18, -45,-843,-554;
  -9,-205,-138,  55,  10, -18, -45,-840,-552;
 -10,-205,-133,  57,   9, -20, -46,-841,-550;
 -10,-204,-136,  57,   9, -20, -46,-840,-556;
  -8,-204,-135,  56,   9, -21, -47,-837,-553;
 -10,-207,-136,  53,   8, -20, -39,-840,-550;
  -9,-205,-135,  51,   7, -21, -40,-841,-556;
 -10,-206,-136,  50,   5, -20, -44,-839,-552;
  -8,-206,-136,  48,   6, -21, -41,-839,-558;
  -5,-204,-137,  48,   6, -21, -44,-835,-563;
 -10,-205,-139,  46,   7, -20, -36,-839,-556;
  -8,-203,-139,  47,   7, -21, -40,-841,-559;
  -7,-206,-139,  46,   8, -19, -39,-842,-561;
  -9,-201,-138,  46,   8, -20, -44,-842,-568;
  -7,-206,-138,  46,   8, -19, -39,-842,-555;
  -8,-205,-138,  46,  10, -18, -40,-845,-555;
  -9,-204,-139,  46,   9, -17, -36,-840,-562;
  -6,-207,-139,  45,   9, -16, -36,-842,-559;
  -9,-204,-137,  45,  11, -18, -31,-843,-565;
  -8,-203,-138,  46,  10, -19, -44,-842,-560;
  -6,-205,-139,  46,  12, -18, -32,-844,-548;
  -8,-206,-138,  46,  11, -20, -38,-839,-551;
  -7,-205,-135,  45,  11, -17, -39,-839,-555;
  -7,-205,-139,  47,  12, -19, -37,-842,-551;
  -6,-204,-135,  47,  11, -19, -38,-842,-549;
  -9,-203,-133,  48,  10, -19, -39,-840,-552;
  -8,-204,-136,  48,  10, -18, -36,-833,-551;
  -7,-206,-135,  48,  10, -20, -36,-834,-551;
 -10,-204,-136,  48,   9, -20, -38,-834,-545;
  -7,-202,-140,  48,   7, -21, -39,-838,-557;
  -1,-200,-137,  45,   8, -20, -27,-838,-554;
  -4,-204,-136,  44,   9, -20, -34,-839,-551;
  -8,-201,-134,  41,   9, -22, -34,-839,-557;
  -7,-203,-139,  39,   9, -21, -32,-835,-555;
  -7,-203,-139,  37,   9, -21, -35,-836,-561;
  -9,-203,-136,  37,   9, -21, -31,-840,-559;
  -4,-205,-137,  35,  11, -18, -36,-843,-553;
  -6,-205,-138,  35,  12, -18, -34,-842,-553;
  -6,-203,-137,  33,  13, -17, -34,-843,-566;
  -7,-207,-135,  33,  13, -16, -32,-847,-556;
  -5,-205,-138,  34,  13, -17, -32,-840,-561;
  -6,-207,-139,  35,  15, -15, -27,-843,-551;
  -7,-207,-135,  35,  17, -14, -27,-842,-554;
  -5,-206,-142,  37,  17, -14, -34,-837,-550;
  -7,-207,-141,  38,  18, -13, -31,-845,-555;
  -7,-204,-137,  39,  22, -10, -30,-844,-556;
  -4,-207,-136,  39,  22, -11, -29,-842,-554;
  -8,-206,-138,  40,  24, -11, -25,-842,-559;
  -7,-207,-136,  40,  24, -11, -30,-843,-561;
  -4,-205,-141,  40,  25,  -9, -33,-838,-563;
  -5,-204,-138,  41,  25, -10, -27,-842,-561;
  -4,-206,-137,  40,  25, -11, -31,-839,-555;
  -3,-205,-136,  40,  25, -10, -29,-840,-558;
  -3,-205,-136,  38,  23, -10, -29,-843,-554;
  -6,-206,-140,  39,  22, -10, -28,-846,-561;
  -7,-202,-136,  38,  22, -12, -38,-840,-560;
  -7,-205,-137,  39,  21, -11, -31,-841,-551;
  -4,-207,-135,  41,  19, -12, -36,-842,-561;
  -8,-207,-133,  44,  19, -12, -36,-842,-559;
  -9,-204,-138,  46,  18, -13, -31,-840,-560;
  -9,-205,-135,  46,  17, -13, -40,-838,-553;
  -6,-205,-142,  46,  16, -12, -35,-837,-547;
  -8,-206,-135,  46,  18, -12, -31,-838,-558;
  -9,-205,-139,  44,  18, -12, -39,-843,-547;
  -6,-206,-135,  42,  19, -11, -36,-840,-556;
  -7,-205,-136,  41,  19, -10, -37,-841,-557;
  -9,-204,-137,  42,  20,  -9, -33,-845,-558;
 -10,-206,-136,  43,  22,  -8, -39,-843,-560;
  -8,-203,-136,  46,  24,  -7, -37,-841,-552;
  -7,-208,-135,  46,  22,  -9, -39,-842,-554;
 -10,-205,-136,  46,  23,  -7, -38,-845,-553;
  -7,-206,-138,  44,  24,  -7, -32,-842,-554;
 -11,-206,-136,  42,  25,  -6, -35,-840,-554;
  -9,-205,-134,  40,  26,  -3, -36,-840,-567;
 -10,-205,-136,  39,  24,  -5, -41,-841,-554;
  -4,-206,-136,  38,  25,  -5, -42,-842,-567;
  -8,-207,-140,  40,  24,  -5, -40,-842,-561;
  -9,-201,-144,  42,  24,  -4, -38,-839,-564;
  -6,-206,-137,  45,  23,  -6, -39,-839,-560;
  -7,-201,-136,  46,  22,  -6, -31,-838,-560;
  -7,-205,-137,  47,  24,  -7, -38,-839,-562;
  -7,-202,-138,  48,  24,  -8, -34,-840,-557;
  -5,-203,-137,  47,  23,  -8, -39,-834,-559;
  -8,-203,-137,  46,  23, -10, -33,-833,-560;
  -9,-206,-137,  46,  23, -11, -37,-831,-559;
 -10,-201,-134,  46,  21, -11, -35,-840,-560;
  -9,-204,-136,  45,  20, -14, -38,-841,-560;
  -9,-203,-135,  43,  16, -13, -35,-829,-557;
  -8,-203,-142,  42,  15, -14, -32,-839,-557;
  -4,-203,-137,  41,  14, -16, -30,-840,-564;
  -8,-202,-139,  42,  12, -12, -35,-837,-560;
 -10,-205,-142,  43,  14,  -9, -32,-836,-556;
  -4,-204,-139,  44,  15, -10, -33,-840,-568;
  -8,-205,-137,  45,  15,  -9, -37,-837,-559;
 -11,-205,-138,  44,  16,  -8, -37,-839,-561;
  -8,-204,-139,  44,  17,  -7, -35,-840,-567;
  -6,-205,-139,  43,  17,  -7, -30,-838,-562;
  -7,-205,-141,  42,  17,  -7, -30,-842,-566;
  -7,-208,-140,  41,  17,  -8, -31,-845,-555;
  -7,-207,-139,  41,  17,  -8, -34,-841,-557;
  -5,-204,-135,  40,  16,  -9, -34,-846,-565;
  -7,-204,-136,  39,  15, -10, -31,-841,-554;
  -6,-209,-141,  41,  15,  -9, -37,-848,-559;
 -10,-206,-138,  40,  14, -12, -32,-846,-558;
  -8,-205,-139,  40,  13, -11, -34,-843,-560;
  -3,-207,-141,  42,  13, -12, -30,-846,-552;
  -8,-208,-137,  43,  12, -12, -35,-845,-550;
  -8,-204,-136,  47,  11, -12, -28,-847,-559;
  -8,-204,-137,  51,  10, -12, -34,-841,-563;
  -7,-205,-139,  52,  11, -11, -34,-837,-561;
  -8,-205,-137,  55,  11, -12, -31,-843,-569;
 -10,-206,-138,  56,  12, -10, -32,-840,-569;
  -5,-205,-139,  57,  13, -10, -35,-838,-562;
  -6,-204,-140,  59,  15,  -9, -34,-840,-561;
 -10,-202,-139,  58,  16, -10, -42,-838,-565;
  -7,-203,-139,  59,  15, -10, -35,-830,-565;
  -7,-205,-138,  61,  17, -10, -35,-838,-570;
 -12,-202,-150,  59,  17, -10, -41,-834,-571;
 -10,-203,-140,  58,  17,  -9, -32,-840,-562;
  -8,-202,-138,  57,  17, -10, -35,-835,-560;
  -8,-205,-138,  55,  17, -10, -31,-825,-564;
 -10,-202,-141,  53,  18,  -9, -35,-836,-565;
  -9,-203,-140,  51,  18, -10, -35,-835,-562;
  -7,-202,-140,  52,  16, -10, -32,-835,-556;
  -7,-203,-139,  51,  17,  -9, -33,-834,-555;
  -7,-203,-135,  50,  17, -10, -31,-835,-556;
  -3,-205,-138,  50,  15, -12, -32,-826,-563;
  -8,-203,-138,  48,  15, -13, -33,-834,-555;
  -6,-201,-141,  48,  15, -11, -35,-832,-558;
  -5,-204,-132,  48,  13, -12, -39,-833,-558;
  -6,-202,-139,  48,  11, -14, -38,-839,-560;
  -6,-203,-138,  50,  10, -14, -38,-837,-564;
  -8,-203,-140,  52,  10, -14, -35,-836,-560;
  -7,-205,-138,  52,  10, -13, -34,-841,-557;
  -8,-200,-133,  51,   9, -15, -34,-832,-559;
  -8,-203,-138,  50,  10, -13, -33,-835,-564;
  -7,-202,-138,  50,  11, -13, -33,-838,-563;
  -8,-204,-140,  48,  12, -13, -34,-835,-563;
  -9,-204,-141,  49,  13, -13, -37,-841,-563;
  -4,-206,-138,  50,  13, -10, -32,-839,-564;
  -5,-204,-139,  48,  15, -11, -32,-840,-564;
  -5,-201,-141,  47,  15,  -8, -33,-835,-566;
  -6,-202,-140,  47,  14, -10, -35,-840,-556;
  -4,-205,-141,  46,  13, -10, -36,-838,-565;
  -5,-203,-137,  48,  13, -10, -31,-838,-568;
  -5,-206,-141,  48,  13, -10, -30,-833,-565;
  -5,-204,-138,  47,  14, -10, -34,-837,-565;
 -10,-201,-137,  45,  13, -12, -33,-839,-561;
  -5,-205,-140,  43,  14, -12, -35,-837,-564;
  -8,-203,-139,  43,  14, -14, -34,-842,-559;
  -8,-205,-139,  46,  15, -11, -38,-842,-567;
  -6,-204,-137,  47,  14, -12, -37,-840,-558;
  -8,-204,-140,  48,  14, -13, -30,-837,-556;
  -3,-206,-136,  50,  14, -13, -40,-840,-567;
 -10,-204,-140,  52,  14, -14, -34,-836,-556;
  -7,-204,-136,  54,  13, -14, -35,-832,-554;
  -3,-204,-135,  55,  14, -14, -37,-836,-559;
  -7,-206,-137,  55,  14, -10, -33,-834,-553;
  -7,-203,-139,  54,  13, -11, -33,-835,-556;
  -5,-204,-142,  53,  13, -13, -33,-832,-557;
  -6,-206,-138,  51,  12, -12, -38,-837,-558;
  -7,-194,-149,  48,  12, -12, -34,-838,-561;
  -9,-201,-137,  47,  13, -14, -33,-836,-554;
  -7,-203,-139,  48,  14, -13, -36,-837,-559;
  -5,-207,-138,  48,  13, -12, -43,-842,-563;
  -4,-202,-137,  48,  13, -13, -39,-836,-559;
  -4,-205,-142,  47,  14, -13, -35,-835,-564;
  -8,-206,-136,  47,  14, -12, -37,-835,-562;
  -7,-204,-138,  46,  15, -12, -35,-836,-565;
  -8,-203,-141,  47,  17, -12, -35,-833,-558;
  -4,-207,-142,  47,  16, -11, -36,-840,-564;
 -10,-205,-138,  47,  16, -10, -32,-837,-564;
  -9,-205,-140,  48,  16, -11, -36,-840,-567;
  -9,-206,-136,  50,  15, -10, -36,-837,-569;
  -5,-206,-138,  51,  14, -11, -32,-836,-563;
  -5,-205,-139,  51,  15, -11, -30,-836,-564;
  -6,-201,-139,  51,  15, -12, -33,-840,-566;
  -3,-205,-136,  50,  14, -11, -27,-836,-563;
 -10,-202,-134,  49,  14, -11, -28,-838,-565;
  -3,-203,-138,  49,  14, -12, -28,-835,-559;
  -7,-205,-138,  48,  13, -12, -30,-831,-561;
  -6,-206,-139,  47,  13, -11, -32,-834,-562;
  -4,-202,-140,  45,  12, -12, -33,-837,-563;
  -9,-203,-138,  44,  13, -13, -30,-838,-561;
  -3,-204,-141,  43,  12, -14, -30,-841,-559;
  -7,-205,-139,  43,  11, -12, -29,-839,-563;
  -7,-204,-140,  44,  11, -15, -30,-840,-564;
  -7,-205,-138,  45,  12, -15, -33,-841,-553;
  -7,-205,-137,  48,  12, -15, -34,-838,-563;
 -12,-204,-139,  52,  12, -13, -33,-837,-554;
  -5,-208,-138,  53,  11, -13, -31,-835,-558;
  -5,-205,-137,  54,  10, -12, -34,-843,-562;
  -8,-204,-137,  54,   9, -12, -38,-838,-563;
  -6,-204,-137,  54,  11, -13, -34,-840,-562;
  -6,-204,-140,  51,  12, -13, -34,-841,-561;
  -5,-204,-138,  51,  11, -13, -36,-839,-561;
  -6,-202,-136,  51,  12, -13, -40,-840,-566;
 -11,-203,-140,  52,  12, -12, -37,-837,-561;
  -8,-202,-137,  54,  12, -11, -37,-836,-566;
  -6,-204,-139,  55,  11, -11, -32,-833,-563;
  -7,-206,-138,  55,  12, -10, -35,-837,-562;
  -6,-202,-138,  56,  14,  -9, -30,-832,-567;
  -8,-204,-137,  55,  15, -11, -34,-832,-560;
 -10,-202,-140,  54,  17,  -9, -37,-829,-568;
  -9,-203,-144,  52,  19,  -8, -38,-828,-568;
  -7,-204,-140,  52,  19,  -9, -35,-825,-568;
 -11,-204,-139,  51,  21,  -8, -35,-837,-561;
  -3,-206,-141,  48,  21,  -7, -41,-832,-565;
  -8,-204,-136,  47,  23,  -7, -33,-829,-568;
 -10,-205,-140,  45,  21,  -8, -37,-834,-568;
 -11,-205,-138,  44,  19, -10, -35,-838,-564;
  -6,-201,-141,  44,  18, -10, -38,-831,-560;
  -7,-203,-141,  44,  16, -11, -36,-832,-561;
  -8,-205,-137,  43,  15, -13, -40,-841,-564;
  -7,-206,-137,  44,  13, -12, -39,-840,-566;
 -18,-208,-139,  46,  12, -13, -33,-841,-566;
  -8,-202,-138,  49,  10, -12, -35,-840,-566;
 -11,-203,-135,  51,   8, -14, -32,-839,-568;
  -8,-204,-141,  52,   7, -15, -36,-840,-567;
  -9,-205,-139,  53,   8, -16, -33,-840,-565;
  -7,-206,-144,  55,   7, -14, -33,-843,-563;
  -4,-206,-139,  57,   7, -14, -33,-845,-567;
  -8,-205,-135,  60,   6, -13, -30,-841,-566;
  -6,-206,-136,  61,   5, -12, -36,-842,-562;
  -4,-205,-142,  63,   5, -12, -36,-838,-562;
  -9,-203,-138,  64,   5,  -9, -32,-841,-559;
  -5,-204,-134,  66,   5,  -9, -28,-837,-561;
  -7,-204,-138,  66,   6,  -8, -34,-840,-558;
  -7,-201,-138,  67,   7,  -7, -37,-841,-562;
 -11,-204,-140,  67,   8,  -7, -31,-841,-557;
  -5,-204,-138,  65,   9,  -8, -34,-837,-554;
  -8,-204,-138,  63,   9,  -7, -33,-838,-559;
  -7,-203,-137,  60,  10,  -9, -29,-836,-557;
  -8,-203,-142,  59,   9,  -8, -35,-840,-563;
  -5,-206,-136,  58,   9,  -8, -35,-838,-561;
  -7,-203,-138,  57,  10,  -8, -30,-842,-563;
  -9,-201,-137,  57,   9,  -8, -35,-838,-562;
  -7,-204,-138,  56,   8,  -8, -27,-843,-562;
  -5,-207,-140,  56,   7,  -6, -26,-842,-561;
  -7,-201,-142,  58,   8,  -8, -31,-839,-562;
  -6,-206,-141,  58,   9,  -8, -34,-839,-571;
  -9,-203,-138,  58,  11,  -7, -30,-843,-562;
  -9,-208,-141,  59,  13,  -8, -37,-846,-563;
 -10,-203,-137,  59,  15,  -8, -33,-844,-557;
  -4,-202,-139,  59,  16,  -6, -34,-842,-569;
  -4,-208,-137,  58,  18,  -7, -32,-843,-563;
 -11,-206,-141,  59,  22,  -6, -36,-843,-565;
  -7,-207,-139,  60,  22,  -7, -35,-843,-566;
 -10,-202,-138,  63,  23,  -5, -34,-845,-564;
  -8,-205,-140,  65,  24,  -6, -30,-847,-567;
  -5,-208,-143,  68,  24,  -7, -33,-845,-561;
  -7,-204,-140,  69,  23,  -6, -34,-840,-560;
  -4,-206,-138,  70,  22,  -7, -32,-834,-563;
  -9,-202,-141,  72,  22,  -7, -33,-837,-548;
  -8,-203,-138,  73,  21,  -7, -41,-833,-564;
 -12,-206,-139,  74,  19,  -9, -40,-837,-559;
  -8,-203,-136,  76,  18,  -9, -38,-836,-558;
  -5,-204,-137,  76,  16, -11, -38,-840,-559;
  -8,-203,-137,  76,  16, -13, -40,-835,-554;
  -8,-205,-135,  75,  14, -14, -37,-834,-555;
  -7,-204,-143,  76,  13, -12, -43,-837,-554;
  -8,-203,-140,  78,  12, -12, -40,-835,-562;
  -8,-204,-139,  76,  10, -13, -38,-835,-559;
  -6,-204,-136,  78,   9, -13, -38,-836,-565;
  -5,-204,-136,  77,  10, -15, -38,-826,-557;
  -5,-206,-140,  75,   9, -13, -35,-832,-558;
  -3,-205,-137,  76,   9, -14, -34,-839,-557;
  -8,-205,-142,  73,   8, -14, -31,-838,-553;
  -6,-205,-132,  71,  10, -13, -35,-840,-564;
  -6,-205,-141,  69,  10, -13, -34,-838,-557;
  -7,-207,-137,  66,  10, -12, -32,-839,-554;
  -4,-207,-138,  66,  10, -12, -31,-841,-565;
  -2,-209,-136,  64,   9, -12, -26,-840,-559;
  -6,-205,-140,  65,  10, -13, -34,-846,-552;
  -4,-210,-140,  64,  11, -12, -31,-838,-561;
  -8,-205,-134,  65,  10, -12, -29,-844,-559;
  -7,-206,-138,  64,  11, -10, -28,-845,-556;
  -6,-206,-139,  65,  12, -10, -34,-840,-562;
  -9,-208,-138,  67,  12, -10, -33,-847,-561;
  -5,-207,-138,  69,  12, -10, -34,-844,-560;
  -7,-207,-137,  70,  12,  -9, -37,-841,-559;
  -8,-207,-138,  71,  12,  -9, -30,-842,-560;
  -4,-207,-141,  72,  11,  -9, -32,-843,-559;
 -10,-209,-138,  74,  11,  -9, -31,-844,-561;
  -3,-205,-137,  75,  10,  -9, -32,-843,-555;
  -7,-206,-137,  77,   9, -12, -37,-846,-560;
  -8,-207,-136,  78,  11, -12, -30,-848,-561;
  -8,-207,-137,  79,  10, -12, -32,-842,-554;
  -6,-206,-140,  80,  10, -12, -30,-849,-558;
  -7,-207,-140,  81,  11, -12, -33,-843,-548;
  -8,-207,-139,  83,  10, -10, -28,-845,-558;
  -7,-204,-135,  83,  10, -10, -35,-849,-549;
  -5,-205,-140,  84,  10, -11, -32,-840,-549;
  -4,-208,-138,  86,  11, -11, -29,-839,-548;
  -4,-207,-134,  85,  10, -11, -33,-838,-558;
  -8,-202,-138,  84,  10,  -9, -27,-841,-552;
  -4,-207,-137,  83,  10,  -9, -33,-839,-553;
  -7,-204,-137,  82,  10, -11, -33,-839,-555;
 -10,-202,-136,  81,  10, -11, -31,-837,-545;
  -6,-203,-136,  80,  11, -12, -30,-832,-554;
  -6,-202,-140,  77,  12, -11, -33,-838,-554;
  -6,-201,-136,  77,  12, -11, -32,-832,-554;
   1,-198,-136,  73,  14, -12, -31,-832,-554;
  -7,-204,-135,  71,  14, -12, -37,-839,-558;
  -6,-202,-135,  69,  14, -13, -32,-831,-559;
  -9,-206,-136,  67,  15, -12, -33,-841,-559;
  -4,-205,-135,  65,  16, -12, -34,-839,-555;
  -5,-205,-138,  63,  15, -11, -36,-838,-549;
  -5,-206,-135,  61,  15, -12, -29,-840,-553;
  -6,-205,-136,  60,  17, -11, -37,-843,-551;
  -6,-205,-140,  60,  16,  -9, -38,-845,-548;
  -5,-208,-135,  59,  16,  -9, -34,-839,-552;
  -2,-205,-140,  58,  15, -11, -34,-841,-557;
  -5,-205,-136,  59,  15, -11, -30,-846,-554;
  -6,-206,-140,  60,  15,  -8, -25,-845,-550;
  -4,-209,-137,  62,  15,  -9, -34,-853,-552;
  -4,-207,-137,  64,  15,  -7, -30,-843,-557;
  -5,-207,-134,  65,  15,  -9, -27,-842,-554;
  -4,-205,-139,  67,  16, -10, -28,-844,-562;
  -7,-206,-136,  68,  14,  -9, -29,-843,-558;
  -3,-203,-137,  68,  15, -10, -33,-843,-557;
  -5,-206,-139,  69,  14, -10, -30,-844,-554;
  -4,-208,-136,  68,  14, -11, -29,-841,-557;
  -6,-206,-136,  64,  13, -10, -36,-846,-549;
  -8,-208,-140,  62,  12, -10, -35,-844,-554;
  -8,-208,-136,  62,  12, -10, -32,-844,-548;
 -11,-204,-136,  64,  13, -13, -37,-846,-551;
  -8,-205,-139,  69,  14, -11, -30,-842,-553;
  -6,-207,-136,  73,  15,  -8, -35,-841,-560;
  -7,-207,-135,  77,  15,  -8, -33,-847,-543;
  -8,-206,-136,  79,  15,  -5, -34,-840,-546;
  -6,-203,-135,  77,  15,  -7, -26,-841,-547;
  -8,-206,-135,  76,  16,  -9, -27,-837,-547;
  -7,-203,-137,  72,  17,  -7, -31,-835,-554;
  -3,-202,-135,  70,  19,  -6, -34,-837,-547;
  -6,-203,-137,  69,  19,  -4, -32,-827,-558;
  -6,-203,-136,  68,  21,  -4, -34,-836,-550;
  -7,-203,-139,  65,  22,  -4, -33,-834,-554;
 -10,-205,-138,  64,  23,  -2, -31,-836,-546;
  -7,-202,-130,  62,  24,   0, -32,-828,-545;
  -6,-204,-138,  60,  24,  -4, -31,-838,-550;
  -7,-205,-134,  59,  24,  -2, -30,-837,-545;
  -5,-205,-135,  55,  23,  -4, -35,-841,-546;
  -8,-206,-135,  51,  22,  -6, -32,-836,-549;
  -8,-205,-135,  47,  21,  -5, -33,-838,-547;
  -8,-203,-135,  46,  20,  -5, -33,-840,-546;
 -11,-198,-137,  44,  18,  -6, -30,-841,-544;
  -3,-208,-135,  44,  17,  -5, -32,-841,-554;
  -6,-207,-134,  43,  15,  -7, -27,-840,-549;
  -4,-209,-139,  44,  15,  -7, -27,-848,-558;
  -3,-209,-136,  45,  14,  -6, -28,-848,-554;
  -8,-207,-135,  48,  14,  -7, -30,-842,-550;
  -6,-209,-133,  49,  13,  -6, -31,-850,-547;
  -2,-207,-141,  51,  13,  -5, -37,-846,-554;
  -4,-208,-138,  51,  13,  -4, -33,-847,-553;
 -10,-205,-137,  50,  16,  -3, -35,-848,-556;
  -7,-207,-139,  53,  17,  -2, -35,-852,-549;
  -6,-211,-134,  54,  16,  -1, -32,-850,-547;
  -8,-209,-133,  55,  16,  -2, -39,-847,-555;
  -4,-210,-135,  55,  15,  -1, -35,-853,-554;
  -4,-208,-141,  58,  12,  -1, -34,-856,-552;
  -5,-207,-133,  59,  12,  -2, -35,-851,-546;
  -6,-207,-135,  62,  11,  -2, -32,-844,-548;
 -11,-205,-137,  63,  11,  -1, -32,-847,-547;
  -6,-207,-133,  64,  12,  -1, -36,-843,-545;
  -7,-206,-134,  64,  12,  -1, -32,-839,-547;
  -6,-207,-138,  65,  13,   0, -25,-837,-557;
  -8,-207,-136,  62,  13,  -1, -35,-842,-552;
  -7,-205,-137,  60,  13,  -2, -29,-844,-551;
 -10,-204,-138,  57,  14,  -1, -31,-841,-545;
  -6,-205,-139,  53,  13,  -4, -27,-843,-555;
  -7,-204,-138,  51,  14,  -4, -34,-843,-560;
  -7,-210,-135,  48,  14,  -6, -31,-840,-553;
  -5,-207,-135,  44,  13,  -7, -38,-837,-552;
  -8,-204,-136,  43,  12,  -8, -36,-840,-555;
  -4,-203,-138,  40,  11,  -9, -36,-846,-562;
 -10,-204,-137,  38,  10, -10, -41,-837,-560;
 -11,-205,-136,  38,  10, -11, -39,-840,-554;
  -9,-203,-135,  38,   8, -14, -37,-840,-562;
  -9,-207,-134,  38,   6, -12, -40,-841,-559;
 -10,-204,-137,  38,   5, -15, -38,-837,-554;
  -9,-208,-140,  39,   4, -16, -39,-838,-554;
  -8,-204,-138,  38,   6, -17, -39,-845,-551;
 -11,-207,-135,  38,   7, -17, -42,-842,-548;
  -9,-204,-138,  39,   9, -16, -41,-843,-554;
  -8,-205,-135,  41,  11, -17, -41,-841,-553;
 -12,-201,-139,  43,  13, -17, -47,-835,-551;
 -10,-205,-138,  44,  12, -15, -46,-838,-543;
 -10,-199,-136,  45,  12, -16, -40,-840,-554;
  -7,-205,-135,  44,  10, -14, -42,-835,-560;
  -8,-202,-137,  42,   9, -15, -36,-830,-548;
  -9,-202,-134,  40,   9, -15, -39,-839,-548;
  -8,-204,-139,  37,   8, -16, -37,-835,-555;
  -4,-204,-138,  34,   8, -18, -37,-831,-557;
  -8,-203,-137,  31,   9, -17, -34,-832,-562;
  -6,-202,-136,  28,   7, -16, -38,-830,-566;
  -6,-204,-139,  24,   8, -16, -34,-840,-561;
  -6,-206,-139,  23,   6, -14, -39,-835,-555;
  -7,-201,-137,  21,   7, -14, -35,-836,-560;
  -7,-203,-143,  18,   7, -14, -32,-844,-565;
  -6,-202,-140,  13,   6, -13, -27,-837,-562;
  -3,-205,-137,  10,   5, -13, -25,-834,-570;
  -4,-201,-141,   7,   6, -13, -26,-838,-564;
  -2,-202,-139,   4,   6, -12, -26,-830,-564;
  -4,-205,-139,   2,   8, -12, -25,-834,-566;
  -7,-203,-140,   0,  11, -11, -23,-824,-568;
  -6,-200,-140,   0,  12, -11, -25,-822,-568;
  -3,-202,-138,  -3,  12, -11, -22,-825,-565;
  -8,-200,-144,  -3,  15, -10, -21,-824,-571;
  -4,-202,-142,  -3,  14, -11, -24,-812,-572;
  -3,-199,-145,  -6,  16, -11, -18,-817,-571;
   0,-200,-141,  -7,  16, -13, -17,-815,-570;
  -2,-198,-145,  -8,  17, -12, -19,-811,-572;
  -2,-195,-140, -10,  20, -14, -21,-808,-572;
  -3,-195,-137, -10,  20, -13, -21,-809,-571;
  -4,-197,-142, -12,  22, -12, -16,-801,-567;
  -2,-194,-143, -16,  22, -13, -23,-798,-576;
  -2,-192,-139, -23,  22, -13, -20,-795,-570;
  -4,-193,-143, -30,  23, -15, -20,-793,-571;
  -1,-193,-142, -36,  21, -17, -23,-788,-574;
  -6,-191,-140, -41,  22, -20, -26,-786,-575;
  -4,-189,-142, -48,  18, -20, -25,-782,-573;
  -6,-189,-143, -55,  17, -22, -25,-778,-580;
  -7,-188,-143, -63,  16, -24, -24,-766,-580;
  -5,-187,-141, -73,  16, -27, -33,-762,-575;
  -6,-186,-140, -81,  15, -30, -25,-755,-579;
  -5,-184,-141, -92,  15, -30, -24,-753,-578;
  -1,-183,-145,-102,  16, -33, -27,-750,-584;
  -3,-184,-145,-113,  18, -34, -23,-744,-583;
  -2,-181,-144,-121,  20, -36, -23,-737,-578;
  -5,-181,-141,-130,  24, -35, -22,-740,-576;
  -2,-180,-144,-139,  25, -36, -21,-736,-580;
  -3,-182,-143,-147,  26, -38, -26,-735,-581;
  -7,-162,-143,-155,  25, -41, -25,-735,-586;
  -2,-180,-144,-161,  21, -43, -30,-735,-586;
  -6,-181,-146,-166,  18, -46, -24,-737,-587;
  -4,-182,-144,-173,  11, -47, -25,-743,-591;
  -2,-182,-148,-181,   8, -52, -26,-747,-591;
  -8,-183,-146,-191,   5, -54, -24,-750,-594;
  -3,-187,-145,-195,   4, -58, -28,-756,-597;
  -3,-188,-146,-197,   5, -60, -21,-752,-600;
  -4,-187,-146,-198,   5, -61, -23,-763,-593;
  -2,-187,-149,-196,   6, -65, -25,-762,-594;
  -4,-190,-151,-196,   5, -68, -22,-763,-599;
  -4,-187,-147,-196,   3, -74, -23,-764,-599;
  -4,-188,-149,-198,  -1, -79, -26,-772,-606;
  -5,-188,-152,-199,  -4, -82, -24,-776,-603;
  -2,-191,-152,-202,  -8, -88, -26,-772,-604;
  -5,-190,-151,-205, -12, -93, -27,-775,-599;
  -2,-189,-149,-207, -14, -98, -25,-772,-603;
  -4,-190,-146,-210, -16,-104, -26,-778,-600;
  -6,-189,-148,-213, -17,-108, -25,-774,-596;
  -8,-189,-153,-214, -16,-112, -33,-779,-594;
  -9,-189,-145,-214, -15,-115, -33,-769,-593;
  -4,-186,-148,-215, -16,-122, -39,-766,-587;
  -6,-186,-144,-217, -17,-131, -39,-755,-593;
  -5,-188,-145,-218, -20,-137, -37,-760,-587;
  -6,-181,-144,-217, -22,-146, -33,-751,-586;
  -7,-182,-145,-216, -18,-154, -33,-738,-589;
  -5,-179,-142,-215, -13,-159, -31,-725,-581;
  -4,-177,-143,-217,  -7,-166, -32,-720,-578;
  -7,-173,-143,-223,   1,-170, -33,-708,-578;
  -5,-173,-143,-231,   9,-175, -40,-703,-583;
  -8,-170,-144,-240,  15,-179, -31,-695,-575;
  -4,-168,-146,-251,  23,-181, -35,-696,-585;
  -2,-169,-145,-261,  31,-184, -30,-683,-591;
  -5,-164,-143,-270,  39,-187, -28,-675,-585;
  -6,-167,-148,-279,  47,-189, -30,-674,-594;
  -4,-164,-148,-288,  55,-187, -37,-671,-595;
  -7,-162,-149,-297,  62,-184, -32,-670,-592;
  -8,-160,-145,-304,  69,-180, -34,-664,-597;
  -4,-159,-149,-311,  78,-176, -37,-653,-591;
  -6,-158,-146,-316,  85,-169, -43,-647,-588;
  -8,-157,-143,-323,  93,-165, -37,-647,-592;
  -9,-156,-146,-327, 100,-157, -31,-646,-594;
  -5,-155,-147,-333, 109,-147, -27,-634,-596;
  -4,-153,-145,-337, 120,-138, -31,-625,-596;
  -1,-154,-141,-339, 130,-127, -17,-625,-587;
  -4,-147,-144,-340, 140,-115, -19,-617,-585;
   0,-150,-148,-341, 149,-103, -22,-615,-583;
  -1,-150,-142,-341, 154, -93, -16,-603,-570;
  -1,-148,-141,-340, 157, -86, -17,-604,-560;
   0,-146,-140,-340, 157, -79, -12,-604,-552;
  -1,-147,-135,-338, 155, -72,  -6,-603,-562;
   2,-145,-139,-337, 154, -69,  -3,-602,-562;
   0,-143,-134,-337, 152, -67,  -6,-587,-556;
   1,-146,-134,-338, 148, -67,  -9,-590,-552;
  10,-152,-136,-339, 144, -67,  -4,-594,-548;
   1,-143,-139,-341, 135, -72,  -2,-596,-553;
   0,-144,-138,-343, 123, -77,  -1,-596,-560;
   1,-148,-136,-346, 107, -84,  -1,-599,-563;
   1,-145,-138,-351,  89, -90,   5,-608,-556;
   4,-152,-138,-358,  70,-101,   7,-611,-555;
   3,-150,-142,-369,  51,-112,  14,-617,-559;
   4,-151,-139,-378,  33,-122,  14,-615,-569;
   6,-151,-142,-386,  15,-133,  22,-620,-570;
   5,-151,-144,-393,  -3,-142,  19,-623,-578;
   4,-151,-145,-398, -17,-152,  20,-632,-590;
   5,-160,-150,-401, -31,-157,  19,-640,-598;
   2,-156,-151,-404, -45,-164,  15,-644,-607;
   5,-160,-152,-406, -60,-166,  16,-657,-612;
   5,-164,-155,-408, -71,-168,  15,-665,-619;
   5,-164,-155,-408, -77,-167,  21,-670,-626;
   8,-163,-158,-408, -81,-163,  21,-674,-637;
   9,-171,-158,-404, -82,-159,  18,-688,-643;
   7,-171,-162,-398, -82,-154,  21,-698,-655;
   7,-171,-163,-391, -80,-147,  22,-704,-673;
   7,-177,-170,-384, -78,-141,  24,-714,-686;
   6,-175,-173,-375, -79,-134,  25,-720,-700;
   5,-180,-174,-364, -79,-128,  18,-733,-702;
   3,-185,-177,-349, -77,-123,  13,-746,-715;
   3,-188,-176,-336, -73,-118,   7,-762,-718;
  -1,-190,-181,-320, -68,-114,   4,-769,-724;
   2,-190,-179,-302, -62,-113,   0,-780,-729;
   1,-190,-180,-284, -52,-112,  -4,-781,-723;
   0,-190,-179,-265, -39,-114,  -5,-777,-714;
  -1,-189,-179,-243, -22,-114,  -6,-778,-711;
  -2,-190,-177,-218,  -6,-113, -10,-776,-711;
  -3,-188,-176,-194,   9,-112, -15,-762,-710;
   0,-187,-176,-171,  21,-111, -12,-760,-714;
   0,-188,-177,-150,  28,-110, -10,-751,-716;
  -1,-182,-175,-131,  34,-109, -12,-748,-717;
   0,-179,-180,-112,  35,-107,  -9,-736,-718;
  -3,-181,-177, -98,  36,-103,  -8,-735,-714;
   0,-177,-178, -83,  36, -97,  -3,-723,-713;
   1,-175,-175, -76,  35, -92,   3,-718,-709;
   2,-172,-172, -72,  31, -86,  10,-716,-709;
   7,-176,-175, -72,  30, -79,  12,-708,-704;
   7,-175,-176, -76,  31, -74,  14,-709,-706;
   7,-175,-175, -82,  32, -70,  17,-710,-715;
   8,-171,-174, -92,  34, -67,  25,-711,-713;
   9,-176,-177,-100,  32, -69,  26,-717,-705;
   7,-177,-174,-107,  31, -69,  31,-715,-714;
   4,-176,-175,-111,  34, -73,  30,-724,-708;
   7,-176,-177,-114,  33, -78,  31,-724,-708;
   8,-178,-175,-119,  30, -86,  33,-727,-710;
  12,-179,-179,-119,  26, -94,  28,-728,-716;
  11,-183,-174,-115,  22,-100,  38,-734,-713;
  11,-183,-176,-108,  18,-106,  41,-736,-712;
  14,-184,-175, -93,  12,-111,  47,-743,-715;
  12,-183,-177, -74,   7,-117,  40,-750,-709;
  12,-187,-179, -54,   2,-118,  38,-754,-715;
  12,-187,-174, -30,  -1,-117,  45,-752,-714;
  14,-186,-178,  -1,  -4,-117,  43,-750,-710;
  14,-185,-175,  29,  -8,-117,  48,-754,-715;
  13,-186,-177,  58, -13,-118,  54,-751,-716;
  12,-184,-179,  87, -17,-121,  49,-752,-722;
  12,-188,-178, 111, -20,-120,  41,-744,-721;
  13,-184,-178, 130, -21,-120,  38,-746,-725;
   8,-184,-180, 146, -24,-120,  40,-751,-727;
   7,-188,-177, 154, -26,-118,  31,-750,-731;
   7,-184,-181, 157, -29,-118,  23,-750,-734;
   4,-185,-179, 157, -32,-119,  15,-751,-730;
   1,-185,-181, 155, -36,-117,   8,-751,-731;
   1,-186,-181, 156, -42,-112,   5,-753,-730;
   0,-186,-184, 158, -46,-110,  -3,-759,-727;
   0,-189,-182, 163, -50,-104,  -1,-766,-732;
   1,-186,-180, 169, -55, -98,  -5,-759,-732;
  -2,-186,-183, 176, -63, -90,  -8,-767,-734;
  -5,-184,-183, 182, -71, -84, -12,-763,-737;
  -4,-189,-186, 188, -75, -73,  -6,-765,-741;
   0,-186,-185, 192, -80, -64, -10,-763,-738;
   0,-188,-183, 197, -85, -56, -12,-768,-734;
  -4,-186,-181, 200, -87, -50,  -6,-756,-736;
  -1,-187,-184, 202, -88, -47,  -8,-752,-737;
   0,-183,-179, 201, -86, -40,  -2,-753,-733;
   0,-184,-184, 197, -83, -34,  -4,-748,-734;
   2,-181,-183, 194, -81, -26,   0,-740,-726;
   2,-181,-181, 186, -78, -19,   3,-737,-729;
   4,-181,-175, 176, -71, -10,  12,-737,-726;
   4,-180,-179, 169, -63,   0,  14,-731,-721;
   5,-181,-180, 163, -55,   8,  17,-731,-728;
   5,-179,-180, 156, -49,  18,  18,-733,-715;
   9,-186,-176, 151, -44,  20,  29,-747,-717;
  10,-186,-180, 145, -39,  21,  30,-749,-715;
  10,-184,-176, 138, -35,  19,  35,-751,-712;
  11,-186,-175, 133, -30,  23,  43,-756,-704;
  11,-189,-177, 129, -22,  23,  49,-765,-710;
  12,-189,-175, 127, -14,  21,  57,-775,-706;
  17,-192,-178, 131,  -9,  18,  57,-785,-707;
  15,-196,-179, 138,  -8,  17,  64,-795,-711;
  16,-197,-175, 151,  -9,  12,  58,-802,-716;
  14,-195,-180, 169, -11,   8,  60,-809,-717;
  12,-200,-177, 190, -10,   5,  52,-809,-716;
  13,-198,-179, 213, -10,   4,  40,-816,-716;
  11,-200,-178, 234, -15,   3,  35,-810,-719;
   7,-196,-179, 257, -19,   0,  20,-809,-725;
   3,-198,-181, 273, -19,   3,  14,-807,-717;
   0,-195,-181, 286, -22,   8,   2,-795,-725;
   0,-195,-179, 298, -23,  13,  -9,-790,-715;
  -5,-191,-176, 305, -28,  21, -17,-780,-708;
  -5,-190,-178, 306, -34,  33, -18,-766,-716;
  -4,-185,-173, 305, -39,  43, -27,-755,-701;
  -5,-181,-173, 301, -43,  52, -31,-740,-702;
  -9,-177,-168, 291, -46,  61, -25,-725,-697;
  -5,-175,-170, 281, -50,  68, -24,-713,-698;
  -4,-174,-170, 270, -48,  77, -20,-707,-686;
  -1,-171,-168, 257, -44,  82, -12,-705,-689;
   3,-172,-169, 247, -42,  83,   2,-703,-679;
   0,-171,-168, 236, -39,  81,   0,-706,-689;
   7,-174,-166, 226, -32,  84,  16,-706,-687;
   6,-173,-168, 221, -22,  81,  16,-716,-694;
  10,-175,-172, 215,  -8,  81,  33,-724,-694;
  14,-182,-173, 213,   6,  77,  40,-737,-696;
  10,-179,-172, 211,  24,  67,  35,-742,-699;
   8,-185,-174, 211,  48,  62,  41,-758,-699;
  15,-188,-175, 212,  66,  60,  38,-762,-705;
  15,-189,-176, 212,  80,  61,  59,-778,-704;
   8,-189,-176, 213,  93,  51,  41,-773,-712;
  10,-192,-177, 209,  99,  45,  42,-781,-722;
   8,-191,-183, 203, 101,  38,  39,-789,-720;
  13,-195,-176, 190,  96,  32,  49,-787,-718;
  13,-192,-176, 181,  92,  15,  39,-787,-721;
   9,-194,-185, 177,  87,   2,  32,-790,-721;
   9,-194,-175, 177,  80,  -2,  37,-795,-719;
  10,-195,-177, 184,  73,  -7,  25,-800,-718;
   5,-192,-180, 195,  65, -12,  30,-793,-720;
   5,-196,-185, 210,  61, -10,  22,-799,-726;
   8,-191,-177, 224,  58,  -6,  17,-798,-724;
   2,-194,-178, 236,  53,   1,   8,-796,-720;
   4,-194,-178, 243,  45,   9,  11,-802,-714;
   6,-198,-174, 247,  40,  16,  19,-798,-715;
   2,-194,-179, 246,  39,  14,   9,-801,-717;
   0,-195,-174, 245,  41,  20,   5,-796,-714;
   4,-194,-178, 245,  40,  33,  20,-804,-710;
   7,-193,-173, 248,  43,  35,  19,-793,-702;
   1,-193,-176, 252,  48,  42,   4,-796,-705;
   5,-195,-173, 250,  47,  57,  16,-787,-700;
   2,-191,-174, 250,  41,  61,  25,-789,-700;
   3,-191,-174, 247,  37,  59,  19,-781,-701;
   4,-189,-179, 241,  29,  66,  15,-786,-706;
  10,-230,-192, 231,  22,  74, -15,-942,-789;
  24,-179,-135, 209,  47,  83,  68,-755,-684;
  14,-189,-185, 222,  -6,  66,  56,-774,-704;
  -1,-191,-208, 216, -21,  55,  23,-768,-696;
   8,-187,-185, 200,   7,  68,  61,-772,-686;
  16,-185,-159, 182,  18,  68,  52,-778,-688;
  26,-191,-137, 164,   5,  62,  57,-767,-673;
  10,-194,-190, 154, -15,  60,  50,-785,-669;
   7,-191,-187, 145,  -4,  59,  46,-784,-669;
   9,-188,-161, 141,  22,  61,  42,-781,-666;
  20,-193,-142, 142,  24,  63,  41,-783,-665;
  22,-192,-144, 144,  -1,  59,  63,-790,-661;
  -2,-194,-190, 151, -15,  48,  17,-792,-661;
   3,-192,-175, 149,  -2,  57,  24,-792,-661;
  12,-196,-150, 142,  -2,  66,  28,-798,-679;
  33,-166,-108, 102, -33,  85,  97,-683,-580;
  10,-209,-206, 128, -89,  77,  64,-815,-653;
  28,-201,-174, 138, -29,  61,  41,-808,-685;
  22,-193,-107, 136,   9,  74,  25,-819,-672;
  27,-199,-123, 122, -47,  93,  41,-824,-678;
  13,-210,-177, 109,-112,  98,  44,-830,-675;
  -1,-213,-228, 107, -96, 101,  57,-841,-684;
  25,-206,-136, 115, -49, 103,  55,-849,-690;
  31,-208,-120, 127, -65, 113,  54,-859,-690;
  25,-217,-155, 139,-122, 118,  67,-866,-690;
   2,-215,-207, 159,-128, 114,  53,-862,-693;
  -2,-211,-213, 184, -76, 113,  47,-862,-691;
  26,-212,-123, 204, -58, 116,  54,-865,-693;
  21,-207,-142, 216,-102, 112,  43,-855,-693;
   8,-210,-188, 227,-132, 111,  43,-849,-694;
  -2,-203,-209, 237,-103, 102,  42,-837,-693;
   6,-211,-188, 244, -55, 100,  38,-826,-704;
  22,-196,-137, 239, -59,  98,  39,-810,-700;
  10,-198,-170, 227, -85,  94,  41,-795,-696;
   0,-192,-201, 212, -73,  88,  34,-788,-689;
  -1,-193,-196, 196, -22,  80,  22,-796,-681;
  10,-190,-156, 177,  -2,  73,  25,-787,-673;
  11,-189,-153, 157, -29,  68,  17,-789,-661;
   0,-190,-188, 136, -39,  60,  17,-781,-654;
  -2,-191,-195, 117,  -8,  52,  17,-777,-653;
   2,-192,-171, 100,  28,  43,  15,-786,-649;
  16,-190,-134,  85,  20,  39,  14,-777,-642;
   1,-191,-167,  79,  -1,  33,   8,-786,-648;
  -5,-190,-185,  76,  14,  29,   6,-781,-637;
  -6,-194,-175,  80,  49,  24,  -2,-789,-636;
   6,-190,-144,  77,  58,  18,  -1,-777,-635;
   0,-192,-156,  76,  31,  13,  -4,-787,-634;
  -4,-195,-181,  73,  27,  13, -10,-787,-629;
  -6,-192,-178,  70,  34,  12,  -4,-793,-634;
  -3,-192,-156,  72,  52,   6,  -5,-798,-630;
   4,-196,-139,  69,  54,  -4, -17,-803,-643;
   0,-194,-164,  68,  39, -13,   6,-802,-628;
 -14,-196,-179,  76,  27, -26, -24,-797,-633;
 -14,-196,-170,  82,  33, -31, -29,-800,-634;
  -1,-195,-152,  88,  44, -32, -24,-802,-648;
   1,-196,-142,  88,  32, -33, -22,-804,-644;
 -11,-195,-176,  92,   1, -33, -22,-800,-651;
  -8,-196,-178,  94,   0, -34,  -7,-805,-645;
  -2,-193,-163,  94,  16, -39, -23,-793,-657;
   2,-196,-145,  98,  25, -36, -22,-798,-653;
   0,-194,-147,  94,  12, -29, -24,-797,-648;
 -10,-199,-180,  97,  -2, -28, -20,-813,-655;
  -6,-197,-165, 102,  12, -26, -19,-807,-651;
  -1,-194,-149, 106,  32, -28, -18,-811,-649;
   1,-197,-143, 109,  28, -24, -12,-807,-640;
  -3,-196,-158, 116,   9, -23, -18,-809,-634;
  -8,-199,-169, 128,  13, -20, -16,-811,-629;
  -4,-198,-150, 142,  31, -17, -32,-817,-629;
   2,-197,-139, 148,  28, -10, -16,-812,-622;
  -7,-196,-152, 151,   3,  -9, -33,-808,-629;
 -13,-196,-167, 152, -14,  -9, -31,-810,-627;
  -5,-199,-156, 149, -10,  -8, -29,-812,-629;
  -1,-196,-145, 139,  -8, -10, -29,-799,-629;
  -4,-197,-151, 136, -24,  -4, -46,-808,-634;
 -10,-197,-163, 135, -35,  -1, -33,-806,-632;
  -6,-199,-159, 134, -33,   3, -41,-813,-627;
  -7,-197,-146, 133, -29,   8, -36,-799,-618;
   0,-195,-151, 138, -35,  11, -16,-814,-630;
 -16,-197,-161, 148, -43,   4, -51,-810,-634;
 -21,-196,-169, 153, -47,  10, -56,-814,-637;
  -9,-201,-150, 149, -43,  19, -46,-820,-645;
 -10,-198,-151, 137, -59,  20, -45,-814,-643;
  -7,-200,-158, 121, -74,  22, -38,-813,-651;
 -15,-202,-177, 111, -83,  19, -49,-825,-651;
 -12,-208,-174, 106, -69,  16, -52,-830,-655;
  -7,-202,-148, 106, -59,  15, -45,-835,-654;
 -11,-204,-160, 112, -62,  15, -51,-840,-655;
 -12,-205,-165, 121, -67,  13, -39,-840,-654;
 -12,-207,-176, 134, -53,  11, -43,-842,-655;
 -13,-203,-162, 144, -36,   8, -43,-837,-654;
  -6,-201,-158, 151, -36,   2, -42,-831,-653;
  -9,-204,-169, 156, -42,   0, -44,-828,-656;
 -11,-199,-172, 159, -41,  -2, -37,-828,-655;
 -12,-200,-164, 161, -29,  -7, -46,-826,-650;
 -11,-198,-155, 163, -25, -13, -45,-823,-651;
 -12,-200,-159, 165, -36, -16, -45,-826,-648;
 -12,-204,-163, 166, -43, -22, -42,-823,-652;
 -10,-204,-164, 168, -43, -26, -47,-823,-642;
 -12,-202,-157, 172, -40, -30, -50,-822,-648;
  -6,-201,-155, 170, -44, -34, -45,-821,-648;
 -15,-199,-161, 170, -50, -36, -51,-816,-643;
 -14,-196,-171, 171, -47, -42, -48,-816,-646;
 -14,-200,-163, 172, -37, -40, -53,-813,-641;
 -11,-195,-158, 171, -32, -43, -54,-807,-651;
 -10,-198,-155, 166, -35, -45, -46,-809,-648;
 -11,-196,-168, 162, -38, -45, -47,-808,-650;
 -12,-196,-163, 157, -34, -46, -39,-812,-652;
  -7,-198,-161, 149, -28, -48, -36,-811,-651;
  -7,-201,-158, 143, -31, -49, -31,-815,-647;
 -10,-197,-164, 141, -36, -51, -31,-818,-649;
  -9,-201,-167, 137, -33, -50, -32,-822,-647;
  -8,-197,-159, 137, -29, -51, -29,-820,-648;
  -6,-198,-152, 136, -30, -53, -34,-826,-646;
  -2,-201,-157, 135, -38, -51, -22,-821,-641;
  -4,-200,-168, 135, -40, -51, -24,-824,-647;
  -4,-203,-161, 135, -35, -50, -18,-832,-646;
  -4,-202,-158, 133, -31, -51, -11,-824,-648;
  -3,-203,-155, 130, -33, -50, -19,-825,-652;
   0,-202,-154, 126, -34, -50, -10,-820,-648;
  -2,-200,-167, 124, -26, -52, -14,-825,-650;
   0,-200,-158, 123, -15, -52, -14,-816,-652;
   1,-200,-161, 121,  -7, -52, -12,-819,-654;
   0,-197,-162, 119,  -2, -51, -13,-820,-647;
  -1,-195,-165, 119,   7, -49, -15,-810,-646;
   1,-201,-158, 124,  20, -44,  -8,-806,-638;
   2,-198,-153, 129,  26, -43, -11,-804,-642;
  -1,-195,-158, 133,  22, -42, -11,-802,-635;
  -6,-193,-158, 131,  17, -39, -13,-792,-632;
   0,-194,-158, 127,  13, -37, -14,-792,-631;
  -2,-193,-156, 117,  10, -35, -12,-795,-632;
   1,-190,-153, 107,   5, -34,  -7,-787,-627;
   1,-194,-154,  98,  -3, -31,  -2,-789,-620;
   1,-191,-158,  89,  -4, -29,   3,-785,-620;
   4,-192,-155,  86,  -2, -26,   5,-786,-622;
   2,-192,-153,  82,   1, -24,  10,-784,-622;
   5,-189,-154,  77,   6, -21,  10,-780,-631;
   3,-191,-158,  71,  12, -20,  11,-787,-627;
   3,-191,-156,  63,  21, -16,  18,-781,-628;
   6,-192,-157,  53,  36, -16,  14,-784,-630;
   4,-193,-153,  48,  48, -14,  14,-783,-625;
   2,-191,-154,  41,  55, -14,  13,-788,-627;
   3,-194,-153,  35,  61, -13,  10,-790,-624;
   2,-193,-158,  30,  70, -12,   7,-788,-629;
   3,-194,-150,  26,  74, -12,  10,-794,-615;
   3,-195,-150,  25,  73, -12,   1,-792,-616;
   0,-192,-152,  31,  70, -10,  -7,-799,-613;
  -2,-192,-155,  38,  66, -10, -16,-804,-612;
  -2,-193,-151,  43,  60,  -9, -18,-799,-609;
  -1,-193,-155,  50,  51,  -8, -19,-795,-613;
  -3,-193,-154,  55,  40,  -8, -28,-795,-612;
  -8,-192,-158,  61,  30,  -8, -30,-796,-616;
  -3,-193,-155,  67,  22,  -5, -27,-796,-620;
  -3,-193,-152,  68,  19,  -6, -23,-795,-617;
  -3,-192,-157,  71,  17,  -3, -18,-786,-622;
  -4,-192,-153,  73,  18,  -1, -23,-793,-626;
  -3,-192,-152,  75,  24,   0, -27,-793,-626;
  -3,-191,-152,  78,  29,   0, -20,-792,-627;
  -5,-192,-153,  78,  33,   0, -23,-792,-630;
  -9,-192,-156,  78,  36,   2, -21,-787,-625;
  -4,-194,-158,  77,  43,   2, -17,-791,-618;
   0,-191,-153,  76,  49,   5, -11,-791,-615;
  -1,-194,-149,  76,  52,   8,  -9,-787,-611;
   0,-192,-155,  78,  51,   8,  -5,-789,-615;
   2,-192,-155,  81,  51,   7,  -4,-796,-610;
   3,-193,-151,  81,  52,   9,  -4,-792,-607;
   0,-192,-152,  83,  50,   5,  -6,-793,-608;
   0,-195,-148,  84,  45,   4,   0,-798,-613;
   1,-194,-150,  84,  42,   2,  -8,-798,-609;
   0,-193,-148,  85,  46,   0,  -5,-798,-610;
  -1,-194,-148,  87,  48,  -3,  -2,-798,-611;
   0,-196,-150,  88,  51,  -5,  -7,-795,-610;
   0,-195,-147,  88,  52,  -9, -11,-791,-608;
  -5,-194,-156,  88,  54,  -9,  -8,-792,-609;
   1,-191,-149,  85,  55, -10, -11,-790,-608;
  -1,-192,-148,  82,  56, -10, -13,-784,-603;
   0,-193,-148,  81,  55, -10, -14,-788,-599;
   0,-193,-150,  81,  54, -10, -16,-788,-602;
   0,-193,-150,  79,  51, -10, -13,-784,-599;
  -2,-192,-147,  78,  47, -10, -11,-790,-603;
   0,-192,-147,  75,  40,  -9, -13,-785,-601;
   1,-193,-149,  70,  34, -10, -15,-791,-598;
   0,-191,-150,  65,  29, -11, -13,-788,-601;
  -1,-195,-149,  61,  27, -11,  -8,-792,-603;
   0,-194,-148,  58,  23, -11, -15,-795,-601;
   0,-195,-151,  58,  18, -11,  -8,-800,-598;
  -1,-195,-150,  58,  13,  -9, -10,-798,-607;
   0,-196,-148,  59,  12,  -8,  -8,-804,-603;
   0,-197,-148,  59,  10,  -7,  -8,-798,-603;
   0,-195,-151,  59,   9,  -7,  -9,-805,-606;
  -2,-197,-150,  58,   8,  -5, -10,-808,-609;
   0,-195,-151,  60,   8,  -6, -13,-804,-602;
  -1,-194,-154,  63,  10,  -4, -14,-800,-611;
  -3,-196,-150,  64,  11,  -4, -13,-802,-610;
  -7,-194,-154,  66,  11,  -3, -16,-803,-611;
  -5,-190,-152,  71,  10,  -5, -19,-801,-611;
  -3,-197,-152,  75,  10,  -6, -19,-800,-614;
  -4,-193,-154,  76,  11,  -8, -20,-800,-609;
  -3,-193,-150,  78,  11,  -9, -19,-797,-620;
  -3,-194,-153,  77,   9,  -9, -20,-796,-618;
  -9,-193,-153,  73,  12,  -6, -23,-795,-612;
  -5,-194,-152,  70,  13,  -4, -26,-801,-607;
  -2,-195,-156,  69,   9,  -6, -25,-797,-609;
  -3,-193,-154,  67,   7,  -8, -24,-799,-612;
  -6,-195,-157,  66,   5,  -8, -27,-802,-613;
  -5,-195,-152,  65,   4,  -7, -22,-802,-610;
  -3,-194,-156,  62,   3,  -8, -23,-806,-612;
  -4,-197,-151,  63,   4,  -9, -25,-814,-616;
  -3,-197,-155,  64,   2,  -9, -17,-807,-617;
  -4,-197,-155,  65,   3, -11, -17,-815,-613;
   0,-198,-152,  66,   5, -12, -23,-818,-613;
   0,-199,-152,  70,   7, -13, -17,-819,-611;
   0,-199,-155,  73,  10, -15, -21,-817,-613;
  -1,-198,-150,  78,  15, -14, -15,-821,-608;
  -1,-202,-153,  82,  19, -13, -21,-818,-607;
  -5,-199,-155,  86,  21, -15, -18,-822,-615;
  -4,-197,-147,  91,  21, -16, -19,-817,-608;
  -1,-201,-156,  94,  22, -18, -21,-820,-611;
  -3,-200,-151,  96,  23, -17, -24,-813,-611;
  -2,-198,-152,  97,  22, -16, -20,-814,-615;
  -7,-196,-153,  94,  22, -17, -22,-813,-610;
  -3,-200,-152,  92,  20, -15, -17,-813,-610;
  -4,-201,-154,  91,  17, -14, -20,-814,-608;
  -6,-197,-148,  93,  12, -17, -19,-813,-604;
  -4,-198,-149,  98,   8, -17, -18,-814,-601;
  -4,-201,-151, 104,   5, -19, -20,-811,-612;
  -4,-196,-151, 109,  -3, -20, -19,-812,-604;
   0,-197,-151, 109,  -6, -20, -19,-811,-605;
  -1,-196,-151, 105,  -5, -21, -14,-807,-606;
  -1,-197,-151, 100,  -3, -23, -20,-802,-613;
  -1,-194,-152,  95,   4, -22, -20,-803,-612;
  -2,-195,-154,  92,  11, -22, -16,-796,-613;
  -1,-193,-151,  87,  19, -21, -15,-802,-616;
   1,-195,-155,  82,  26, -23, -15,-803,-614;
  -2,-193,-151,  78,  33, -22,  -9,-803,-619;
   1,-197,-150,  77,  35, -23,  -7,-803,-611;
  -1,-199,-154,  75,  36, -23,  -7,-806,-613;
   0,-194,-154,  72,  38, -22,  -8,-809,-608;
   0,-197,-150,  70,  37, -20,  -1,-800,-606;
   0,-198,-151,  69,  35, -19,  -4,-802,-604;
  -3,-195,-151,  70,  33, -17,  -4,-802,-606;
   0,-198,-152,  70,  28, -16,  -1,-804,-604;
   0,-196,-150,  72,  23, -12,  -6,-807,-607;
   0,-196,-148,  74,  20, -12,  -5,-802,-607;
   0,-197,-150,  76,  17, -10,  -7,-802,-606;
   0,-194,-147,  80,  15,  -6,  -3,-806,-609;
   0,-195,-152,  83,  11,  -4,   1,-802,-606;
   2,-193,-151,  88,  10,  -3,  -7,-803,-604;
   0,-195,-153,  90,   7,  -2,  -8,-795,-610;
   1,-193,-153,  91,   8,  -3,  -7,-797,-612;
   3,-197,-152,  91,   9,  -2,  -3,-794,-618;
   1,-193,-153,  91,  11,  -3,   1,-795,-615;
   0,-194,-152,  89,  14,  -2,  -3,-799,-615;
   1,-193,-155,  88,  18,  -2,  -9,-797,-614;
   0,-194,-150,  86,  24,  -4,  -3,-796,-618;
   1,-195,-149,  86,  30,  -1,  -1,-799,-612;
   1,-198,-153,  85,  35,  -1,  -4,-801,-611;
   0,-197,-153,  87,  43,  -1,  -1,-800,-614;
  -3,-194,-149,  94,  49,  -1,  -7,-802,-615;
   0,-196,-151,  99,  53,   0,  -5,-802,-613;
  -5,-198,-154, 102,  56,   0, -13,-802,-616;
  -1,-196,-152, 105,  59,   2, -14,-803,-616;
  -1,-195,-154, 107,  59,   3, -11,-794,-610;
  -1,-194,-150, 111,  60,   4,  -5,-796,-613;
   0,-195,-156, 116,  62,   4,  -6,-798,-609;
  -1,-194,-151, 120,  61,   5, -12,-795,-612;
   0,-195,-152, 121,  60,   4,  -8,-795,-613;
   1,-194,-152, 120,  59,   6,  -8,-796,-612;
  -1,-194,-150, 119,  61,   7,  -9,-793,-609;
   0,-194,-150, 119,  60,   6, -12,-796,-603;
   0,-194,-149, 119,  58,   6, -12,-797,-603;
  -1,-192,-147, 117,  55,   5, -12,-795,-612;
   0,-193,-153, 114,  52,   4, -11,-797,-604;
  -2,-194,-151, 112,  51,   3, -12,-795,-602;
  -3,-192,-153, 111,  50,   4, -13,-802,-605;
   0,-194,-149, 111,  51,   4, -11,-794,-609;
   0,-193,-148, 111,  49,   3, -16,-796,-605;
  -1,-194,-147, 111,  49,   1,  -7,-802,-606;
  -2,-192,-148, 109,  48,   1,  -8,-801,-600;
   0,-196,-151, 108,  47,   0,  -8,-806,-607;
  -1,-198,-151, 107,  47,  -2,  -3,-807,-600;
   0,-199,-149, 107,  47,  -4,  -1,-808,-603;
  -1,-201,-149, 108,  48,  -6,  -7,-810,-595;
   0,-198,-144, 110,  49,  -7,  -9,-813,-601;
  -3,-199,-147, 112,  51,  -8,  -9,-812,-598;
  -2,-199,-148, 116,  51, -10,  -8,-811,-603;
   0,-199,-150, 118,  51, -11,  -8,-819,-599;
  -2,-201,-146, 121,  50, -11,  -8,-817,-596;
   0,-199,-146, 125,  48, -13, -10,-815,-594;
   0,-199,-147, 126,  44, -15,  -4,-815,-594;
   0,-200,-146, 126,  41, -15,  -7,-814,-596;
   0,-200,-146, 126,  38, -16,  -9,-814,-594;
  -1,-197,-149, 125,  33, -18, -11,-815,-592;
   0,-199,-151, 122,  29, -20, -11,-811,-599;
   1,-198,-141, 118,  24, -23,  -8,-809,-594;
   0,-198,-144, 111,  21, -24,  -9,-817,-594;
  -2,-199,-148, 110,  18, -26, -10,-822,-596;
  -1,-198,-148, 110,  15, -26,  -5,-821,-593;
   0,-204,-148, 110,  12, -27,  -5,-824,-595;
   1,-201,-149, 109,   9, -28,  -6,-830,-592;
   0,-203,-146, 104,   8, -28,  -3,-835,-591;
   1,-205,-145, 102,   6, -30,  -4,-833,-581;
   2,-205,-143, 102,   4, -31,  -7,-836,-577;
   0,-203,-146, 103,   3, -31,  -2,-835,-577;
  -3,-215,-144, 108,   3, -33,   0,-839,-581;
   1,-204,-143, 114,   2, -34,   1,-839,-572;
   1,-205,-140, 116,  -1, -36,   2,-833,-576;
   3,-203,-144, 119,  -4, -37,   1,-832,-566;
   1,-202,-143, 120,  -6, -37,  -2,-830,-574;
   0,-204,-144, 120, -10, -38,   6,-829,-569;
   1,-201,-137, 118, -15, -39,   0,-829,-564;
   0,-202,-138, 114, -21, -40,   2,-826,-570;
   2,-205,-142, 108, -25, -39,   0,-835,-570;
   2,-201,-137, 102, -28, -41,   5,-828,-566;
   1,-205,-138,  94, -32, -42,   0,-833,-569;
   2,-205,-141,  90, -35, -39,   3,-839,-567;
   3,-206,-141,  86, -39, -40,  -1,-832,-565;
   2,-205,-138,  81, -42, -40,   1,-835,-567;
   0,-205,-143,  78, -46, -38,   3,-841,-568;
   1,-208,-141,  77, -50, -37,   5,-840,-560;
   0,-207,-144,  76, -52, -38,   9,-842,-564;
   2,-205,-142,  74, -55, -36,   3,-842,-562;
   4,-206,-137,  71, -57, -34,   7,-843,-565;
   1,-202,-141,  72, -59, -34,   7,-843,-566;
   3,-207,-140,  72, -58, -33,   6,-845,-567;
   1,-205,-137,  73, -59, -34,   9,-847,-567;
   1,-205,-140,  74, -58, -35,   2,-845,-570;
   1,-204,-139,  74, -57, -36,   5,-839,-563;
   0,-206,-139,  72, -55, -35,   0,-842,-563;
   0,-208,-138,  74, -53, -37,  -3,-840,-561;
  -1,-205,-135,  76, -54, -38, -11,-845,-561;
   1,-206,-139,  78, -55, -38,  -3,-842,-563;
   0,-206,-140,  76, -57, -39,  -2,-835,-555;
   0,-206,-138,  75, -57, -39, -16,-829,-566;
   0,-201,-135,  73, -58, -37, -11,-829,-562;
  -1,-201,-142,  74, -57, -36, -10,-830,-563;
   1,-203,-141,  73, -57, -33, -11,-833,-567;
   0,-203,-142,  70, -57, -32, -10,-831,-570;
   0,-202,-136,  68, -59, -31,  -7,-831,-569;
   0,-202,-139,  67, -59, -29,  -5,-834,-570;
   0,-201,-143,  69, -57, -27,  -2,-836,-567;
   0,-205,-139,  71, -56, -25,  -2,-838,-572;
   0,-201,-142,  74, -55, -21,   4,-834,-576;
   0,-207,-146,  76, -50, -20,  -1,-830,-572;
   0,-198,-142,  78, -46, -17,   0,-823,-573;
   2,-201,-141,  77, -42, -15,  -5,-825,-581;
   0,-201,-137,  76, -39, -13,   1,-825,-579;
   2,-201,-143,  74, -36, -10,   1,-823,-572;
   2,-202,-142,  69, -33, -10,   0,-824,-572;
   1,-201,-141,  66, -30, -11,   0,-823,-576;
  -1,-197,-145,  63, -29, -11,   0,-830,-579;
   1,-197,-142,  62, -24, -11,  -3,-827,-575;
   3,-200,-146,  58, -20, -11,  -3,-828,-575;
  -3,-196,-142,  53, -18,  -9,  -4,-833,-581;
   0,-200,-142,  48, -15,  -9,  -9,-830,-574;
  -2,-198,-140,  46, -10,  -7, -10,-828,-572;
   0,-201,-143,  46,  -5,  -4, -14,-827,-575;
  -2,-202,-147,  50,   1,  -2, -15,-825,-578;
  -1,-201,-138,  52,   2,  -2, -17,-830,-572;
  -2,-199,-139,  54,   4,  -1, -16,-822,-571;
   0,-199,-146,  56,   5,   2, -18,-824,-577;
  -1,-201,-143,  56,   5,   3, -16,-826,-580;
  -5,-202,-142,  57,   5,   4, -12,-827,-579;
  -2,-199,-145,  58,   2,   4, -13,-824,-580;
  -3,-202,-145,  58,   1,   6, -11,-821,-585;
  -2,-201,-146,  59,   0,   6, -10,-823,-582;
  -1,-199,-143,  62,  -2,   8, -16,-826,-583;
  -4,-199,-145,  63,  -4,   8, -18,-821,-586;
  -3,-200,-149,  60,  -2,   9, -16,-820,-586;
  -2,-202,-147,  59,  -1,  11, -12,-820,-585;
   0,-199,-147,  58,   3,  12, -16,-824,-588;
   0,-202,-145,  54,   9,  13, -20,-819,-587;
  -2,-200,-147,  53,  16,  15, -23,-820,-587;
  -4,-197,-144,  52,  20,  16, -22,-825,-581;
  -1,-201,-144,  54,  25,  17, -24,-828,-580;
  -2,-200,-146,  55,  27,  16, -21,-820,-579;
  -1,-201,-144,  55,  31,  16, -25,-823,-575;
  -4,-202,-142,  58,  33,  17, -23,-822,-581;
  -5,-198,-143,  61,  35,  15, -26,-823,-582;
  -6,-199,-146,  62,  33,  15, -21,-823,-580;
  -7,-201,-143,  60,  33,  16, -28,-818,-595;
  -2,-199,-146,  60,  33,  17, -24,-817,-582;
  -3,-199,-142,  57,  32,  20, -22,-815,-581;
  -4,-200,-142,  57,  32,  20, -22,-823,-582;
  -2,-202,-148,  56,  30,  20, -19,-823,-580;
   0,-200,-145,  56,  29,  19, -20,-822,-589;
  -2,-201,-142,  56,  25,  20, -20,-827,-575;
  -4,-200,-143,  56,  25,  20, -17,-826,-583;
  -4,-203,-143,  56,  25,  22, -12,-828,-578;
   0,-201,-145,  57,  25,  21, -19,-817,-581;
  -1,-204,-141,  56,  23,  20, -21,-825,-582;
  -1,-200,-139,  56,  24,  18, -17,-822,-588;
  -3,-201,-141,  55,  25,  18, -25,-822,-584;
  -3,-197,-143,  55,  26,  18, -21,-820,-583;
  -4,-200,-143,  54,  27,  16, -21,-830,-587;
  -4,-202,-146,  51,  29,  12, -21,-821,-585;
  -3,-200,-145,  48,  30,  12, -20,-821,-591;
  -3,-200,-151,  44,  33,  11, -19,-824,-586;
   0,-200,-143,  42,  33,  12, -19,-825,-584;
  -2,-203,-142,  42,  36,  11, -19,-829,-577;
  -1,-202,-140,  42,  35,  12, -22,-826,-583;
  -6,-204,-140,  44,  32,  11, -29,-827,-581;
  -6,-202,-142,  46,  29,   9, -25,-830,-580;
  -9,-201,-141,  47,  27,   9, -29,-822,-577;
  -5,-202,-143,  51,  26,   9, -27,-831,-573;
  -1,-202,-142,  57,  28,  11, -23,-834,-574;
  -9,-204,-143,  65,  27,  12, -29,-826,-572;
  -7,-201,-139,  73,  25,  10, -32,-827,-571;
  -6,-203,-140,  80,  22,   7, -30,-828,-573;
  -4,-202,-138,  79,  16,   5, -24,-823,-575;
  -5,-201,-138,  77,  14,   3, -25,-822,-575;
  -6,-201,-143,  74,  14,  -2, -25,-824,-580;
  -5,-200,-145,  70,  15,  -3, -18,-819,-578;
  -6,-202,-141,  67,  16,  -6, -21,-824,-582;
  -6,-199,-141,  67,  20,  -5, -22,-818,-580;
  -8,-199,-147,  66,  24,  -6, -27,-816,-580;
  -1,-199,-145,  65,  29,  -4, -20,-817,-578;
  -3,-199,-143,  65,  32,  -2, -24,-816,-585;
   0,-198,-144,  68,  30,   0, -25,-817,-575;
  -8,-198,-141,  70,  30,   1, -24,-814,-577;
  -5,-196,-143,  74,  27,   4, -25,-817,-574;
  -5,-199,-141,  74,  23,   2, -21,-810,-581;
  -3,-195,-146,  73,  17,   2, -22,-816,-579;
  -7,-197,-145,  72,  13,   1, -22,-812,-579;
  -5,-199,-141,  68,  10,  -1, -26,-815,-572;
  -3,-195,-141,  65,  10,  -2, -22,-814,-563;
  -4,-201,-143,  63,  10,  -2, -24,-818,-570;
  -5,-198,-144,  64,  10,  -3, -25,-818,-572;
   0,-202,-141,  65,  12,  -3, -26,-820,-573;
  -3,-198,-141,  67,  14,   0, -21,-817,-569;
   0,-195,-143,  69,  17,   1, -19,-819,-568;
  -1,-200,-140,  71,  17,   1, -18,-811,-571;
  -4,-199,-146,  69,  15,  -1, -17,-814,-572;
  -2,-199,-140,  66,  14,  -3, -21,-812,-571;
  -4,-197,-143,  62,  11,  -5, -13,-812,-573;
 -10,-196,-140,  60,  10,  -7, -17,-815,-578;
  -1,-199,-147,  57,   7,  -9, -21,-814,-582;
  -2,-195,-145,  54,   8,  -8, -17,-814,-581;
  -2,-202,-149,  53,   7, -11, -25,-815,-574;
  -4,-203,-142,  52,   6, -12, -20,-824,-574;
  -4,-201,-145,  54,   6, -13, -21,-820,-582;
  -4,-202,-146,  56,   4, -16, -22,-824,-584;
   0,-203,-141,  61,   7, -13, -16,-816,-581;
   0,-201,-143,  65,   9, -15, -22,-823,-577;
  -1,-203,-145,  67,   8, -18, -15,-820,-581;
  -2,-201,-150,  68,   7, -16, -20,-823,-583;
  -4,-201,-143,  69,   7, -19, -12,-827,-580;
  -5,-201,-141,  71,   8, -20, -12,-825,-578;
  -1,-199,-143,  75,  10, -19, -11,-830,-572;
   0,-202,-146,  79,  10, -20, -12,-824,-579;
  -1,-201,-144,  79,  10, -22,  -8,-831,-570;
   0,-201,-140,  81,   9, -21, -13,-822,-574;
   1,-200,-142,  81,   9, -21, -11,-823,-570;
  -4,-201,-141,  81,   8, -19, -14,-819,-575;
  -3,-198,-139,  81,   8, -20, -14,-822,-567;
  -2,-198,-140,  82,   7, -21,  -8,-820,-572;
  -2,-199,-142,  82,   7, -22, -17,-826,-566;
  -1,-203,-142,  83,   7, -20, -17,-826,-568;
  -3,-204,-142,  83,   7, -23, -12,-825,-571;
  -2,-201,-145,  83,   8, -23, -13,-821,-572;
  -2,-202,-142,  82,   9, -22, -12,-820,-577;
   0,-203,-144,  79,  12, -22,  -8,-831,-572;
   1,-202,-143,  77,  13, -21, -11,-829,-573;
  -1,-201,-143,  76,  14, -21, -13,-830,-574;
  -3,-204,-140,  77,  15, -23, -12,-829,-578;
   0,-204,-146,  76,  15, -23, -14,-836,-579;
   0,-207,-141,  74,  17, -24, -15,-835,-574;
  -2,-204,-143,  72,  18, -22, -11,-839,-577;
  -2,-205,-143,  69,  21, -18, -15,-827,-574;
   1,-204,-143,  71,  20, -18, -16,-834,-576;
  -5,-205,-146,  70,  17, -16, -16,-832,-572;
  -5,-202,-144,  69,  17, -15, -14,-829,-572;
  -2,-201,-142,  68,  18, -15, -11,-835,-578;
  -3,-202,-142,  69,  18, -15, -14,-831,-577;
  -2,-201,-141,  69,  17, -12, -14,-831,-574;
  -5,-203,-146,  69,  17, -16, -14,-832,-573;
   0,-205,-145,  71,  17, -17, -17,-831,-577;
  -4,-202,-142,  70,  15, -19, -19,-834,-578;
   0,-204,-143,  69,  13, -20, -17,-836,-578;
  -2,-203,-143,  66,  10, -22, -17,-837,-576;
   0,-202,-143,  65,  11, -24, -16,-830,-582;
  -1,-202,-143,  64,  11, -24, -17,-826,-578;
  -1,-202,-145,  64,  14, -24, -12,-832,-580;
  -4,-203,-142,  63,  17, -24, -11,-826,-576;
  -1,-204,-143,  62,  20, -24, -18,-834,-579;
   0,-203,-140,  63,  25, -23, -17,-832,-575;
  -2,-203,-142,  65,  28, -25, -17,-836,-578;
  -2,-204,-142,  65,  30, -25, -17,-836,-573;
  -2,-205,-147,  65,  30, -24, -15,-839,-578;
  -3,-204,-143,  67,  31, -24, -15,-836,-566;
   0,-205,-139,  70,  32, -21, -14,-842,-568;
  -1,-204,-142,  75,  28, -21, -12,-839,-567;
  -2,-205,-140,  77,  27, -20, -12,-838,-576;
  -2,-203,-146,  80,  24, -19, -14,-835,-571;
  -3,-203,-144,  79,  22, -19, -17,-829,-572;
   0,-204,-141,  77,  21, -18, -15,-835,-575;
  -4,-200,-141,  73,  18, -17, -10,-823,-571;
  -2,-203,-140,  71,  16, -17, -13,-823,-573;
  -1,-202,-140,  68,  14, -14,  -9,-826,-570;
  -1,-202,-143,  66,  13, -15, -10,-827,-577;
  -3,-202,-146,  65,  14, -14,  -8,-825,-572;
  -3,-202,-140,  61,  14, -14,  -6,-825,-576;
  -3,-201,-140,  59,  14, -14, -13,-826,-577;
  -1,-201,-140,  55,  15, -16, -13,-826,-575;
  -2,-202,-143,  53,  18, -16, -10,-830,-570;
   0,-202,-140,  53,  21, -15, -16,-835,-577;
  -3,-205,-141,  55,  23, -15, -11,-830,-576;
  -1,-203,-143,  57,  25, -13, -15,-834,-574;
   0,-204,-140,  59,  28, -13, -11,-829,-576;
   0,-205,-142,  60,  29, -14,  -9,-830,-572;
  -1,-201,-143,  58,  28, -12,  -7,-831,-571;
   0,-203,-144,  59,  25, -13, -11,-831,-569;
   0,-203,-142,  56,  24, -13, -12,-830,-571;
  -3,-199,-140,  55,  21, -16, -12,-832,-569;
  -4,-204,-139,  54,  17, -15, -14,-836,-566;
  -2,-203,-144,  53,  14, -14, -14,-840,-574;
  -1,-204,-141,  50,  12, -14, -11,-832,-570;
  -1,-202,-139,  50,  11, -14, -13,-831,-570;
  -1,-202,-140,  50,   9, -14, -12,-825,-569;
   0,-201,-143,  50,   7, -14, -10,-834,-566;
  -1,-204,-144,  50,   9, -13,  -8,-823,-572;
   0,-204,-140,  51,   9, -12, -12,-839,-571;
   0,-203,-140,  54,  11, -10, -11,-837,-564;
   0,-202,-137,  53,  11, -12, -10,-832,-573;
   0,-204,-141,  55,  10, -12,  -5,-829,-571;
   0,-205,-142,  55,  10, -13,  -2,-836,-572;
   1,-200,-140,  57,  12, -14,  -5,-836,-570;
   1,-202,-143,  58,  14, -16,  -8,-835,-569;
   0,-204,-139,  61,  15, -17, -13,-834,-566;
  -2,-203,-138,  64,  16, -15, -10,-839,-564;
  -1,-204,-140,  66,  17, -16, -15,-836,-560;
  -1,-202,-138,  65,  18, -16, -12,-835,-561;
  -2,-201,-145,  65,  19, -17, -15,-839,-565;
  -4,-202,-137,  65,  20, -15, -19,-834,-565;
  -1,-202,-139,  63,  23, -13, -11,-823,-567;
  -2,-206,-142,  63,  25, -13, -11,-828,-566;
  -1,-203,-141,  62,  23, -13, -10,-829,-569;
   0,-201,-139,  58,  22, -14,  -7,-823,-569;
   0,-198,-140,  53,  21, -12,  -4,-827,-573;
   0,-201,-142,  51,  21, -12,  -8,-831,-572;
   1,-204,-140,  47,  23, -12,  -8,-822,-570;
  -1,-202,-141,  45,  22, -13, -11,-830,-567;
   0,-203,-139,  43,  22, -10,  -8,-835,-569;
   0,-203,-142,  43,  22, -11, -14,-836,-570;
  -1,-203,-140,  44,  20, -11,  -5,-838,-565;
  -1,-201,-139,  44,  19, -12,  -8,-834,-562;
  -4,-203,-140,  46,  16,  -9, -11,-829,-563;
   0,-200,-140,  45,  15, -10,  -5,-835,-568;
   0,-203,-142,  43,  11, -10, -10,-836,-565;
  -2,-202,-138,  43,   8, -10, -11,-838,-565;
  -1,-202,-140,  41,   6,  -9, -11,-834,-564;
   1,-205,-141,  40,   4,  -9, -11,-835,-564;
  -3,-200,-137,  40,   6, -11, -10,-832,-550;
  -2,-204,-137,  42,   6, -10, -15,-837,-564;
  -1,-204,-138,  42,   6, -11, -16,-829,-559;
  -2,-202,-140,  44,   5,  -8, -15,-837,-562;
   0,-200,-142,  44,   5,  -7, -16,-830,-560;
  -2,-201,-138,  45,   7,  -7, -16,-830,-564;
   0,-205,-138,  42,   7,  -7,  -9,-833,-568;
   0,-203,-140,  43,   7,  -5, -18,-836,-574;
  -1,-203,-140,  41,  11,  -5, -20,-822,-565;
   0,-204,-142,  43,  10,  -6, -13,-825,-567;
  -3,-199,-142,  41,  11,  -7,  -8,-833,-565;
  -3,-200,-147,  40,  11,  -5, -10,-824,-564;
  -1,-202,-141,  41,  14,  -8, -17,-834,-566;
  -4,-203,-138,  42,  16,  -8, -12,-828,-570;
  -1,-205,-137,  44,  15, -11, -18,-828,-564;
   0,-203,-139,  46,  13, -12, -15,-824,-570;
  -2,-204,-142,  47,  15, -13, -15,-824,-565;
  -2,-202,-142,  49,  19, -12, -16,-824,-570;
   0,-203,-142,  50,  20, -13, -14,-830,-575;
  -2,-201,-139,  52,  22, -12, -14,-823,-569;
   0,-204,-141,  52,  25, -13, -18,-829,-574;
  -2,-203,-141,  51,  28, -11, -15,-829,-570;
   0,-203,-145,  50,  30, -11, -18,-828,-573;
  -1,-202,-144,  50,  30,  -9, -17,-835,-573;
 -10,-195,-140,  51,  27,  -9, -15,-836,-571;
  -5,-204,-144,  51,  28,  -9, -14,-827,-571;
  -1,-200,-138,  51,  29,  -8, -14,-830,-570;
   0,-203,-144,  50,  27,  -9, -15,-831,-570;
  -2,-202,-142,  49,  25,  -9, -11,-831,-568;
  -4,-202,-141,  47,  20,  -8, -21,-834,-569;
  -2,-203,-139,  40,  24,  -8, -16,-820,-567;
   2,-202,-136,  39,  21,  -7, -11,-825,-569;
  -1,-204,-139,  35,  18,  -7, -16,-832,-565;
  -3,-207,-145,  29,  16,  -7, -12,-831,-564;
  -2,-203,-141,  24,  18,  -5, -12,-824,-564;
   0,-202,-136,  20,  21,  -6, -16,-839,-570;
   0,-204,-139,  17,  21,  -6, -17,-845,-567;
  -4,-208,-141,  17,  19,  -4, -19,-848,-569;
  -5,-206,-142,  22,  22,  -3, -15,-856,-568;
   0,-211,-142,  26,  25,  -3, -14,-855,-577;
   0,-210,-144,  30,  26,  -4, -13,-851,-579;
 -11,-203,-139,  31,  23,  -2, -62,-822,-583;
   6,-210,-140,  38,  27,  11,   9,-855,-579;
  -2,-204,-139,  33,  25,   2, -17,-845,-589;
  -5,-205,-153,  26,  23,   1, -17,-835,-578;
   0,-204,-148,  20,  25,  -2, -10,-840,-592;
   0,-203,-143,  10,  31,  -7, -15,-839,-592;
  -1,-204,-143,  -3,  28, -10, -13,-839,-596;
  -2,-205,-150, -13,  21, -11, -17,-836,-596;
  -5,-206,-153, -25,  23,  -8, -23,-844,-600;
  -5,-204,-145, -37,  32,  -9, -26,-847,-603;
  -4,-211,-143, -49,  35,  -7, -25,-857,-601;
 -24,-252,-153, -58,  30,  -6, -30,-864,-601;
  41,-252,-113, -61,  81, -12,  23,-796,-538;
  -8,-270,-183, -60,   7,   2, -25,-882,-616;
 -16,-192,-186, -61,  22,  -7, -21,-870,-616;
  -7,-178,-144, -62,  70, -10, -19,-878,-610;
  12,-225,-116, -64,  78, -10, -12,-870,-614;
   6,-236,-137, -71,  48,  -8, -19,-869,-616;
 -13,-210,-187, -76,  39,  -7, -17,-867,-615;
  -9,-198,-156, -79,  71, -10, -21,-880,-619;
   2,-213,-127, -82,  92, -11, -24,-893,-616;
   4,-225,-128, -91,  69, -10, -20,-885,-618;
  -3,-215,-162,-102,  43, -11, -16,-890,-614;
 -10,-207,-164,-108,  54, -13, -10,-897,-610;
   3,-215,-135,-112,  79, -16, -10,-903,-607;
   4,-225,-129,-118,  72, -18, -14,-901,-610;
  -2,-221,-145,-121,  45, -18, -20,-904,-615;
  -7,-213,-171,-129,  40, -20, -24,-908,-621;
  -5,-218,-153,-138,  61, -24, -29,-901,-637;
   1,-223,-139,-155,  68, -27, -26,-900,-646;
  -4,-221,-151,-172,  48, -28, -26,-908,-656;
  -9,-221,-172,-186,  39, -26, -21,-917,-657;
  -8,-225,-183,-195,  61, -26, -18,-920,-658;
   3,-227,-148,-201,  88, -25, -13,-925,-660;
   1,-225,-148,-203,  84, -23,  -9,-927,-654;
   0,-226,-165,-203,  72, -22,  -8,-922,-651;
  -6,-224,-183,-201,  79, -19,  -3,-924,-646;
   0,-225,-150,-198, 101, -17,  -3,-923,-648;
   6,-223,-145,-195, 106, -14,  -3,-917,-649;
  -1,-219,-155,-193,  88,  -9,  -5,-914,-645;
  -7,-221,-173,-198,  75,  -5,  -4,-914,-646;
  -1,-223,-176,-204,  79,  -2,  -2,-915,-642;
   6,-222,-148,-213,  82,  -2,   1,-910,-645;
   4,-220,-152,-221,  63,   0,   6,-908,-645;
   1,-221,-170,-231,  43,   2,   9,-904,-646;
   0,-220,-173,-239,  43,   3,   7,-892,-646;
   1,-219,-164,-248,  52,   6,  12,-898,-646;
   8,-217,-148,-259,  49,   8,  10,-899,-652;
   3,-218,-164,-268,  36,  10,  12,-895,-656;
   1,-216,-177,-276,  36,  14,  18,-894,-664;
   1,-213,-177,-284,  51,  18,  20,-896,-668;
   5,-217,-166,-293,  65,  23,  20,-889,-674;
   8,-217,-165,-303,  67,  28,  22,-898,-675;
   3,-219,-172,-312,  67,  32,  19,-897,-672;
   2,-217,-178,-322,  80,  32,  25,-901,-685;
   5,-217,-172,-332,  97,  32,  22,-903,-677;
   8,-219,-161,-342, 101,  31,  24,-901,-683;
   2,-217,-170,-349,  97,  32,  23,-895,-687;
   2,-220,-179,-349, 103,  33,  20,-895,-682;
   5,-219,-174,-346, 115,  33,  20,-885,-688;
   5,-216,-168,-343, 122,  28,   9,-881,-687;
   3,-216,-165,-339, 116,  32,  12,-878,-691;
   0,-217,-177,-334, 111,  34,  14,-882,-691;
   1,-214,-180,-328, 120,  34,  15,-872,-694;
   5,-213,-168,-319, 132,  37,  13,-870,-699;
   4,-212,-168,-310, 132,  37,  11,-859,-701;
   3,-208,-171,-303, 125,  36,  10,-860,-702;
  -1,-206,-179,-295, 128,  33,   7,-851,-699;
   1,-208,-175,-290, 138,  31,   3,-852,-711;
   2,-207,-168,-284, 145,  32,   6,-843,-703;
  -1,-202,-169,-280, 144,  32,  -1,-839,-702;
   0,-204,-181,-272, 149,  41,   3,-841,-700;
  -2,-203,-180,-265, 159,  37,   0,-829,-704;
   3,-202,-176,-259, 162,  39,  -6,-824,-703;
   4,-200,-169,-250, 157,  42,  -2,-819,-700;
   2,-197,-172,-239, 147,  40,   4,-805,-698;
  -3,-202,-179,-230, 138,  42,  10,-808,-701;
   2,-195,-176,-223, 128,  38,   2,-802,-698;
   3,-193,-167,-220, 122,  35,   0,-798,-696;
   1,-194,-167,-226, 107,  33,  -3,-791,-698;
   0,-192,-171,-235,  90,  27,  -5,-794,-688;
  -2,-192,-178,-251,  77,  27,  -9,-790,-696;
   0,-194,-173,-263,  70,  30, -10,-794,-706;
   2,-193,-167,-268,  66,  39,   0,-798,-702;
  -1,-194,-172,-265,  53,  40, -16,-794,-700;
  -2,-196,-179,-257,  36,  51,  -7,-795,-701;
   0,-194,-172,-244,  26,  53,  -7,-796,-694;
   0,-194,-171,-233,  12,  40, -18,-796,-701;
  -4,-192,-173,-221,  -6,  32, -22,-787,-702;
  -3,-192,-172,-209, -21,  38, -15,-786,-698;
  -7,-192,-174,-199, -31,  37, -15,-788,-691;
  -6,-192,-169,-194, -42,  34, -17,-783,-696;
   0,-191,-171,-197, -52,  34, -20,-787,-694;
   2,-192,-172,-197, -69,  32,  11,-782,-698;
  -2,-190,-177,-195, -83,  26,  -1,-777,-708;
   1,-189,-179,-186, -95,  36,   4,-776,-716;
   8,-190,-183,-169,-102,  41,  22,-782,-725;
  -2,-187,-182,-153,-112,  21,  12,-758,-721;
   4,-182,-184,-135,-116,  21,  22,-756,-740;
   2,-183,-185,-117,-115,  29,  15,-757,-730;
   7,-184,-175,-104,-112,  31,  15,-754,-734;
  17,-188,-186, -97,-114,  34,  80,-772,-734;
   3,-184,-187,-102,-113,   7,  23,-754,-731;
   6,-184,-181,-105, -96,   0,  32,-751,-727;
  -1,-183,-182,-103, -78,  -1,   7,-746,-727;
   3,-184,-175,-101, -58,  16,  24,-751,-709;
   7,-184,-187, -95, -51,  11,  24,-751,-728;
  -4,-185,-185,-104, -27,   4,   7,-733,-721;
   3,-180,-177,-121,  -8,   8,   3,-728,-733;
   6,-179,-168,-148,   3,   9,  23,-724,-709;
   4,-179,-179,-159,   5,   9,  21,-731,-704;
   1,-181,-186,-161,   9,  -6,  13,-730,-715;
   1,-174,-175,-154,  39,  -3,  -7,-716,-706;
   7,-177,-164,-134,  51,  25,  14,-718,-708;
  12,-185,-164,-116,  49,  36,  27,-720,-714;
  12,-181,-191,-100,  49,  25,  54,-738,-732;
   0,-172,-177, -94,  72,   5,  -9,-703,-713;
   5,-174,-171, -83,  78,  28,   4,-716,-718;
   6,-179,-173, -75,  66,  45,  17,-720,-713;
  26,-179,-186, -76,  55,  43,  95,-728,-713;
   1,-176,-183, -88,  50,   6,  -5,-717,-713;
  -1,-175,-170,-102,  70,   0, -13,-709,-715;
   3,-173,-162,-112,  66,  24,   2,-719,-720;
   4,-174,-175,-125,  47,  33,  12,-721,-721;
  10,-175,-184,-140,  43,  20,  46,-741,-735;
  -2,-174,-179,-156,  56, -16, -15,-717,-708;
   2,-177,-175,-160,  69,  -6,  -3,-716,-717;
   4,-176,-172,-160,  69,   8,  -4,-722,-713;
   2,-180,-178,-159,  70,  13,   0,-721,-719;
   5,-183,-184,-156,  80,   6,  55,-748,-730;
  -4,-175,-173,-157,  92, -27, -26,-723,-707;
  -5,-177,-176,-152, 100, -18, -24,-719,-716;
  -4,-178,-178,-141, 107,  -1, -21,-723,-718;
   1,-177,-175,-129, 113,   6, -12,-722,-711;
  -3,-177,-175,-121, 119,   7, -17,-727,-706;
  -1,-179,-174,-113, 123,   6, -17,-719,-710;
  -3,-174,-182,-107, 127,   6, -24,-716,-707;
  -6,-174,-183,-103, 133,   3, -23,-714,-713;
  -3,-172,-182,-101, 137,   2, -22,-711,-719;
  13,-177,-177,-102, 135,   1,  18,-721,-738;
 -14,-168,-179,-107, 128, -24, -52,-700,-709;
 -13,-171,-189,-108, 125,  -8, -41,-700,-714;
 -11,-173,-184,-109, 131,   5, -35,-704,-718;
  -4,-174,-178,-115, 127,   8, -33,-710,-721;
  -7,-172,-177,-123, 113,   2, -34,-706,-720;
  -9,-172,-187,-130, 103,  -6, -29,-714,-722;
  -8,-175,-187,-136, 109, -11, -26,-714,-722;
  -5,-176,-183,-143, 118, -16, -29,-715,-729;
  -3,-173,-171,-149, 117, -17, -24,-714,-723;
  -8,-174,-186,-154, 111, -14, -26,-719,-730;
 -10,-176,-189,-159, 115, -10, -19,-725,-734;
  -4,-177,-186,-163, 127,  -7, -15,-725,-731;
   1,-179,-176,-166, 134,  -9, -13,-723,-728;
   0,-179,-169,-169, 129, -11,  -8,-726,-726;
  -4,-178,-187,-170, 126,  -5,  -9,-723,-724;
  -1,-180,-184,-169, 131,   2,  -3,-722,-724;
   4,-184,-177,-169, 134,  11,   6,-724,-720;
   5,-180,-173,-166, 128,  13,  11,-721,-715;
   4,-178,-175,-160, 121,  10,  12,-722,-716;
   2,-179,-186,-152, 120,   9,  12,-720,-716;
   6,-176,-178,-137, 120,   9,  22,-712,-707;
   7,-175,-171,-117, 117,   7,  21,-713,-711;
   6,-176,-170, -97, 104,   9,  16,-706,-712;
   2,-172,-175, -75,  93,   9,  14,-707,-707;
   1,-174,-178, -58,  90,  10,   8,-708,-711;
   1,-168,-175, -46,  87,   9,   2,-703,-711;
   5,-172,-167, -35,  78,   7,   2,-703,-708;
   3,-172,-173, -26,  68,   8,  -5,-703,-709;
   0,-171,-178, -18,  58,  12,  -7,-708,-702;
  -2,-172,-178, -10,  56,  15, -14,-702,-710;
  -1,-173,-171,  -5,  52,  24, -20,-707,-701;
   7,-176,-167,  -1,  43,  32,  10,-709,-696;
 -13,-171,-179,   6,  22,  17, -41,-710,-699;
  -7,-171,-169,  14,  27,  28, -29,-703,-695;
  -1,-168,-159,  24,  33,  44, -27,-702,-697;
  -3,-173,-162,  33,  19,  55, -30,-711,-691;
  -3,-173,-178,  43,  -3,  63, -25,-706,-696;
  -3,-173,-187,  58, -12,  67, -21,-702,-692;
   0,-170,-162,  78,  -4,  63, -22,-702,-694;
  -4,-173,-160,  99,  -3,  59, -22,-695,-692;
  -4,-172,-171, 119, -16,  59, -25,-691,-694;
  -7,-170,-177, 137, -24,  57, -23,-696,-689;
  -6,-172,-181, 153, -18,  56, -19,-697,-687;
   0,-172,-163, 169,  -8,  56, -23,-698,-691;
   0,-172,-164, 180, -12,  56, -22,-690,-688;
  -6,-170,-177, 187, -23,  55, -28,-692,-689;
  -7,-168,-181, 189, -25,  58, -28,-693,-686;
  -5,-170,-171, 191, -18,  63, -22,-690,-687;
  -4,-165,-164, 195, -21,  65, -19,-692,-682;
   0,-168,-170, 206, -33,  66, -13,-695,-688;
  -9,-169,-175, 215, -41,  63, -28,-683,-689;
  -3,-169,-179, 224, -41,  68, -21,-682,-690;
  -5,-165,-175, 233, -39,  68, -26,-682,-691;
  -4,-169,-169, 241, -46,  64, -29,-681,-691;
  -4,-167,-174, 248, -58,  58, -27,-689,-689;
  -7,-171,-174, 258, -67,  52, -28,-677,-698;
  -7,-169,-175, 266, -68,  47, -25,-692,-694;
  -7,-167,-163, 273, -72,  43, -26,-689,-696;
  -6,-167,-170, 281, -81,  38, -26,-689,-688;
  -6,-167,-177, 289, -90,  32, -23,-692,-691;
  -7,-169,-177, 297, -94,  23, -22,-690,-695;
  -8,-166,-167, 305, -99,  17, -25,-686,-695;
  -1,-167,-170, 310,-106,  11, -23,-685,-695;
  -1,-169,-175, 314,-115,   6, -14,-683,-701;
  -6,-165,-174, 316,-122,   0, -13,-693,-699;
  -4,-169,-173, 317,-125,  -6, -16,-694,-697;
  -1,-170,-172, 314,-128, -14,  -8,-695,-699;
   0,-172,-173, 310,-135, -21,  -8,-699,-701;
   1,-173,-175, 307,-140, -26,  -7,-709,-706;
  -3,-175,-176, 304,-140, -29,  -9,-704,-698;
   0,-177,-173, 305,-137, -32,  -5,-718,-703;
   0,-179,-169, 309,-138, -36,  -1,-721,-696;
   1,-180,-173, 316,-141, -39,  -5,-723,-695;
   0,-178,-176, 327,-138, -44,  -9,-730,-697;
   0,-181,-175, 341,-130, -46, -11,-731,-696;
   2,-181,-169, 356,-126, -50,  -9,-733,-695;
   0,-180,-168, 371,-125, -53, -12,-729,-689;
  -3,-179,-172, 385,-122, -56, -12,-725,-687;
  -3,-176,-170, 399,-116, -59, -18,-719,-688;
  -1,-175,-169, 413,-108, -61, -14,-713,-678;
   0,-173,-162, 428,-101, -64, -15,-701,-679;
  -2,-168,-165, 441, -97, -66, -12,-700,-666;
  -2,-169,-172, 451, -91, -66, -15,-692,-663;
  -2,-167,-162, 458, -86, -65, -14,-691,-662;
  -2,-166,-164, 457, -82, -63, -14,-681,-665;
  -2,-167,-163, 454, -82, -61, -18,-687,-664;
   0,-167,-167, 446, -87, -58, -20,-680,-677;
  -2,-167,-168, 438, -89, -54, -12,-683,-677;
   1,-169,-166, 433, -94, -54, -16,-689,-667;
   0,-169,-163, 429, -96, -52,  -8,-690,-669;
   1,-173,-168, 426,-100, -50,  -7,-695,-674;
  -1,-170,-168, 423, -98, -49,  -9,-699,-668;
   0,-171,-165, 422, -96, -45,  -4,-700,-662;
   0,-178,-163, 420, -94, -42,  -4,-705,-662;
   1,-174,-164, 419, -93, -40,   1,-701,-657;
   4,-173,-165, 421, -90, -37,  13,-712,-653;
   3,-173,-162, 425, -82, -32,  21,-718,-642;
   6,-173,-162, 433, -75, -30,  19,-708,-640;
   6,-171,-151, 445, -69, -28,  20,-708,-625;
   6,-173,-155, 460, -64, -26,  20,-703,-629;
   6,-168,-157, 477, -61, -24,  31,-693,-614;
   3,-169,-155, 496, -64, -23,   9,-688,-628;
   5,-165,-150, 510, -55, -27,  12,-662,-613;
   4,-159,-149, 516, -52, -29,   9,-655,-610;
   5,-159,-154, 519, -49, -29,   6,-646,-614;
   3,-164,-148, 518, -44, -32,   1,-641,-618;
   5,-155,-152, 514, -36, -34,  -7,-633,-612;
  -1,-152,-148, 509, -35, -32,  -8,-630,-611;
   1,-155,-150, 505, -34, -31, -16,-630,-611;
  -3,-152,-149, 500, -30, -29, -15,-621,-610;
  -1,-153,-153, 498, -22, -27, -17,-629,-594;
   0,-151,-147, 492, -13, -23, -15,-630,-596;
   0,-153,-146, 487,  -7, -19, -17,-631,-596;
  -2,-153,-146, 484,   1, -12, -19,-625,-592;
  -1,-152,-145, 483,  11,  -2, -13,-632,-592;
   1,-156,-147, 485,  20,   5, -11,-639,-584;
  -1,-154,-145, 490,  24,  14, -14,-642,-592;
   9,-154,-145, 493,  27,  19,  67,-576,-557;
  -7,-165,-171, 500,   0,  31, -36,-642,-607;
  -7,-150,-168, 485,  44,  27, -14,-645,-600;
   1,-150,-154, 467,  64,  30,  -5,-639,-596;
   4,-158,-135, 453,  58,  32,  -4,-638,-595;
   2,-162,-157, 441,  63,  33,  -2,-644,-601;
  -2,-155,-168, 427,  67,  34,  -1,-647,-602;
  -1,-156,-159, 412,  88,  31,  -5,-660,-591;
   5,-162,-134, 395, 102,  32,  -3,-664,-593;
   2,-168,-145, 379,  91,  31,  -5,-671,-594;
  -4,-164,-158, 367,  80,  32,  -3,-689,-587;
   1,-167,-158, 361,  91,  35,   3,-688,-583;
   1,-169,-141, 361, 109,  36,   0,-694,-581;
   7,-173,-138, 364, 112,  39,   6,-701,-578;
   0,-172,-149, 372, 104,  43,  -1,-706,-570;
  -2,-174,-154, 381, 101,  46,   0,-710,-576;
  10,-166,-146, 389, 114,  46,  21,-688,-558;
  -2,-176,-150, 401,  97,  50, -25,-731,-576;
   3,-177,-137, 396, 118,  43,  -7,-719,-575;
   0,-177,-139, 386, 115,  43,  -5,-720,-581;
  -2,-175,-148, 382, 106,  45, -12,-722,-576;
  -7,-173,-152, 377, 105,  43,  -9,-725,-574;
  -3,-177,-145, 371, 106,  42, -14,-724,-586;
   1,-178,-142, 363,  99,  40, -26,-731,-590;
  -6,-179,-152, 351,  88,  39, -26,-738,-593;
  -9,-182,-157, 337,  85,  37, -33,-738,-599;
  -9,-185,-152, 322,  89,  36, -34,-746,-612;
  -4,-187,-150, 312,  88,  35, -34,-760,-619;
  -9,-188,-154, 302,  80,  38, -40,-768,-620;
  -9,-188,-161, 295,  72,  43, -46,-768,-621;
 -14,-191,-162, 290,  73,  45, -48,-780,-625;
  -9,-191,-154, 285,  78,  47, -44,-780,-623;
 -12,-191,-153, 284,  76,  54, -50,-783,-630;
 -12,-191,-155, 281,  74,  57, -55,-788,-627;
 -16,-191,-160, 277,  76,  64, -53,-789,-632;
 -11,-194,-156, 274,  82,  66, -53,-789,-629;
 -12,-191,-154, 273,  87,  70, -59,-789,-624;
 -15,-191,-155, 273,  86,  75, -60,-786,-620;
 -17,-192,-157, 272,  85,  76, -55,-784,-623;
 -11,-189,-159, 270,  90,  80, -51,-781,-626;
 -10,-190,-154, 266,  95,  82, -50,-776,-616;
 -11,-190,-152, 260,  97,  86, -52,-775,-623;
  -9,-188,-151, 250,  97,  90, -43,-777,-623;
 -13,-191,-153, 237,  99,  93, -44,-770,-621;
  -7,-189,-156, 223, 105,  95, -36,-777,-615;
  -6,-190,-151, 211, 111,  99, -30,-774,-616;
  -3,-192,-150, 201, 111, 102, -24,-787,-612;
  -2,-193,-153, 190, 112, 107, -21,-790,-609;
  -1,-194,-151, 183, 115, 109,  -9,-800,-600;
   0,-197,-149, 178, 121, 111,  -7,-803,-602;
   1,-201,-141, 174, 124, 113,  -5,-811,-594;
   0,-201,-145, 170, 122, 114,  -6,-812,-588;
   1,-198,-148, 169, 125, 116,   2,-813,-583;
   2,-200,-144, 170, 129, 114,   5,-817,-573;
   3,-200,-136, 172, 133, 113,   8,-817,-565;
   3,-202,-136, 174, 132, 112,   7,-819,-557;
   2,-200,-138, 177, 133, 112,   4,-815,-555;
   3,-202,-135, 183, 136, 112,   8,-811,-543;
   0,-197,-134, 189, 137, 110,   1,-815,-541;
   0,-198,-129, 194, 132, 107,  -8,-815,-532;
  -1,-199,-131, 197, 125, 103, -19,-810,-531;
  -6,-200,-135, 200, 118,  99, -25,-811,-527;
  -5,-198,-129, 200, 112,  94, -34,-810,-534;
  -8,-196,-131, 198, 105,  88, -41,-810,-530;
  -9,-194,-131, 195,  96,  81, -44,-807,-537;
  -8,-199,-135, 187,  87,  74, -45,-812,-546;
 -10,-199,-134, 178,  80,  68, -51,-817,-542;
 -12,-203,-135, 169,  77,  66, -50,-822,-552;
 -12,-204,-133, 161,  74,  62, -50,-830,-560;
 -12,-206,-142, 156,  71,  61, -54,-848,-562;
 -12,-206,-144, 155,  69,  63, -47,-853,-566;
  -9,-210,-141, 160,  69,  62, -51,-859,-566;
 -10,-214,-139, 165,  71,  63, -46,-862,-565;
 -11,-210,-139, 173,  70,  64, -40,-862,-560;
  -7,-212,-136, 180,  71,  67, -38,-858,-557;
  -1,-206,-136, 183,  70,  67, -41,-855,-559;
 -11,-207,-134, 184,  70,  68, -35,-848,-561;
  -6,-203,-138, 182,  68,  68, -36,-836,-550;
  -7,-203,-139, 176,  66,  69, -25,-826,-559;
  -5,-200,-138, 169,  64,  71, -30,-821,-559;
  -3,-197,-141, 159,  63,  70, -29,-818,-554;
  -2,-199,-142, 147,  64,  70, -29,-811,-559;
  -4,-198,-135, 134,  62,  68, -25,-805,-555;
  -5,-196,-142, 122,  65,  71, -18,-805,-561;
  -4,-196,-141, 108,  68,  73, -19,-802,-567;
  -2,-196,-142,  94,  71,  75, -21,-808,-571;
  -2,-194,-141,  79,  74,  75,  -8,-807,-568;
   0,-197,-138,  67,  76,  74, -14,-810,-572;
  -3,-198,-140,  58,  79,  76, -12,-816,-573;
   0,-201,-139,  51,  83,  76, -12,-825,-574;
   0,-203,-142,  47,  85,  74,  -7,-833,-567;
   0,-205,-141,  44,  85,  71, -10,-834,-566;
   0,-206,-140,  44,  86,  68, -14,-840,-564;
  -2,-205,-143,  49,  88,  63, -17,-839,-563;
  -1,-205,-136,  54,  90,  60, -18,-846,-559;
  -3,-206,-135,  60,  90,  56, -24,-840,-556;
  -3,-205,-139,  65,  90,  53, -29,-838,-549;
 -11,-206,-137,  67,  90,  49, -33,-843,-543;
 -12,-204,-136,  67,  90,  45, -39,-837,-549;
  -5,-203,-134,  66,  89,  44, -42,-839,-537;
 -11,-206,-134,  65,  86,  41, -48,-839,-546;
 -10,-207,-133,  65,  85,  37, -53,-837,-541;
 -10,-205,-136,  65,  80,  36, -51,-839,-553;
 -14,-204,-134,  63,  77,  35, -52,-842,-550;
 -11,-206,-138,  63,  74,  34, -53,-841,-546;
 -13,-206,-140,  65,  71,  33, -53,-845,-552;
 -15,-206,-137,  65,  68,  32, -52,-843,-550;
 -13,-209,-138,  67,  65,  33, -51,-851,-549;
 -12,-207,-133,  70,  63,  34, -50,-854,-546;
  -9,-207,-133,  72,  60,  34, -55,-855,-541;
 -11,-209,-138,  75,  58,  32, -54,-855,-536;
 -11,-211,-131,  78,  58,  32, -48,-851,-542;
 -15,-206,-133,  82,  58,  32, -49,-847,-535;
 -10,-207,-130,  85,  57,  33, -51,-847,-529;
 -12,-202,-132,  86,  57,  32, -50,-843,-532;
 -12,-205,-129,  85,  55,  33, -53,-839,-531;
 -14,-207,-130,  79,  55,  33, -47,-834,-530;
  -9,-205,-133,  72,  53,  32, -47,-838,-530;
 -12,-207,-131,  64,  51,  34, -48,-838,-532;
 -14,-201,-146,  57,  47,  32, -44,-837,-530;
  -9,-204,-131,  49,  45,  32, -43,-835,-533;
 -10,-205,-132,  42,  45,  28, -41,-841,-535;
 -11,-201,-135,  37,  43,  28, -34,-841,-533;
  -8,-203,-131,  34,  41,  26, -35,-839,-541;
  -9,-201,-135,  29,  40,  25, -36,-843,-529;
  -2,-206,-136,  24,  40,  20, -26,-840,-542;
  -1,-205,-134,  17,  40,  21, -26,-843,-543;
  -6,-209,-131,  12,  40,  20, -26,-840,-545;
  -4,-207,-135,  11,  39,  17, -25,-846,-547;
  -4,-203,-126,   9,  41,  15, -24,-840,-546;
  -6,-204,-133,   9,  43,  13, -23,-842,-552;
  -3,-204,-132,  10,  44,  10, -29,-845,-548;
 -10,-203,-136,   8,  43,   6, -34,-842,-558;
  -7,-207,-137,   6,  42,   4, -33,-846,-555;
  -6,-204,-139,   2,  41,   3, -30,-853,-552;
  -5,-207,-135,  -4,  40,   1, -35,-846,-551;
  -7,-209,-135,  -8,  38,  -2, -35,-854,-552;
  -7,-206,-138, -13,  33,  -3, -35,-856,-550;
  -7,-209,-140, -13,  32,  -5, -33,-859,-552;
  -8,-208,-137, -10,  28,  -7, -39,-858,-545;
  -7,-209,-135,  -8,  25,  -7, -36,-861,-543;
  -9,-211,-135,  -4,  21,  -9, -34,-858,-540;
  -9,-212,-131,   0,  19, -10, -37,-862,-540;
  -8,-210,-132,  10,  17, -10, -39,-863,-540;
 -11,-209,-135,  19,  15, -10, -36,-860,-545;
  -9,-208,-134,  26,  13,  -8, -43,-859,-541;
  -9,-207,-133,  35,  13,  -9, -45,-855,-540;
  -7,-210,-132,  39,  12,  -7, -40,-858,-540;
 -11,-208,-134,  43,  13,  -6, -44,-857,-546;
 -10,-209,-134,  46,  14,  -7, -49,-859,-541;
  -8,-211,-135,  48,  14,  -6, -47,-856,-546;
  -8,-209,-131,  52,  16,  -6, -44,-862,-538;
 -10,-209,-135,  55,  19,  -3, -43,-851,-533;
  -9,-210,-135,  59,  20,  -2, -46,-859,-539;
  -8,-209,-136,  61,  20,  -1, -43,-857,-535;
  -7,-209,-135,  63,  19,  -1, -41,-858,-539;
  -6,-204,-136,  65,  19,  -1, -36,-854,-533;
  -6,-211,-135,  67,  18,  -3, -35,-847,-533;
  -5,-206,-133,  68,  17,  -4, -30,-848,-535;
  -5,-208,-134,  69,  15,  -4, -31,-852,-536;
  -7,-206,-133,  68,  15,  -6, -35,-851,-539;
  -7,-206,-134,  66,  15,  -7, -35,-852,-539;
  -7,-207,-134,  67,  14, -10, -32,-849,-535;
  -3,-206,-136,  64,  13, -10, -31,-850,-535;
  -8,-208,-135,  64,  11, -13, -35,-843,-538;
  -6,-206,-132,  62,  11, -13, -36,-850,-543;
  -6,-207,-134,  64,   9, -16, -26,-848,-543;
  -4,-205,-136,  65,   7, -17, -36,-842,-535;
  -8,-206,-133,  66,   5, -19, -32,-845,-539;
  -9,-206,-132,  67,   3, -21, -37,-846,-538;
  -8,-203,-134,  66,   3, -22, -32,-842,-537;
  -9,-208,-136,  67,   1, -22, -30,-851,-542;
  -9,-205,-135,  68,  -1, -24, -38,-842,-538;
  -8,-205,-133,  68,  -1, -24, -37,-845,-537;
  -8,-207,-136,  68,  -1, -25, -33,-845,-540;
  -7,-208,-132,  70,  -1, -24, -35,-843,-541;
  -8,-206,-132,  72,   1, -24, -37,-843,-540;
 -11,-205,-133,  71,   2, -24, -37,-843,-538;
 -10,-205,-135,  70,   5, -25, -35,-841,-540;
  -8,-205,-138,  67,   7, -24, -39,-841,-545;
  -7,-206,-134,  65,   8, -22, -40,-844,-548;
  -4,-207,-136,  62,   7, -23, -32,-847,-541;
  -8,-205,-134,  59,   6, -23, -34,-845,-546;
  -9,-204,-131,  55,   5, -22, -32,-842,-548;
  -6,-207,-137,  54,   3, -24, -34,-845,-543;
  -4,-209,-132,  53,   1, -23, -34,-853,-550;
  -7,-207,-140,  52,   0, -23, -29,-848,-546;
  -5,-210,-133,  53,   0, -22, -26,-854,-554;
  -5,-209,-137,  55,   0, -23, -29,-852,-550;
  -6,-209,-135,  61,  -1, -24, -24,-855,-543;
  -7,-209,-139,  64,   1, -24, -32,-861,-550;
  -2,-210,-133,  66,   1, -25, -34,-859,-540;
  -7,-208,-136,  69,   1, -24, -30,-852,-552;
  -5,-205,-130,  70,   0, -25, -24,-856,-542;
  -3,-210,-135,  72,   0, -25, -26,-851,-543;
  -5,-211,-137,  75,   2, -26, -25,-847,-549;
   0,-206,-138,  77,   0, -25, -28,-850,-540;
  -9,-206,-134,  80,  -2, -25, -26,-843,-546;
  -7,-206,-133,  80,  -3, -26, -29,-845,-547;
  -7,-205,-134,  80,  -1, -25, -26,-841,-544;
  -6,-204,-136,  79,  -1, -27, -24,-840,-547;
  -7,-206,-135,  76,  -3, -27, -29,-844,-541;
  -4,-205,-136,  73,  -3, -28, -25,-844,-551;
  -8,-207,-134,  70,  -3, -28, -31,-851,-545;
  -6,-207,-135,  71,  -4, -27, -27,-845,-546;
  -6,-205,-132,  69,  -5, -25, -30,-846,-544;
   0,-203,-131,  69,  -5, -26, -23,-851,-540;
  -7,-205,-134,  70,  -6, -26, -29,-852,-540;
  -2,-207,-134,  71,  -7, -26, -26,-846,-538;
  -5,-209,-133,  72,  -7, -28, -33,-852,-545;
  -1,-210,-138,  73,  -6, -29, -24,-855,-541;
  -5,-209,-132,  75,  -4, -30, -29,-852,-538;
  -3,-208,-137,  77,  -1, -28, -27,-852,-540;
  -3,-208,-132,  78,   0, -28, -28,-856,-540;
  -7,-207,-136,  79,   1, -26, -28,-851,-534;
  -1,-210,-142,  78,   3, -25, -30,-853,-544;
  -3,-206,-138,  80,   4, -26, -32,-845,-540;
  -6,-205,-136,  79,   4, -25, -28,-850,-549;
  -5,-206,-137,  80,   5, -24, -27,-843,-554;
  -2,-203,-137,  81,   6, -23, -27,-843,-547;
  -3,-207,-139,  81,   6, -22, -23,-839,-550;
  -2,-203,-138,  80,   6, -22, -24,-839,-545;
  -2,-202,-137,  79,   6, -21, -24,-837,-545;
  -5,-203,-135,  76,   6, -21, -30,-840,-552;
  -4,-203,-137,  72,   5, -21, -24,-835,-560;
  -6,-205,-134,  68,   4, -20, -31,-842,-544;
  -3,-204,-133,  65,   6, -20, -27,-837,-546;
  -6,-206,-137,  66,   6, -19, -30,-846,-548;
  -8,-204,-133,  66,   6, -18, -26,-842,-548;
  -7,-208,-136,  67,   7, -17, -28,-845,-549;
  -4,-203,-133,  66,   7, -17, -25,-841,-546;
  -1,-209,-137,  64,   9, -17, -24,-846,-544;
  -7,-207,-132,  63,  10, -16, -26,-842,-538;
  -5,-206,-132,  61,   9, -15, -30,-849,-542;
  -8,-207,-133,  60,  11, -14, -30,-847,-548;
  -8,-208,-137,  61,  11, -15, -29,-851,-541;
  -9,-208,-136,  64,  11, -16, -30,-850,-564;
  -8,-206,-137,  67,  10, -17, -28,-847,-550;
  -8,-208,-136,  69,  12, -15, -33,-850,-551;
  -8,-204,-135,  69,  12, -14, -36,-850,-555;
  -5,-208,-134,  69,  12, -14, -34,-847,-553;
  -8,-204,-139,  65,  13, -13, -32,-843,-541;
  -4,-205,-134,  63,  11, -12, -36,-843,-546;
  -6,-205,-138,  60,  12, -13, -31,-850,-541;
  -6,-206,-135,  57,  12, -13, -27,-842,-539;
  -7,-209,-130,  56,  10, -12, -32,-843,-535;
  -7,-208,-134,  54,   9, -11, -29,-848,-537;
  -5,-208,-135,  54,   8, -14, -36,-845,-535;
  -8,-209,-132,  54,   7, -15, -37,-851,-534;
  -4,-210,-132,  54,   6, -15, -34,-845,-541;
  -3,-208,-135,  53,   5, -17, -34,-845,-539;
  -9,-208,-131,  54,   5, -16, -33,-843,-530;
  -4,-208,-135,  55,   2, -20, -37,-842,-530;
  -2,-204,-134,  60,   2, -21, -34,-843,-537;
 -10,-204,-131,  63,  -2, -21, -33,-839,-540;
  -7,-204,-134,  65,  -2, -22, -33,-844,-540;
  -7,-204,-132,  65,  -5, -21, -36,-841,-546;
  -4,-205,-133,  64,  -7, -21, -36,-832,-540;
  -6,-203,-137,  64,  -5, -18, -30,-840,-541;
  -8,-207,-134,  62,  -3, -17, -31,-839,-545;
  -5,-207,-135,  59,  -2, -17, -31,-841,-551;
  -2,-206,-137,  56,   1, -16, -35,-842,-548;
  -1,-205,-138,  53,   3, -15, -25,-843,-550;
  -7,-205,-136,  51,   5, -12, -29,-842,-557;
  -4,-209,-136,  48,   7, -11, -32,-843,-549;
  -8,-205,-140,  43,  10,  -9, -27,-847,-546;
  -8,-206,-136,  40,  12, -10, -27,-848,-544;
  -5,-209,-138,  36,  12,  -9, -28,-849,-550;
  -2,-208,-133,  33,  15, -10, -23,-857,-550;
  -3,-208,-138,  32,  14, -10, -23,-851,-547;
  -4,-208,-136,  31,  14,  -9, -23,-856,-541;
  -2,-210,-133,  28,  15, -11, -26,-856,-544;
  -7,-209,-134,  28,  15, -11, -24,-855,-543;
  -8,-210,-136,  26,  16, -10, -23,-854,-535;
  -7,-209,-132,  25,  15, -10, -28,-856,-545;
  -9,-210,-136,  27,  14, -10, -33,-855,-537;
  -2,-207,-132,  29,  14, -12, -28,-855,-537;
  -8,-210,-135,  33,  12, -14, -34,-855,-542;
  -8,-204,-137,  38,  11, -12, -35,-847,-535;
  -6,-207,-133,  42,   9, -13, -34,-855,-542;
  -5,-206,-131,  45,   8, -14, -34,-842,-541;
  -9,-201,-135,  45,   7, -12, -27,-847,-537;
  -6,-209,-134,  46,   7, -13, -30,-843,-543;
  -7,-204,-138,  47,   7, -13, -35,-844,-547;
  -9,-206,-134,  47,  10, -11, -36,-843,-545;
  -7,-203,-136,  48,  10, -10, -31,-844,-540;
  -8,-204,-138,  49,  11, -10, -36,-843,-546;
  -6,-203,-134,  49,  14,  -8, -35,-846,-539;
  -6,-205,-132,  48,  17,  -5, -36,-841,-542;
  -7,-203,-137,  46,  17,  -5, -37,-841,-549;
  -4,-205,-134,  42,  19,  -6, -33,-844,-537;
  -8,-207,-133,  39,  19,  -7, -35,-841,-546;
  -4,-208,-138,  35,  20,  -6, -34,-845,-549;
  -7,-200,-139,  30,  20,  -8, -37,-845,-548;
  -6,-207,-138,  26,  20,  -9, -27,-846,-539;
  -6,-211,-134,  24,  21,  -9, -33,-851,-545;
  -8,-212,-132,  23,  22,  -9, -39,-857,-546;
  -9,-208,-137,  25,  22,  -9, -37,-853,-543;
  -8,-210,-135,  25,  24,  -9, -32,-852,-543;
  -7,-207,-137,  27,  23, -10, -37,-855,-543;
  -8,-207,-133,  29,  21, -10, -40,-852,-537;
 -10,-207,-132,  29,  23, -11, -39,-857,-544;
  -9,-207,-135,  27,  22, -13, -36,-857,-543;
  -9,-207,-136,  27,  21, -14, -43,-856,-546;
  -8,-209,-130,  26,  20, -13, -37,-856,-535;
  -7,-210,-133,  29,  19, -14, -38,-852,-537;
  -7,-212,-133,  32,  19, -13, -37,-853,-533;
  -9,-205,-134,  35,  18, -13, -44,-858,-538;
  -8,-207,-134,  36,  18, -15, -40,-849,-535;
  -8,-207,-135,  38,  17, -14, -40,-850,-538;
  -5,-209,-134,  39,  14, -16, -36,-847,-533;
 -10,-205,-136,  40,  13, -14, -39,-848,-535;
 -11,-206,-131,  40,  13, -16, -35,-842,-538;
 -11,-204,-136,  40,  12, -15, -39,-844,-532;
 -11,-206,-132,  36,  10, -15, -37,-844,-541;
  -9,-204,-135,  34,  10, -16, -34,-842,-544;
  -8,-207,-134,  34,  10, -17, -38,-843,-544;
  -9,-205,-134,  33,   8, -16, -30,-840,-541;
  -8,-205,-137,  34,   8, -15, -35,-842,-549;
  -4,-204,-134,  34,   8, -14, -37,-842,-550;
  -7,-204,-136,  33,   9, -14, -35,-847,-548;
  -8,-207,-137,  32,  11, -14, -37,-847,-549;
  -5,-207,-138,  29,  11, -13, -31,-847,-550;
  -5,-206,-137,  25,  12, -13, -28,-844,-550;
  -6,-207,-136,  21,  13, -14, -29,-848,-552;
  -6,-209,-133,  19,  12, -15, -29,-848,-546;
  -3,-207,-139,  19,  14, -16, -35,-854,-550;
  -9,-206,-134,  18,  13, -17, -31,-852,-546;
  -7,-208,-136,  17,  12, -17, -32,-852,-547;
  -9,-206,-135,  19,  14, -18, -33,-852,-543;
  -8,-209,-137,  20,  12, -18, -37,-845,-533;
  -7,-207,-136,  21,  13, -18, -32,-845,-542;
  -5,-210,-135,  21,  12, -19, -36,-851,-536;
  -5,-206,-135,  23,  12, -21, -37,-852,-550;
  -8,-208,-133,  23,  13, -20, -32,-850,-539;
  -6,-209,-135,  23,  13, -21, -29,-847,-546;
  -7,-209,-136,  26,  12, -21, -36,-847,-537;
  -7,-209,-137,  28,  13, -21, -33,-854,-543;
  -5,-211,-137,  29,  13, -21, -34,-851,-536;
  -2,-209,-136,  31,  12, -21, -36,-849,-537;
  -8,-207,-134,  33,  12, -21, -27,-853,-544;
  -6,-208,-130,  34,  12, -23, -31,-859,-542;
  -5,-208,-139,  37,  12, -21, -30,-857,-550;
  -7,-209,-136,  38,  11, -20, -27,-856,-535;
  -8,-209,-135,  40,  12, -20, -27,-854,-546;
  -5,-208,-132,  41,  14, -20, -31,-854,-541;
  -2,-209,-133,  41,  15, -18, -26,-855,-535;
  -3,-208,-131,  43,  15, -18, -27,-856,-534;
  -4,-208,-136,  42,  14, -17, -25,-855,-539;
  -4,-210,-139,  44,  14, -18, -28,-853,-539;
  -6,-210,-131,  46,  12, -17, -29,-860,-541;
  -7,-209,-134,  49,  11, -17, -29,-856,-540;
  -3,-209,-135,  54,  12, -15, -25,-857,-539;
  -2,-210,-137,  57,  14, -14, -29,-853,-542;
  -7,-205,-133,  60,  15, -13, -33,-857,-540;
  -7,-208,-137,  62,  16, -11, -34,-854,-550;
  -6,-210,-137,  61,  17, -10, -34,-852,-550;
  -5,-208,-133,  62,  17,  -9, -30,-851,-543;
 -10,-205,-136,  64,  17,  -8, -31,-854,-540;
  -6,-208,-133,  65,  18,  -8, -34,-852,-544;
  -6,-206,-138,  64,  19,  -7, -31,-851,-550;
  -3,-208,-137,  65,  20,  -7, -23,-859,-555;
  -5,-207,-137,  67,  21,  -9, -33,-848,-543;
  -6,-207,-134,  66,  23,  -7, -30,-851,-553;
  -6,-208,-135,  65,  24,  -7, -26,-840,-549;
  -7,-204,-136,  68,  27,  -7, -22,-845,-548;
  -8,-209,-135,  67,  27,  -6, -32,-847,-548;
  -8,-204,-134,  66,  30,  -5, -26,-848,-543;
  -8,-205,-134,  66,  30,  -6, -38,-843,-542;
  -9,-204,-133,  64,  30,  -6, -36,-849,-543;
  -7,-208,-135,  63,  31,  -6, -34,-855,-534;
  -4,-209,-134,  63,  29,  -7, -39,-848,-547;
  -5,-203,-135,  62,  27,  -7, -43,-854,-552;
  -7,-210,-134,  62,  25,  -9, -34,-851,-544;
  -4,-206,-134,  62,  22, -10, -40,-853,-536;
  -8,-207,-133,  63,  21, -12, -38,-848,-540;
  -7,-207,-135,  68,  19, -13, -38,-849,-537;
  -6,-208,-137,  76,  17, -14, -34,-851,-537;
  -9,-208,-135,  82,  14, -15, -36,-846,-536;
  -5,-206,-135,  85,  13, -16, -36,-850,-540;
 -10,-205,-137,  87,  13, -13, -35,-838,-549;
  -8,-205,-132,  90,  12, -11, -32,-840,-545;
  -5,-203,-133,  90,  12, -11, -25,-838,-549;
