  -1,-208,-129,  73,  15, -20, -38,-858,-519;
  -9,-207,-131,  72,  15, -22, -38,-855,-521;
  -6,-206,-129,  71,  14, -21, -37,-855,-523;
  -8,-205,-131,  71,  12, -21, -40,-848,-522;
  -7,-208,-128,  69,  11, -20, -37,-846,-512;
  -7,-208,-122,  65,   9, -19, -32,-850,-515;
  -4,-209,-128,  59,   8, -21, -30,-850,-512;
  -6,-210,-129,  54,   6, -19, -31,-856,-513;
  -6,-213,-126,  49,   4, -18, -31,-861,-512;
  -8,-211,-132,  45,   1, -17, -28,-861,-514;
  -5,-211,-127,  44,  -1, -17, -25,-866,-505;
  -1,-213,-130,  42,  -2, -16, -29,-870,-515;
  -5,-214,-129,  41,  -4, -16, -24,-870,-514;
  -6,-212,-130,  41,  -5, -17, -22,-865,-516;
  -5,-212,-132,  41,  -3, -16, -27,-867,-517;
  -3,-215,-127,  41,  -1, -18, -25,-872,-514;
  -4,-213,-127,  43,  -1, -15, -21,-872,-517;
  -2,-213,-128,  45,   0, -14, -27,-874,-519;
  -1,-214,-126,  46,   2, -13, -22,-871,-515;
  -7,-211,-126,  49,   4, -13, -24,-875,-521;
  -3,-213,-129,  51,   8, -13, -25,-871,-517;
  -8,-211,-130,  54,   8, -13, -26,-862,-521;
  -6,-212,-130,  55,  13, -11, -37,-866,-517;
  -6,-211,-130,  57,  15, -11, -35,-866,-517;
  -9,-211,-128,  59,  17, -11, -35,-863,-523;
 -11,-210,-129,  59,  17, -14, -37,-859,-518;
 -12,-205,-129,  58,  18, -14, -44,-856,-519;
  -8,-211,-130,  56,  20, -14, -45,-853,-522;
 -10,-207,-129,  54,  21, -12, -41,-866,-520;
  -9,-211,-127,  54,  23, -11, -40,-860,-524;
  -8,-209,-127,  51,  25, -11, -47,-857,-519;
 -13,-207,-128,  48,  25, -11, -44,-862,-524;
  -7,-207,-127,  46,  26, -12, -44,-864,-522;
  -6,-213,-134,  42,  27, -10, -44,-860,-526;
  -9,-212,-132,  41,  26, -11, -44,-857,-529;
 -10,-212,-133,  42,  24, -12, -44,-865,-529;
  -5,-210,-130,  45,  20, -12, -42,-860,-526;
  -9,-209,-131,  47,  15, -14, -47,-859,-523;
 -10,-210,-135,  50,   8, -17, -43,-857,-533;
  -4,-215,-132,  52,   3, -21, -42,-861,-527;
  -9,-211,-132,  52,  -2, -24, -39,-861,-528;
  -7,-211,-129,  51,  -6, -26, -27,-864,-527;
  -7,-210,-130,  48,  -9, -28, -30,-858,-522;
  -4,-213,-130,  45,  -8, -27, -24,-872,-522;
  -6,-210,-130,  45,  -7, -27, -27,-864,-519;
  -5,-212,-126,  45,  -6, -25, -25,-873,-512;
  -3,-213,-127,  45,  -7, -24, -33,-871,-511;
  -2,-215,-133,  47,  -4, -21, -30,-874,-511;
  -7,-213,-128,  47,   0, -20, -26,-870,-508;
  -4,-214,-128,  48,   3, -16, -24,-871,-500;
  -1,-212,-124,  46,   5, -13, -24,-873,-506;
  -2,-214,-127,  44,   7, -11, -30,-873,-505;
  -3,-208,-127,  43,   7,  -8, -23,-872,-505;
  -4,-213,-125,  44,   9,  -7, -24,-870,-496;
  -7,-213,-127,  46,  11,  -7, -22,-868,-509;
  -6,-210,-127,  50,  13,  -4, -22,-871,-509;
  -2,-212,-128,  53,  15,  -3, -26,-872,-513;
  -4,-211,-127,  58,  15,  -3, -22,-867,-507;
  -2,-213,-129,  62,  15,   0, -24,-862,-512;
  -4,-209,-130,  64,  15,  -1, -31,-861,-513;
  -3,-208,-131,  64,  15,  -1, -22,-860,-520;
  -2,-209,-129,  62,  15,  -3, -22,-856,-515;
  -1,-209,-131,  59,  16,  -4, -24,-860,-522;
  -2,-209,-131,  54,  16,  -2, -22,-857,-523;
  -3,-210,-129,  48,  15,  -2, -21,-856,-520;
  -3,-208,-129,  44,  16,  -2, -28,-860,-527;
  -6,-209,-129,  42,  18,  -4, -25,-861,-524;
  -3,-214,-130,  40,  22,   0, -25,-864,-520;
  -6,-213,-128,  37,  27,   1, -24,-869,-519;
  -1,-212,-129,  37,  31,   1, -26,-870,-516;
  -5,-212,-129,  37,  33,   2, -24,-868,-519;
  -4,-211,-130,  37,  37,   5, -27,-879,-518;
  -5,-211,-130,  37,  41,   6, -29,-877,-517;
  -4,-215,-132,  38,  45,   8, -29,-876,-514;
  -8,-212,-128,  40,  46,   9, -30,-873,-516;
  -9,-212,-129,  44,  47,   9, -33,-873,-516;
  -8,-213,-128,  47,  50,  10, -32,-873,-512;
  -4,-209,-127,  49,  50,   9, -32,-868,-511;
  -4,-212,-128,  52,  50,   9, -32,-871,-522;
  -9,-215,-127,  53,  49,  10, -38,-872,-520;
  -7,-212,-130,  56,  48,   8, -35,-874,-518;
  -7,-208,-128,  58,  49,   7, -42,-861,-512;
 -10,-209,-128,  59,  47,   6, -38,-870,-515;
 -11,-213,-126,  56,  45,   2, -40,-864,-518;
 -13,-208,-129,  56,  46,   4, -49,-869,-515;
 -10,-207,-128,  53,  46,   4, -46,-861,-510;
 -12,-210,-128,  49,  44,   2, -47,-871,-512;
 -10,-208,-127,  48,  44,   2, -48,-869,-516;
 -10,-210,-126,  45,  43,   2, -51,-864,-519;
 -10,-210,-128,  45,  43,   1, -46,-868,-515;
 -15,-213,-130,  50,  43,   2, -49,-864,-514;
  -7,-212,-129,  53,  41,   2, -46,-864,-515;
 -23,-212,-128,  56,  40,   4, -40,-860,-522;
 -11,-210,-129,  59,  39,   5, -44,-858,-520;
  -9,-210,-130,  58,  36,   5, -41,-862,-521;
 -10,-208,-127,  57,  33,   6, -37,-860,-521;
  -8,-209,-128,  54,  31,   7, -40,-857,-519;
  -4,-210,-129,  50,  28,   5, -33,-865,-521;
 -10,-209,-129,  47,  26,   4, -37,-868,-516;
  -6,-213,-130,  45,  25,   4, -36,-866,-520;
  -6,-215,-127,  44,  23,   4, -34,-866,-518;
  -4,-211,-128,  43,  20,   5, -30,-868,-517;
  -5,-211,-125,  43,  19,   3, -36,-871,-519;
  -7,-210,-129,  43,  19,   2, -32,-867,-514;
  -6,-215,-127,  42,  17,   0, -31,-868,-510;
  -7,-211,-130,  42,  17,   1, -31,-860,-517;
  -6,-209,-128,  41,  18,   0, -38,-867,-519;
  -7,-210,-128,  40,  19,   1, -37,-869,-519;
  -7,-211,-132,  41,  19,   0, -38,-865,-515;
  -6,-212,-131,  43,  21,   0, -35,-870,-521;
  -6,-211,-128,  46,  23,   1, -33,-864,-521;
 -10,-209,-133,  45,  27,   1, -42,-868,-520;
  -8,-211,-128,  46,  29,   2, -39,-867,-518;
  -7,-211,-128,  45,  32,   4, -35,-864,-519;
  -7,-215,-129,  44,  34,   4, -38,-865,-521;
 -10,-211,-129,  44,  35,   4, -39,-865,-525;
  -9,-212,-128,  45,  36,   4, -39,-860,-520;
 -10,-212,-130,  45,  36,   3, -41,-866,-522;
  -9,-210,-127,  44,  35,   2, -39,-868,-521;
  -7,-211,-129,  43,  34,   0, -41,-870,-518;
 -10,-210,-130,  42,  34,  -3, -47,-867,-528;
  -9,-207,-129,  43,  34,  -4, -42,-870,-526;
  -9,-211,-128,  44,  34,  -5, -46,-861,-525;
   2,-211,-111,  46,  36,  -5, -48,-863,-521;
 -10,-209,-129,  48,  36,  -6, -49,-856,-526;
 -14,-210,-128,  50,  37,  -7, -51,-859,-520;
 -14,-207,-127,  49,  38,  -6, -53,-858,-517;
 -16,-210,-126,  47,  39,  -8, -51,-860,-514;
 -15,-208,-129,  46,  38,  -8, -59,-858,-518;
 -12,-209,-129,  43,  38,  -6, -51,-857,-517;
 -13,-208,-127,  39,  36,  -7, -53,-860,-519;
 -14,-211,-126,  40,  35,  -8, -52,-861,-510;
 -11,-209,-127,  37,  33,  -9, -59,-858,-510;
 -15,-208,-129,  36,  29, -10, -56,-851,-524;
 -13,-208,-129,  36,  25, -11, -52,-860,-523;
 -14,-206,-132,  36,  21, -14, -56,-859,-520;
 -13,-211,-130,  35,  15, -14, -51,-861,-517;
 -11,-208,-132,  33,  11, -16, -53,-863,-525;
 -13,-211,-131,  33,   5, -18, -51,-860,-522;
 -12,-209,-130,  36,   0, -20, -52,-863,-526;
 -10,-212,-127,  38,  -7, -23, -46,-865,-527;
 -15,-210,-131,  38, -12, -23, -47,-858,-520;
 -12,-211,-128,  37, -18, -25, -42,-866,-516;
  -9,-211,-131,  35, -24, -26, -44,-862,-521;
  -9,-213,-133,  34, -29, -27, -41,-862,-521;
  -8,-213,-131,  34, -35, -29, -43,-862,-519;
 -11,-212,-131,  34, -38, -29, -39,-865,-522;
  -7,-213,-130,  38, -41, -31, -41,-871,-523;
 -10,-213,-132,  43, -44, -31, -41,-873,-528;
  -9,-211,-128,  47, -48, -33, -42,-873,-528;
  -6,-214,-129,  51, -49, -35, -38,-877,-525;
 -10,-212,-130,  58, -51, -34, -40,-873,-525;
  -7,-209,-133,  60, -50, -34, -44,-873,-526;
 -13,-212,-128,  62, -50, -31, -47,-871,-529;
  -8,-214,-128,  64, -48, -29, -40,-871,-523;
 -11,-210,-129,  65, -46, -28, -44,-871,-523;
 -11,-210,-132,  67, -43, -25, -42,-871,-524;
  -9,-212,-134,  68, -37, -21, -43,-869,-521;
  -8,-209,-126,  65, -33, -19, -41,-863,-513;
  -6,-211,-130,  62, -28, -15, -38,-868,-518;
  -7,-211,-129,  56, -24, -13, -37,-863,-518;
  -8,-213,-129,  50, -18,  -8, -42,-862,-512;
  -7,-212,-131,  44, -14,  -5, -43,-863,-510;
  -7,-211,-130,  40, -10,  -5, -37,-866,-509;
  -5,-213,-129,  39,  -8,  -6, -30,-859,-512;
  -5,-213,-126,  37,  -6,  -7, -27,-865,-515;
  -3,-209,-128,  37,  -3,  -6, -23,-860,-518;
  -3,-210,-124,  36,  -1,  -6, -24,-861,-514;
  -1,-209,-129,  36,   3,  -5, -23,-865,-516;
  -1,-207,-132,  39,   6,  -5, -19,-861,-519;
  -2,-213,-130,  43,   8,  -4, -21,-857,-523;
  -3,-209,-132,  48,  10,  -5, -18,-858,-526;
  -2,-207,-130,  51,  11,  -5, -21,-864,-527;
   0,-213,-132,  55,  13,  -5, -14,-863,-523;
  -2,-209,-130,  57,  15,  -6, -13,-858,-520;
  -4,-210,-131,  60,  14,  -6, -20,-857,-519;
  -2,-206,-134,  59,  17,  -4, -16,-857,-529;
   0,-209,-132,  60,  19,  -5, -20,-856,-528;
  -1,-211,-130,  61,  22,  -3, -19,-857,-529;
   0,-211,-130,  62,  26,  -3, -18,-857,-524;
  -6,-209,-129,  61,  25,  -2, -23,-859,-519;
  -3,-208,-130,  60,  27,  -2, -24,-854,-520;
  -2,-209,-127,  57,  30,  -5, -21,-856,-523;
  -6,-210,-125,  54,  31,  -2, -33,-859,-516;
  -6,-209,-123,  51,  33,  -1, -30,-865,-518;
  -4,-211,-128,  50,  33,   1, -24,-871,-521;
  -7,-212,-130,  49,  34,   4, -29,-873,-515;
 -10,-215,-129,  50,  34,   6, -32,-875,-516;
 -10,-215,-129,  54,  34,   7, -38,-879,-512;
 -11,-214,-125,  57,  35,  10, -47,-877,-520;
  -7,-216,-129,  55,  35,  17, -34,-879,-522;
  -7,-214,-129,  54,  35,  18, -40,-879,-518;
  -5,-216,-129,  54,  36,  16, -38,-874,-518;
  -9,-213,-127,  57,  33,  15, -35,-875,-524;
 -12,-214,-134,  58,  31,  16, -43,-876,-525;
  -6,-214,-128,  60,  32,  16, -39,-875,-519;
  -8,-215,-129,  64,  35,  18, -41,-875,-524;
  -9,-214,-128,  68,  36,  14, -33,-865,-525;
 -10,-209,-129,  71,  37,  12, -38,-870,-525;
 -11,-206,-130,  73,  37,  10, -40,-858,-527;
  -8,-210,-131,  70,  37,   7, -45,-862,-516;
 -10,-210,-131,  69,  39,   7, -43,-857,-522;
  -7,-208,-129,  66,  40,   8, -48,-848,-521;
 -13,-208,-129,  63,  41,   8, -51,-856,-520;
 -12,-208,-131,  57,  42,   7, -54,-855,-523;
 -10,-210,-130,  55,  42,   8, -51,-855,-518;
 -11,-209,-127,  53,  40,   8, -47,-851,-519;
 -11,-207,-126,  49,  39,   7, -47,-855,-522;
 -10,-208,-132,  46,  41,   7, -54,-847,-519;
 -10,-207,-127,  44,  42,  10, -46,-851,-507;
  -9,-208,-129,  43,  43,  12, -49,-854,-511;
  -9,-207,-129,  41,  43,  12, -44,-851,-515;
 -11,-209,-128,  39,  43,  13, -41,-850,-519;
  -9,-207,-127,  37,  39,  11, -44,-848,-518;
  -9,-210,-129,  32,  37,   9, -48,-846,-525;
  -9,-211,-133,  26,  36,  10, -38,-852,-527;
  -7,-208,-129,  23,  34,  10, -39,-860,-528;
  -6,-212,-127,  19,  33,  11, -32,-863,-530;
  -6,-210,-132,  19,  34,   9, -37,-864,-534;
 -11,-213,-131,  22,  34,   7, -37,-870,-531;
  -8,-213,-131,  28,  35,   8, -35,-867,-542;
 -12,-211,-136,  35,  36,   7, -39,-863,-533;
  -9,-212,-135,  42,  34,   6, -40,-863,-532;
  -4,-212,-134,  46,  33,   4, -45,-864,-535;
  -8,-208,-131,  49,  30,   0, -34,-859,-536;
 -11,-210,-129,  51,  28,  -1, -49,-864,-527;
 -11,-207,-129,  52,  27,  -2, -46,-863,-528;
 -10,-210,-132,  50,  24,  -5, -47,-864,-525;
 -13,-212,-134,  46,  20,  -4, -51,-858,-526;
 -12,-209,-126,  44,  18,  -6, -57,-861,-527;
 -13,-210,-132,  43,  16,  -6, -51,-864,-523;
 -16,-209,-129,  42,  15,  -9, -62,-864,-519;
 -13,-209,-126,  47,  12,  -9, -54,-858,-516;
 -16,-209,-128,  54,   9, -12, -55,-859,-515;
 -10,-212,-133,  60,   7, -12, -58,-856,-524;
 -14,-215,-131,  63,   7, -12, -58,-858,-524;
 -13,-210,-131,  64,   6, -13, -52,-857,-524;
 -15,-210,-131,  64,   5, -16, -55,-857,-527;
 -13,-208,-133,  63,   3, -19, -56,-856,-530;
 -13,-206,-135,  59,   4, -18, -46,-855,-528;
 -13,-209,-132,  55,   5, -19, -54,-852,-521;
 -13,-207,-131,  51,   6, -21, -52,-856,-529;
  -8,-210,-131,  46,   6, -20, -45,-859,-527;
  -8,-212,-133,  43,   7, -20, -43,-860,-530;
 -11,-212,-130,  43,   8, -20, -43,-859,-532;
 -10,-206,-130,  43,   8, -19, -43,-856,-536;
 -12,-209,-130,  41,   8, -19, -37,-857,-532;
  -6,-210,-131,  41,   8, -18, -25,-858,-532;
  -3,-208,-130,  41,   9, -18, -35,-861,-531;
  -9,-209,-130,  42,   9, -18, -35,-854,-527;
  -3,-209,-129,  45,  10, -18, -26,-853,-523;
  -1,-210,-134,  46,  11, -18, -31,-856,-528;
  -6,-207,-131,  47,  10, -19, -28,-853,-526;
 -10,-204,-130,  46,  10, -20, -30,-852,-530;
  -4,-210,-132,  41,   9, -19, -36,-849,-525;
 -10,-206,-131,  34,   7, -19, -44,-843,-526;
 -11,-208,-128,  24,   2, -17, -45,-852,-531;
 -10,-206,-132,  14,  -2, -17, -41,-851,-528;
  -7,-211,-128,   6,  -5, -19, -33,-851,-527;
  -4,-208,-128,   1,  -7, -21, -34,-853,-530;
  -4,-207,-131,  -1, -10, -22, -22,-855,-525;
  -5,-208,-132,  -2,  -9, -20, -25,-846,-528;
  -5,-208,-135,  -2,  -8, -19, -23,-852,-529;
  -1,-206,-131,  -1,  -9, -21, -25,-855,-530;
  -5,-209,-132,   1,  -7, -22, -22,-855,-532;
   2,-202,-132,   2,  -6, -23, -24,-850,-538;
   1,-207,-137,   4,  -4, -24, -25,-850,-539;
  -2,-206,-134,   4,  -2, -26, -27,-844,-538;
  -6,-205,-137,   2,  -1, -25, -28,-848,-546;
  -7,-207,-133,  -1,  -1, -27, -31,-843,-544;
  -7,-207,-134,  -6,  -1, -28, -24,-846,-543;
  -4,-207,-136, -12,   1, -29, -33,-841,-545;
  -7,-205,-134, -16,   1, -30, -29,-841,-550;
  -7,-205,-137, -21,   3, -29, -30,-839,-552;
 -10,-205,-137, -25,   3, -32, -37,-840,-553;
  -7,-207,-134, -28,   2, -32, -34,-844,-546;
  -6,-207,-138, -31,   2, -31, -33,-844,-546;
  -9,-203,-131, -31,   2, -32, -34,-835,-550;
  -8,-204,-136, -31,   3, -32, -32,-840,-541;
  -8,-202,-133, -33,   2, -34, -33,-835,-539;
  -4,-202,-136, -32,   2, -34, -31,-834,-543;
 -11,-200,-136, -31,   1, -34, -29,-824,-545;
  -8,-199,-138, -30,  -1, -36, -30,-825,-554;
  -8,-199,-137, -31,  -4, -38, -31,-824,-548;
  -6,-198,-138, -35,  -8, -38, -34,-820,-556;
  -8,-199,-140, -40, -10, -40, -26,-816,-561;
  -7,-197,-141, -46, -14, -42, -26,-810,-565;
  -5,-197,-143, -52, -18, -43, -27,-810,-568;
  -5,-196,-143, -59, -21, -44, -22,-807,-566;
  -3,-194,-141, -65, -23, -45, -28,-798,-571;
   0,-193,-142, -72, -27, -46, -22,-799,-578;
  -3,-194,-141, -78, -29, -48, -25,-794,-573;
  -5,-191,-144, -84, -29, -48, -23,-796,-586;
  -5,-192,-142, -90, -30, -50, -19,-795,-579;
  -2,-193,-142, -95, -31, -51, -22,-796,-578;
  -2,-196,-147, -98, -30, -53, -26,-790,-576;
  -2,-193,-143, -99, -30, -56, -23,-789,-579;
  -7,-192,-140,-101, -29, -58, -30,-782,-579;
  -9,-189,-141,-101, -26, -62, -29,-781,-574;
  -8,-187,-142,-100, -26, -63, -33,-775,-575;
  -4,-192,-143,-102, -25, -66, -30,-777,-576;
  -6,-189,-140,-104, -24, -68, -37,-765,-573;
  -8,-187,-142,-107, -21, -67, -38,-763,-568;
  -9,-184,-138,-112, -20, -69, -39,-756,-569;
  -9,-182,-138,-116, -20, -69, -45,-753,-564;
 -12,-182,-139,-120, -19, -68, -41,-747,-567;
  -8,-181,-135,-124, -19, -66, -43,-746,-563;
  -9,-180,-135,-127, -22, -61, -43,-738,-554;
  -7,-179,-136,-127, -24, -59, -45,-737,-556;
 -12,-189,-134,-128, -28, -54, -42,-729,-553;
 -11,-174,-135,-128, -36, -52, -46,-722,-550;
  -9,-176,-132,-126, -44, -51, -43,-721,-559;
  -6,-173,-136,-126, -54, -53, -41,-710,-556;
  -5,-173,-140,-128, -65, -53, -41,-709,-560;
  -7,-173,-137,-133, -75, -56, -37,-706,-558;
  -8,-173,-139,-142, -83, -61, -40,-710,-561;
  -6,-173,-140,-155, -90, -67, -30,-707,-562;
  -7,-173,-140,-172, -95, -74, -36,-708,-568;
 -10,-170,-140,-190, -96, -80, -36,-710,-568;
 -19,-190,-143,-208, -93, -86, -40,-718,-568;
 -10,-178,-138,-224, -90, -92, -45,-720,-571;
  -8,-180,-138,-239, -88, -98, -44,-723,-573;
 -10,-178,-140,-252, -84,-100, -49,-732,-570;
 -12,-180,-142,-259, -80,-104, -51,-732,-567;
 -12,-181,-142,-262, -78,-104, -55,-728,-564;
 -12,-180,-135,-265, -77,-101, -51,-731,-560;
  -8,-179,-138,-263, -79,-102, -50,-735,-555;
 -10,-181,-138,-262, -78,-101, -52,-733,-551;
 -13,-177,-138,-261, -78, -98, -47,-729,-543;
 -11,-177,-132,-260, -78, -96, -38,-726,-540;
  -8,-177,-136,-256, -80, -96, -45,-727,-537;
  -8,-175,-132,-256, -82, -98, -37,-721,-548;
  -7,-171,-137,-256, -79, -97, -39,-720,-539;
  -2,-176,-136,-255, -75, -95, -30,-722,-550;
  -7,-176,-138,-256, -73, -97, -26,-717,-554;
  -7,-177,-135,-257, -74, -99, -25,-715,-562;
  -7,-171,-139,-261, -76,-101, -24,-720,-558;
  -3,-174,-140,-266, -76,-101, -23,-716,-567;
  -2,-174,-141,-272, -76,-102, -18,-709,-564;
  -1,-176,-142,-280, -74, -99, -16,-721,-570;
  -1,-173,-142,-288, -74, -97, -11,-716,-574;
   0,-172,-144,-294, -70, -93,  -1,-717,-578;
   2,-178,-141,-302, -67, -91,   1,-717,-575;
   1,-178,-143,-307, -62, -91,  -1,-719,-581;
   0,-174,-141,-310, -59, -91,   4,-720,-571;
   1,-178,-145,-313, -56, -93,  -1,-725,-580;
   0,-177,-142,-313, -55, -94,  -9,-734,-587;
   0,-181,-146,-311, -54, -97, -12,-736,-582;
   0,-180,-143,-311, -56,-101, -11,-736,-586;
  -4,-181,-148,-311, -57,-107, -13,-744,-589;
   0,-183,-148,-310, -58,-112, -16,-743,-595;
  -3,-181,-147,-311, -56,-115, -25,-746,-589;
  -5,-183,-149,-316, -54,-117, -25,-750,-591;
  -7,-184,-146,-319, -55,-119, -29,-761,-591;
  -7,-185,-146,-322, -56,-120, -33,-762,-597;
  -7,-188,-150,-326, -60,-121, -26,-766,-603;
  -2,-189,-149,-328, -68,-122, -37,-776,-604;
  -6,-192,-150,-326, -74,-123, -38,-779,-602;
  -9,-191,-149,-322, -80,-121, -34,-782,-607;
 -10,-192,-148,-318, -87,-118, -44,-786,-609;
  -9,-192,-150,-310, -94,-119, -46,-795,-610;
 -12,-191,-150,-301,-102,-120, -42,-795,-609;
  -8,-193,-153,-293,-107,-117, -37,-794,-609;
  -5,-189,-150,-287,-111,-119, -34,-799,-615;
  -7,-196,-156,-283,-115,-119, -27,-796,-629;
  -3,-196,-158,-281,-118,-119, -28,-803,-626;
  -3,-195,-158,-281,-121,-115, -22,-798,-633;
  -3,-195,-157,-280,-123,-111, -18,-805,-637;
  -1,-199,-157,-281,-121,-110, -12,-810,-640;
  -1,-197,-160,-282,-119,-106,  -8,-812,-645;
  -1,-199,-163,-286,-112,-101,   1,-822,-655;
   4,-201,-164,-288,-104, -96,   4,-822,-653;
   1,-201,-164,-288, -96, -90,   4,-830,-657;
   0,-204,-161,-286, -88, -88,  -2,-833,-655;
   1,-208,-162,-280, -79, -86,   0,-842,-655;
   1,-205,-164,-267, -73, -82,   0,-842,-653;
  -2,-207,-163,-251, -67, -84,  -7,-844,-651;
  -1,-204,-162,-235, -65, -87,  -5,-844,-645;
   0,-204,-160,-215, -60, -90,   0,-840,-649;
   2,-199,-163,-197, -54, -94,   3,-829,-645;
  -1,-200,-161,-175, -43, -97,  -2,-835,-637;
   0,-202,-157,-156, -31, -98,  -1,-821,-643;
   0,-198,-158,-137, -22, -98,  -4,-810,-637;
  -2,-197,-159,-120, -15,-102,  -4,-804,-633;
   0,-196,-160,-104, -11,-106, -12,-800,-632;
   1,-194,-159, -87,  -8,-110,  -8,-795,-634;
   0,-192,-158, -72, -10,-112,  -7,-786,-636;
   1,-194,-155, -60, -11,-115, -11,-786,-638;
  -2,-187,-159, -53, -16,-119,  -4,-778,-631;
  -4,-187,-158, -50, -21,-124,  -9,-773,-637;
  -3,-186,-159, -51, -27,-128, -14,-765,-638;
   0,-186,-156, -54, -31,-134, -16,-762,-645;
  -5,-185,-159, -60, -36,-137, -16,-760,-643;
  -2,-187,-159, -68, -39,-138, -17,-756,-646;
   0,-186,-161, -78, -39,-136, -25,-758,-643;
  -7,-186,-158, -89, -40,-136, -26,-755,-650;
  -5,-183,-160,-100, -42,-132, -23,-754,-641;
  -8,-185,-160,-109, -41,-130, -24,-755,-635;
  -3,-185,-159,-114, -39,-126, -32,-749,-637;
  -3,-182,-158,-116, -38,-122, -27,-757,-628;
  -4,-182,-161,-115, -37,-115, -25,-750,-632;
  -9,-185,-159,-113, -34,-109, -27,-751,-627;
  -8,-185,-156,-109, -31,-104, -37,-748,-623;
  -5,-183,-152,-103, -30,-100, -28,-754,-616;
  -5,-185,-156, -93, -32, -98, -29,-743,-627;
  -9,-181,-156, -82, -31, -99, -25,-740,-622;
  -3,-181,-157, -72, -30,-100, -26,-741,-628;
  -5,-180,-156, -65, -28,-103, -26,-733,-631;
   0,-181,-155, -60, -24,-103, -20,-737,-633;
   0,-177,-157, -57, -20,-106, -16,-735,-639;
  -1,-179,-158, -53, -13,-107, -17,-727,-641;
  -4,-179,-160, -52,  -7,-108, -21,-729,-640;
  -2,-180,-158, -50,   0,-108, -20,-725,-643;
  -4,-176,-159, -50,   5,-108, -18,-720,-643;
  -1,-176,-161, -52,   8,-109, -16,-719,-644;
  -6,-171,-161, -54,  11,-109, -14,-718,-646;
  -4,-176,-159, -57,  12,-109, -11,-719,-644;
   0,-175,-164, -59,  14,-106, -10,-719,-654;
  -2,-175,-161, -63,  15,-101,  -8,-714,-649;
  -1,-175,-165, -68,  15, -97, -11,-722,-653;
   0,-176,-166, -73,  14, -92, -10,-718,-656;
   0,-178,-161, -77,  14, -89, -16,-723,-650;
  -3,-177,-163, -78,  12, -86, -17,-723,-645;
  -2,-178,-164, -74,  10, -86, -19,-724,-645;
  -6,-178,-160, -66,   7, -87, -19,-727,-648;
  -2,-181,-164, -55,   5, -91, -20,-729,-650;
  -1,-182,-156, -41,   2, -95, -21,-731,-653;
  -4,-180,-163, -26,   0,-102, -22,-730,-652;
  -4,-178,-167, -10,   0,-109, -26,-725,-652;
  -8,-179,-164,   3,  -2,-119, -24,-724,-652;
  -9,-177,-168,  15,  -4,-125, -30,-722,-660;
  -5,-179,-170,  26,  -8,-134, -33,-722,-663;
 -11,-177,-166,  35, -15,-140, -30,-726,-671;
  -8,-178,-166,  40, -22,-146, -36,-731,-681;
  -4,-182,-171,  42, -26,-149, -28,-730,-673;
  -3,-177,-170,  41, -29,-151, -27,-740,-691;
  -7,-182,-174,  39, -33,-153, -25,-742,-692;
  -7,-182,-174,  33, -37,-151, -23,-749,-699;
  -2,-190,-179,  25, -39,-144, -22,-753,-709;
  -2,-188,-178,  19, -41,-135, -12,-762,-704;
  -3,-189,-177,  14, -41,-125,  -9,-775,-700;
   3,-189,-172,  14, -40,-113,  -2,-777,-701;
   0,-191,-172,  17, -40, -99,   0,-774,-703;
   6,-190,-174,  25, -38, -87,  10,-777,-704;
   7,-193,-172,  38, -32, -71,  15,-784,-702;
   3,-190,-177,  55, -20, -59,  23,-782,-700;
   4,-193,-173,  71,  -8, -47,  18,-791,-698;
   3,-193,-175,  88,  -1, -37,  17,-794,-695;
   4,-193,-174, 105,   9, -28,  22,-795,-697;
   8,-195,-174, 120,  19, -25,  19,-799,-692;
   4,-189,-170, 136,  33, -28,  12,-794,-693;
   0,-190,-170, 150,  43, -30,  -2,-785,-696;
   2,-192,-171, 162,  45, -31,  -3,-785,-697;
   0,-192,-173, 170,  45, -34,  -9,-779,-704;
   0,-187,-178, 174,  44, -38, -13,-767,-710;
  -1,-185,-173, 175,  45, -38,  -2,-752,-702;
   0,-185,-179, 175,  49, -40,   4,-752,-714;
   0,-183,-179, 172,  56, -39, -11,-749,-709;
   0,-181,-181, 166,  65, -35, -13,-745,-716;
   0,-180,-175, 154,  71, -24,  -6,-742,-712;
   1,-180,-174, 136,  79, -17,  -6,-749,-706;
   0,-181,-172, 114,  87, -11,  -5,-747,-695;
   0,-181,-172,  89,  99,  -9, -11,-747,-695;
  -1,-186,-165,  70, 108,  -9, -17,-752,-691;
   0,-188,-168,  54, 108,  -3, -12,-756,-678;
  -2,-185,-167,  44, 110,  -2,  -9,-759,-676;
   1,-189,-170,  38, 116,  -3,  -5,-764,-679;
   4,-190,-157,  39, 128,  -3,  11,-772,-654;
   5,-190,-165,  48, 149, -12,   8,-774,-655;
   7,-191,-164,  58, 177, -19,  14,-778,-655;
   0,-192,-166,  66, 209, -15,  -1,-787,-665;
  -1,-193,-169,  70, 208, -12, -19,-782,-665;
  -4,-194,-170,  76, 181, -12, -14,-782,-680;
   0,-192,-171,  85, 146, -14,  -3,-784,-688;
   1,-192,-167,  96, 115, -17,  18,-789,-687;
   7,-194,-169, 108, 101, -17,  23,-792,-689;
  12,-191,-167, 119, 103, -19,  31,-792,-680;
   5,-195,-168, 124, 109, -20,  20,-796,-680;
   5,-193,-170, 128, 111, -16,  18,-796,-675;
   6,-193,-172, 133, 107, -14,  18,-793,-673;
   3,-195,-164, 141,  97, -12,  18,-792,-669;
   0,-193,-162, 148,  79, -12,   3,-785,-670;
  -1,-192,-167, 160,  56,  -8,  -2,-783,-667;
  -2,-192,-167, 173,  34,  -5,  -6,-780,-662;
  -1,-191,-166, 184,  11,  -2, -10,-785,-664;
   0,-191,-169, 193, -12,  -4, -16,-779,-666;
  -7,-192,-166, 200, -31,  -7, -17,-781,-676;
  -8,-191,-165, 208, -43, -15, -36,-775,-668;
  -8,-192,-164, 214, -53, -14, -32,-778,-668;
  -9,-191,-164, 223, -64, -12, -45,-784,-668;
  -4,-194,-162, 230, -74, -12, -38,-789,-666;
  -6,-194,-167, 236, -76, -17, -20,-793,-659;
  -7,-195,-164, 243, -70, -28, -23,-799,-645;
  -8,-195,-167, 249, -64, -31, -30,-801,-664;
 -14,-195,-168, 251, -64, -25, -48,-798,-661;
  -8,-194,-158, 246, -70, -11, -35,-804,-661;
  -3,-196,-161, 243, -86,   2, -14,-806,-660;
   0,-193,-170, 240,-104,   5,   3,-796,-656;
   0,-192,-169, 238, -98,   3,   8,-790,-671;
   1,-192,-170, 233, -81,   8,   8,-779,-674;
  10,-190,-163, 228, -71,  19,  34,-779,-672;
   7,-190,-175, 223, -67,  20,  30,-776,-674;
   8,-190,-173, 219, -58,  19,  33,-771,-671;
  16,-190,-170, 216, -40,  16,  60,-773,-678;
  25,-186,-163, 210, -10,   7,  80,-763,-676;
  23,-190,-165, 203,  31,  -5,  84,-761,-665;
  25,-187,-167, 195,  97,  -6,  88,-758,-669;
  -3,-190,-175, 190, 144,  -3,  -1,-780,-691;
  -4,-187,-177, 184, 119,   7,  -9,-775,-702;
   9,-191,-170, 177,  63,   8,  14,-780,-702;
  11,-189,-176, 168,  20,   3,  40,-768,-702;
  13,-187,-177, 152,  14,  -8,  45,-774,-696;
  14,-191,-171, 133,  31, -13,  52,-778,-694;
   3,-191,-168, 116,  53, -21,  28,-783,-690;
   6,-194,-166, 106,  60, -21,   7,-796,-686;
   2,-198,-170, 103,  59, -12,  13,-805,-686;
   1,-197,-168, 105,  56,  -4,  16,-812,-672;
   1,-196,-167, 115,  55,  -6,   9,-812,-667;
   0,-201,-168, 128,  49,  -7, -11,-816,-686;
  -1,-200,-169, 143,  34,  -2,  -2,-816,-681;
  -2,-201,-170, 155,  15,   2, -15,-815,-680;
  -1,-200,-169, 163,   0,   5,  -7,-816,-680;
   1,-199,-167, 169, -11,   8,  -6,-807,-690;
  -2,-199,-169, 174, -20,  11, -17,-810,-687;
  -1,-200,-170, 175, -29,  26,  -7,-810,-675;
   0,-196,-169, 176, -30,  31,   1,-813,-671;
   1,-198,-166, 172, -26,  34,   7,-811,-670;
   0,-199,-168, 171, -22,  33,  -5,-812,-670;
   0,-196,-165, 170, -19,  42,  -2,-815,-669;
   1,-198,-166, 169, -13,  50,   7,-812,-671;
   5,-198,-164, 173,  -6,  51,  13,-811,-668;
   4,-193,-165, 181,  10,  51,  15,-802,-661;
   3,-196,-162, 188,  29,  54,   5,-799,-657;
   1,-193,-164, 190,  40,  57,   9,-795,-659;
   3,-195,-162, 188,  49,  59,   9,-795,-643;
  10,-196,-161, 187,  61,  55,  31,-792,-641;
   2,-192,-160, 189,  73,  38,   8,-787,-641;
   0,-191,-161, 187,  82,  35, -10,-782,-644;
   7,-190,-157, 183,  86,  42,   7,-776,-641;
   2,-187,-156, 178,  82,  40,   9,-771,-637;
   3,-187,-155, 173,  88,  27,  10,-769,-632;
  -6,-186,-155, 168,  92,  18, -20,-762,-642;
  -1,-188,-157, 157,  82,  22, -18,-765,-631;
   0,-185,-157, 141,  69,  24,  -1,-762,-634;
   3,-188,-155, 124,  60,  13,  16,-755,-627;
  -5,-187,-159, 114,  63,   4, -22,-751,-630;
  -4,-185,-150, 104,  62,  10, -29,-762,-626;
   0,-187,-156,  99,  49,  21,  -3,-777,-615;
   0,-190,-159,  96,  37,  18, -16,-770,-627;
   2,-190,-152, 100,  36,  25,  -6,-770,-618;
  18,-191,-147, 111,  45,  27,  53,-778,-601;
  48,-190,-131, 137,  82, -10, 182,-771,-572;
 -26,-191,-159, 179, 121, -56, -87,-787,-616;
 -25,-195,-184, 201, 130,  -2, -64,-812,-618;
 -19,-193,-146, 212, 101,  37, -86,-799,-634;
   1,-192,-132, 209,  45,  62,  -8,-805,-645;
   6,-195,-145, 196, -15,  60,   5,-800,-652;
   5,-194,-178, 174, -36,  63,  25,-801,-646;
   0,-197,-186, 154,  -9,  59,  24,-802,-639;
  13,-195,-146, 144,  22,  46,  24,-805,-643;
  21,-196,-143, 138,  35,  46,  48,-804,-639;
  18,-200,-159, 141,  54,  38,  59,-812,-641;
  16,-202,-179, 142, 113,  33,  57,-816,-634;
   5,-202,-171, 128, 209,  44,  35,-825,-629;
  19,-205,-122, 142, 256,  31,  37,-887,-636;
 -50,-199,-154, 199, 185,  15,-186,-841,-674;
 -31,-197,-183, 261,  95,  33, -97,-834,-665;
   1,-207,-177, 298,  11,  49,   9,-831,-660;
   6,-203,-161, 303, -21,  34,  23,-811,-655;
   6,-193,-153, 283, -30,  25,   8,-807,-658;
  -1,-192,-173, 261, -28,  32,  15,-808,-652;
  -1,-201,-181, 241, -11,  34,  10,-819,-647;
   2,-203,-164, 225,  16,  34,  -5,-814,-644;
   5,-200,-144, 213,  17,  40,  -4,-817,-639;
   6,-204,-157, 208,   9,  44,   8,-833,-623;
  -3,-202,-168, 211,  16,  35,  10,-823,-625;
   1,-203,-157, 218,  39,  34,   7,-826,-620;
   3,-205,-145, 222,  44,  39,   9,-825,-614;
   5,-198,-141, 228,  27,  45,  -3,-823,-619;
   3,-203,-161, 233,  13,  56,  23,-824,-617;
   8,-205,-166, 238,  13,  59,  49,-833,-620;
   7,-200,-156, 236,  26,  41,  21,-817,-632;
  11,-198,-146, 225,  36,  38,  27,-817,-639;
  18,-202,-149, 206,  41,  41,  42,-822,-631;
   2,-203,-172, 192,  55,  35,  24,-824,-638;
   3,-205,-161, 177,  75,  36,   5,-832,-639;
  13,-205,-148, 168,  70,  42,  31,-841,-635;
   8,-207,-149, 163,  57,  34,  19,-840,-633;
  12,-207,-160, 164,  55,  25,  35,-841,-633;
   2,-205,-165, 168,  65,  16,  24,-847,-640;
   2,-207,-157, 164,  79,  13,  12,-846,-639;
  16,-201,-152, 157,  79,  19,  37,-845,-634;
   2,-204,-152, 147,  89,  19,  17,-837,-635;
   0,-208,-170, 138, 107,  34,   1,-840,-632;
   4,-204,-164, 130, 108,  39,  15,-837,-641;
  18,-201,-159, 115, 108,  46,  47,-832,-643;
  -4,-205,-156,  82, 151,  61,  12,-827,-630;
 -11,-206,-156,  58, 134,  56, -38,-838,-649;
  -1,-203,-166,  94,  47,  30,  -4,-839,-651;
   3,-203,-159, 133,   2,   9,   6,-838,-645;
   4,-206,-162, 155, -12,  -1,   5,-836,-643;
   1,-204,-160, 167, -15,  -7,   7,-836,-644;
   1,-199,-163, 171, -18, -11,  -1,-829,-651;
   1,-202,-161, 166, -20, -15,  -1,-830,-640;
   1,-203,-162, 158, -19, -19,  -8,-833,-642;
   0,-205,-156, 152, -14, -22,  -7,-830,-644;
   1,-206,-160, 152,  -9, -25,  -4,-837,-638;
   0,-203,-161, 152,  -4, -31,  -1,-832,-644;
   1,-205,-159, 155,   7, -34,  -2,-838,-639;
   2,-207,-160, 158,  17, -37,  -2,-834,-632;
   1,-206,-157, 161,  19, -37,  -2,-834,-631;
   0,-204,-161, 163,  19, -40,  -3,-834,-629;
   1,-206,-159, 162,  20, -41,  -1,-833,-628;
   0,-204,-156, 162,  23, -44,   2,-836,-635;
   0,-203,-157, 156,  25, -43,  -1,-827,-637;
  -3,-202,-165, 150,  26, -46,  -3,-835,-640;
   4,-199,-152, 144,  28, -48,  -2,-826,-638;
  -3,-204,-160, 142,  31, -50,  -1,-824,-630;
  -2,-203,-157, 144,  28, -50,  -7,-834,-636;
   0,-202,-156, 145,  20, -49,  -7,-828,-630;
   1,-203,-158, 149,  12, -51,  -2,-830,-636;
   2,-201,-159, 156,   6, -52,  -2,-822,-630;
  -2,-199,-158, 161,   2, -53,  -4,-820,-631;
   0,-201,-157, 164,  -3, -54,  -1,-814,-635;
   0,-196,-153, 164,  -7, -54,   1,-811,-626;
   0,-195,-153, 161,  -9, -55,   5,-809,-619;
   3,-198,-155, 159,  -9, -54,   5,-808,-613;
   3,-198,-154, 155, -11, -54,  -1,-806,-615;
   3,-198,-153, 150, -11, -52,   3,-809,-611;
   3,-195,-152, 145, -13, -52,   7,-811,-606;
   1,-195,-150, 136, -14, -52,   4,-811,-610;
   0,-198,-152, 127, -13, -53,   7,-807,-606;
   1,-194,-153, 119, -13, -53,   7,-808,-606;
   2,-195,-153, 111, -14, -54,   6,-806,-609;
   1,-194,-150, 104, -11, -52,  11,-802,-610;
   3,-196,-150,  96, -11, -52,   7,-810,-602;
   3,-197,-151,  91, -11, -51,  10,-809,-602;
   4,-195,-152,  89, -12, -50,  11,-808,-595;
   2,-197,-145,  89, -15, -52,  15,-817,-606;
   4,-198,-150,  89, -17, -54,  18,-813,-604;
   4,-198,-148,  91, -18, -55,  14,-815,-606;
   2,-199,-148,  90, -18, -56,  15,-818,-604;
   3,-201,-151,  91, -13, -54,  15,-818,-595;
   1,-204,-150, 100,  -6, -56,   7,-820,-596;
   4,-204,-146, 106,  -1, -55,  13,-826,-595;
   0,-201,-146, 111,   3, -55,  -2,-826,-595;
   3,-198,-149, 112,   2, -48,  -2,-823,-596;
   0,-197,-147, 105,  -4, -44,   5,-821,-599;
   1,-200,-148, 100, -10, -43,   3,-823,-597;
   3,-201,-150,  95, -13, -38,  11,-822,-594;
   2,-197,-149,  91, -16, -38,   9,-825,-591;
   5,-200,-150,  87, -19, -41,  16,-823,-598;
   3,-201,-152,  83, -23, -43,  15,-820,-593;
   3,-198,-149,  80, -25, -41,  19,-822,-595;
   4,-202,-148,  77, -25, -36,  19,-820,-596;
   6,-199,-147,  77, -26, -33,  16,-821,-589;
   7,-204,-144,  77, -27, -29,  17,-828,-586;
   6,-202,-147,  81, -30, -27,  20,-821,-587;
   7,-199,-146,  83, -36, -26,  17,-823,-587;
   5,-204,-147,  83, -39, -24,  17,-836,-594;
   6,-202,-145,  80, -39, -20,  17,-832,-590;
   4,-202,-143,  83, -43, -18,  19,-825,-587;
   4,-205,-148,  82, -44, -16,  20,-832,-585;
   4,-204,-149,  82, -41, -11,  18,-834,-587;
   4,-200,-149,  83, -37, -10,  14,-833,-585;
   7,-202,-142,  85, -37, -11,  18,-832,-579;
   2,-202,-146,  87, -36,  -9,  15,-835,-583;
   3,-202,-147,  86, -34,  -4,  15,-829,-582;
   3,-201,-140,  86, -36,  -3,  17,-826,-586;
   4,-200,-146,  85, -36,  -2,  11,-824,-585;
   4,-201,-147,  84, -35,  -2,  12,-829,-587;
   2,-203,-141,  81, -34,  -2,   2,-834,-576;
   0,-202,-140,  77, -34,  -1,   8,-832,-582;
   2,-199,-142,  74, -35,  -3,   5,-823,-577;
   1,-197,-139,  71, -38,  -1,   2,-823,-583;
   3,-204,-141,  71, -38,  -4,   4,-826,-572;
   2,-204,-143,  69, -38,  -2,   5,-829,-573;
   3,-205,-140,  70, -37,  -3,   6,-825,-580;
   6,-205,-143,  72, -37,  -3,   7,-827,-584;
   1,-203,-144,  75, -34,  -2,   4,-830,-575;
   0,-202,-142,  77, -30,  -2,   5,-837,-583;
   2,-202,-142,  78, -26,   0,   1,-831,-576;
   1,-200,-142,  78, -24,   0,   2,-835,-576;
   1,-206,-141,  80, -21,   1,   4,-831,-580;
   0,-201,-145,  80, -19,   1,   0,-834,-574;
  -1,-202,-142,  84, -17,   2,   1,-828,-579;
   0,-204,-142,  85, -17,   2,  -1,-838,-575;
   0,-201,-142,  86, -17,   1,  -1,-826,-571;
   0,-202,-140,  87, -17,   0,  -1,-829,-575;
   2,-205,-141,  88, -14,   3,  -2,-831,-572;
   1,-200,-138,  88, -13,   4,  -3,-830,-572;
   1,-202,-144,  89, -13,   5,   0,-829,-574;
   1,-203,-143,  88, -10,   5,  -3,-825,-576;
   3,-201,-143,  89,  -9,   5,  -2,-824,-569;
   2,-201,-141,  90,  -7,   3,   4,-819,-571;
   1,-197,-146,  91,  -7,   0,   9,-813,-578;
   2,-200,-141,  89,  -5,   0,   6,-815,-576;
   2,-200,-143,  84,  -5,  -3,   9,-813,-574;
   1,-200,-141,  77,  -3,  -2,  -5,-817,-574;
   0,-198,-141,  73,  -1,  -3,   3,-818,-573;
   0,-204,-142,  71,   1,   0,   5,-825,-571;
   2,-203,-143,  70,   2,   0,   1,-823,-567;
   3,-199,-141,  74,   2,   1,   7,-820,-571;
   1,-201,-139,  76,   1,   2,   4,-826,-571;
   4,-201,-139,  80,  -1,   6,   5,-820,-569;
   0,-199,-140,  82,  -3,   6,   5,-822,-568;
   0,-203,-143,  83,  -5,   7,  -1,-819,-577;
   2,-201,-146,  82,  -5,   7,  -2,-827,-571;
   1,-203,-144,  77,  -5,   9,  -2,-815,-579;
   0,-198,-144,  70,   0,  10,  -3,-813,-579;
   1,-201,-143,  68,   0,   9,  -3,-820,-577;
   2,-200,-145,  65,   1,  10,  -2,-821,-577;
  -2,-198,-140,  65,   4,  12,  -4,-821,-579;
  -1,-199,-145,  64,   9,  13,  -5,-824,-577;
   0,-200,-144,  62,  12,  11,  -6,-827,-580;
   0,-197,-143,  62,  10,  12,  -3,-830,-571;
  -2,-201,-146,  61,  12,  13,  -6,-831,-575;
   0,-201,-145,  58,  14,  12,  -7,-828,-571;
   0,-200,-140,  60,  12,  10,  -5,-823,-580;
   0,-200,-138,  62,  11,  10, -10,-826,-580;
   1,-200,-145,  64,   8,  10,  -9,-819,-578;
   0,-202,-146,  66,   8,  11,  -9,-824,-586;
   1,-202,-140,  64,  10,  12, -16,-825,-584;
   0,-199,-145,  60,   9,  13,  -6,-817,-579;
  -1,-202,-141,  57,   3,  11, -14,-822,-577;
  -3,-201,-141,  55,  -2,  10, -13,-824,-580;
   1,-204,-142,  50,  -6,   9,  -8,-822,-574;
  -1,-203,-144,  48,  -9,  10, -17,-832,-575;
  -1,-204,-142,  45, -14,   9, -18,-830,-568;
   0,-204,-141,  45, -17,   9, -13,-839,-570;
  -3,-203,-141,  49, -18,   8, -12,-841,-572;
  -2,-205,-141,  53, -18,   7, -14,-841,-567;
  -3,-205,-141,  58, -18,   7, -18,-842,-573;
  -4,-202,-141,  62, -15,   8, -22,-840,-572;
  -5,-205,-142,  65, -14,   7, -21,-841,-572;
  -2,-201,-143,  68, -12,   7, -20,-841,-574;
  -2,-201,-144,  70, -10,   4, -16,-838,-580;
  -1,-204,-141,  75,  -6,   2, -22,-832,-582;
  -2,-205,-142,  78,  -5,   1, -20,-828,-588;
  -3,-200,-146,  81,  -4,   0, -13,-836,-577;
  -4,-201,-144,  81,  -1,  -1, -17,-826,-580;
  -5,-202,-146,  82,  -1,  -1, -14,-828,-581;
  -1,-205,-147,  84,   0,  -1, -17,-829,-589;
  -2,-202,-146,  84,   3,   2, -15,-830,-589;
  -6,-202,-145,  84,   7,   2, -12,-831,-583;
   0,-201,-144,  85,  10,   3, -12,-827,-585;
   0,-204,-146,  84,  13,   2, -19,-826,-588;
  -1,-202,-147,  82,  14,   2, -12,-829,-582;
  -1,-199,-144,  84,  18,   2, -11,-825,-578;
   0,-198,-140,  84,  21,   3, -15,-822,-574;
   0,-201,-144,  82,  21,   3, -17,-823,-576;
  -4,-199,-144,  80,  19,   2, -19,-816,-580;
  -3,-199,-145,  80,  19,   2, -13,-817,-577;
  -4,-198,-144,  77,  18,   4, -22,-816,-576;
  -4,-202,-141,  76,  16,   2, -15,-818,-570;
  -3,-199,-142,  73,  13,   3, -20,-817,-575;
   0,-200,-143,  70,  10,   3, -13,-819,-568;
  -3,-199,-142,  69,   8,   3, -11,-825,-574;
  -1,-201,-139,  68,   5,   7, -16,-824,-570;
  -1,-202,-141,  64,   4,   8, -11,-822,-570;
  -5,-200,-144,  60,   2,   8,  -9,-825,-574;
  -1,-203,-142,  56,   5,  12, -10,-825,-574;
  -1,-205,-145,  53,  10,  12, -12,-834,-577;
  -4,-202,-142,  51,  12,  12, -12,-839,-575;
  -1,-205,-143,  52,  16,  10, -13,-834,-573;
   0,-202,-145,  54,  19,  12, -12,-834,-578;
  -3,-203,-143,  59,  22,  11, -15,-832,-574;
  -1,-203,-139,  66,  25,  10, -18,-831,-582;
  -4,-202,-148,  71,  27,  10, -16,-834,-588;
  -1,-205,-149,  76,  26,   9, -16,-835,-586;
  -2,-202,-142,  79,  25,   9, -18,-829,-587;
  -4,-205,-145,  83,  24,   9, -14,-834,-584;
  -1,-206,-148,  85,  23,   9, -15,-829,-588;
  -2,-202,-146,  89,  19,  12, -20,-830,-587;
  -2,-202,-146,  89,  17,  12, -13,-830,-582;
  -3,-204,-146,  91,  15,  13,  -7,-822,-578;
  -2,-202,-142,  93,  15,  12, -15,-828,-583;
  -5,-202,-141,  98,  16,  12, -12,-825,-580;
  -3,-200,-143, 102,  18,  12, -14,-825,-573;
   0,-203,-146, 102,  20,  12, -17,-821,-581;
  -4,-200,-142, 101,  24,  14, -19,-820,-577;
  -6,-200,-144,  99,  29,  13, -23,-823,-579;
  -2,-198,-145,  93,  33,  12, -23,-816,-578;
  -1,-202,-144,  89,  35,  11, -21,-820,-580;
  -2,-200,-140,  85,  39,  11, -19,-825,-582;
  -1,-201,-144,  83,  42,   8, -22,-821,-580;
  -1,-203,-147,  81,  41,   5, -23,-820,-576;
   0,-203,-140,  79,  41,   3, -22,-826,-573;
  -2,-202,-137,  79,  41,   3, -21,-825,-575;
  -7,-206,-151,  79,  40,   1, -21,-826,-570;
  -4,-198,-143,  77,  37,  -2, -24,-816,-583;
  -3,-202,-144,  75,  35,  -1, -21,-822,-573;
  -4,-202,-140,  72,  34,   0, -14,-830,-578;
  -2,-201,-144,  72,  30,   2, -17,-825,-574;
  -3,-205,-144,  72,  28,   4, -17,-835,-573;
  -1,-204,-139,  74,  25,   3, -16,-833,-570;
  -4,-200,-145,  76,  21,   3, -21,-828,-574;
  -1,-206,-141,  78,  18,   2, -16,-833,-574;
  -4,-208,-144,  79,  15,   1, -21,-832,-573;
  -4,-204,-142,  78,  15,   0, -19,-831,-581;
   0,-201,-144,  77,  15,   1, -18,-827,-573;
   0,-204,-143,  78,  15,  -2, -16,-835,-581;
  -2,-201,-142,  79,  14,  -4, -14,-838,-577;
  -2,-204,-144,  80,  16,  -6, -16,-835,-583;
  -2,-203,-144,  80,  18,  -7, -18,-832,-575;
   1,-202,-141,  80,  17, -10, -15,-836,-575;
   0,-204,-143,  79,  16, -12, -15,-825,-579;
  -3,-206,-144,  79,  16, -13, -10,-830,-568;
  -4,-203,-142,  79,  15, -16, -14,-835,-573;
   0,-202,-141,  80,  15, -17, -12,-840,-567;
  -2,-203,-143,  83,  12, -18, -15,-833,-569;
  -1,-205,-140,  86,   8, -17, -18,-827,-571;
  -1,-203,-140,  89,   4, -19, -12,-831,-570;
  -3,-202,-141,  91,  -1, -18, -17,-831,-576;
  -3,-204,-138,  90,  -6, -20, -12,-833,-580;
  -2,-203,-140,  90, -10, -18, -16,-837,-577;
   0,-204,-140,  90, -14, -18, -15,-826,-571;
  -2,-205,-141,  90, -17, -18,  -9,-837,-574;
   0,-202,-140,  89, -19, -18,  -7,-832,-570;
  -1,-202,-142,  91, -19, -18,  -7,-838,-566;
   1,-204,-140,  93, -20, -18,  -4,-833,-568;
  -1,-200,-138,  96, -19, -18,  -3,-838,-571;
   5,-206,-141,  95, -18, -19,  -2,-835,-573;
   0,-203,-143,  94, -17, -19,  -3,-830,-571;
   0,-199,-141,  91, -16, -20,  -2,-825,-577;
   4,-203,-139,  87, -13, -20,  -4,-823,-572;
  -1,-199,-141,  81, -10, -21,  -3,-822,-567;
   2,-201,-142,  75,  -8, -22,  -4,-817,-565;
   0,-199,-140,  69,  -9, -23,  -3,-824,-568;
   0,-204,-140,  65,  -8, -23,  -4,-820,-569;
   1,-200,-140,  62,  -8, -25,  -6,-824,-567;
   0,-201,-142,  61,  -6, -24,  -4,-825,-570;
   0,-202,-142,  61,  -7, -25,  -3,-833,-565;
   0,-206,-142,  62,  -7, -24,  -6,-828,-567;
   0,-203,-141,  63,  -7, -26,  -4,-836,-570;
   2,-203,-143,  65,  -5, -25,  -5,-836,-570;
   1,-205,-144,  69,  -4, -24,  -1,-833,-571;
   0,-201,-141,  73,  -3, -27,   2,-837,-579;
   1,-204,-140,  76,  -1, -25,   1,-840,-574;
   0,-206,-140,  78,   0, -27,  -2,-832,-572;
   2,-203,-141,  83,   2, -26,   0,-829,-568;
   1,-203,-140,  85,   2, -26,   2,-829,-569;
  -1,-213,-141,  89,   3, -24,   2,-829,-571;
   1,-202,-138,  90,   6, -23,  -3,-825,-565;
   0,-200,-141,  92,   4, -24,  -3,-831,-570;
   0,-201,-142,  90,   4, -25,  -1,-830,-570;
  -5,-201,-136,  87,   2, -26,  -3,-832,-569;
   0,-202,-142,  82,   2, -23,  -1,-826,-568;
   0,-200,-138,  78,   3, -23,   2,-827,-562;
   3,-201,-141,  75,   1, -25,   1,-825,-565;
   2,-203,-141,  73,  -1, -23,   0,-834,-566;
   0,-204,-141,  70,  -2, -22,   2,-827,-568;
   2,-205,-137,  71,  -1, -23,   4,-828,-571;
   3,-202,-138,  74,   1, -23,  -3,-830,-563;
   0,-200,-140,  78,   3, -24,  -6,-839,-567;
   0,-204,-141,  79,   1, -25,  -9,-838,-567;
   0,-202,-140,  79,   1, -27,  -3,-830,-570;
  -1,-201,-138,  76,   2, -28,  -4,-826,-573;
   0,-201,-142,  72,   3, -30,   0,-836,-567;
   0,-207,-137,  69,   5, -31,  -2,-832,-565;
  -3,-202,-139,  68,   6, -30,  -4,-835,-563;
   0,-206,-142,  67,   7, -27,  -4,-836,-566;
   0,-202,-139,  66,   6, -26, -14,-836,-563;
  -2,-200,-139,  67,   4, -25,  -6,-838,-555;
  -3,-204,-138,  68,   0, -25,  -9,-836,-555;
  -2,-204,-137,  70,  -2, -23, -14,-831,-557;
   1,-206,-137,  73,  -5, -19, -11,-828,-552;
  -1,-203,-139,  76, -10, -17, -13,-840,-555;
   1,-205,-134,  78, -14, -17, -11,-834,-555;
   0,-204,-136,  81, -16, -17, -11,-838,-545;
   3,-207,-138,  83, -18, -16,  -9,-840,-552;
   0,-205,-137,  82, -16, -15,  -7,-837,-545;
   0,-204,-139,  85, -16, -15,  -9,-836,-551;
   2,-206,-140,  88, -14, -14,  -7,-840,-556;
   1,-209,-139,  91, -12, -15,  -5,-839,-559;
  -2,-204,-137,  93,  -9, -18, -11,-840,-563;
   0,-206,-136,  94,  -7, -21,  -9,-836,-562;
   0,-205,-139,  94,  -7, -22, -12,-831,-560;
  31,-240,-130,  83, -10, -17, -31,-849,-496;
  15,-219,-131,  90,  -8,   3,   0,-827,-519;
  -9,-183,-150,  91, -26, -21,  -9,-844,-570;
 -15,-192,-165,  95,  -7, -29, -18,-850,-560;
   8,-223,-115,  90,  20, -28, -18,-852,-558;
   7,-220,-115,  83,  12, -26, -10,-847,-557;
   1,-198,-141,  81, -10, -28,  -7,-846,-557;
  -4,-199,-156,  83,   6, -36,   9,-856,-541;
  27,-220,-134, 101,  61, -53,  65,-856,-508;
 -24,-223,-116, 147, 142, -79,-100,-882,-515;
   0,-228,-137, 183, 143, -43, -92,-1163,-614;
 -32,-194,-172, 174,  32,   7, -83,-849,-540;
 -18,-232,-164, 165,  44, -28, -28,-854,-611;
  14,-225,-128, 138,  20, -21,  -2,-866,-609;
  -8,-194,-151,  88, -22, -21, -15,-854,-609;
  -9,-202,-176,  37, -38, -21,  -7,-870,-596;
  -3,-229,-168,   8, -10, -21,  -3,-888,-590;
   5,-229,-134,  -2,  11, -22,  -4,-904,-580;
   0,-214,-132,   0,  -7, -24, -10,-916,-571;
  -9,-217,-159,  11, -29, -24,  -2,-917,-568;
  -8,-228,-165,  26, -14, -28, -12,-912,-561;
  -1,-227,-142,  41,  14, -25, -13,-917,-571;
   4,-218,-121,  44,   9, -23,  -8,-916,-575;
  -5,-218,-156,  40, -16, -19,  -6,-914,-582;
  -9,-223,-168,  34, -23, -20,  -4,-916,-575;
  -5,-220,-155,  26,  -3, -18,  -5,-919,-576;
   1,-222,-131,  17,   6, -18, -11,-918,-583;
   1,-228,-127,  10, -11, -15, -21,-925,-579;
 -11,-227,-160,   4, -23, -15, -25,-925,-573;
  -9,-229,-157,   3, -12, -17, -23,-929,-573;
   0,-229,-137,   5,   7, -17, -25,-934,-577;
   1,-230,-126,   8,   5, -16, -22,-929,-578;
  -3,-225,-135,   6,  -6, -17, -19,-924,-589;
  -8,-225,-159,   4,   2, -18, -26,-923,-587;
  -2,-225,-152,  -1,  22, -21, -27,-919,-603;
   0,-220,-141, -13,  30, -22, -25,-914,-604;
  -3,-219,-139, -29,  20, -22, -25,-914,-607;
  -9,-225,-153, -41,  15, -24, -26,-919,-597;
 -11,-223,-153, -47,  24, -26, -28,-922,-594;
  -2,-223,-142, -45,  30, -27, -33,-929,-596;
  -1,-225,-139, -44,  17, -28, -28,-920,-596;
  -7,-222,-148, -44,  -1, -27, -26,-922,-605;
  -6,-226,-161, -44,  -2, -29, -26,-928,-602;
  -1,-225,-145, -48,   6, -26, -21,-924,-610;
   2,-225,-141, -55,   5, -25, -14,-927,-609;
   1,-224,-146, -60,  -1, -23, -13,-926,-612;
  -7,-222,-159, -61,   3, -21,  -7,-927,-611;
  -2,-224,-161, -63,  23, -23,  -8,-919,-615;
   1,-224,-146, -64,  35, -22, -13,-915,-618;
   0,-221,-144, -67,  36, -23,  -8,-915,-615;
  -1,-224,-157, -74,  38, -23,  -9,-905,-616;
  -2,-218,-166, -83,  48, -25,  -8,-911,-633;
   2,-217,-150, -97,  64, -23,  -7,-903,-622;
   3,-219,-148,-119,  69, -22,  -9,-900,-625;
   2,-219,-155,-145,  66, -21,  -9,-901,-627;
   0,-219,-159,-166,  72, -19,  -2,-909,-630;
   0,-222,-161,-176,  85, -16,  -2,-913,-624;
   1,-219,-146,-179,  87, -14,  -3,-915,-626;
   1,-221,-151,-182,  83, -11,  -3,-916,-630;
   1,-225,-162,-185,  71, -12,  -1,-914,-630;
  -1,-220,-164,-191,  63,  -9,   0,-911,-623;
   3,-221,-160,-201,  65,  -6,   4,-910,-631;
   2,-221,-156,-207,  69,  -2,   2,-906,-634;
   1,-219,-158,-209,  72,   1,   1,-903,-637;
   1,-217,-164,-206,  74,   5,   4,-905,-633;
   0,-221,-165,-203,  84,   8,   1,-904,-641;
   0,-218,-159,-200,  99,  10,  -3,-902,-646;
   0,-217,-158,-202, 107,  13,  -2,-895,-639;
   0,-217,-164,-210, 109,  14,   0,-897,-647;
   1,-219,-161,-222, 110,  16,  -6,-890,-640;
   0,-217,-161,-235, 111,  14,  -6,-885,-640;
   1,-219,-152,-245, 109,  14,  -6,-886,-632;
  -2,-216,-159,-249,  98,  12,  -2,-897,-635;
   0,-215,-160,-247,  88,  12,  -4,-897,-622;
   0,-219,-156,-239,  82,  16,   1,-889,-625;
   1,-219,-155,-232,  79,  15,   0,-891,-629;
   4,-218,-150,-225,  73,  20,   3,-885,-632;
   1,-217,-162,-222,  66,  21,   0,-886,-637;
   0,-215,-161,-220,  68,  24,   7,-889,-636;
   3,-216,-159,-219,  78,  28,   3,-878,-632;
   6,-216,-154,-217,  83,  33,   7,-875,-633;
   1,-215,-157,-217,  83,  40,   3,-878,-644;
   0,-214,-167,-215,  77,  45,   3,-874,-641;
   1,-217,-162,-215,  77,  52,   1,-880,-640;
   3,-218,-161,-214,  75,  53,   7,-874,-649;
  11,-209,-154,-211,  65,  61,  11,-878,-649;
   4,-214,-161,-206,  51,  64,  11,-877,-656;
   3,-214,-174,-199,  44,  65,  22,-876,-656;
   5,-215,-168,-194,  41,  61,  14,-877,-662;
   2,-211,-162,-192,  37,  57,   9,-865,-656;
   7,-211,-160,-194,  30,  62,  15,-869,-664;
   3,-213,-166,-200,  23,  55,  14,-865,-656;
   1,-211,-167,-206,  21,  55,   8,-868,-650;
   2,-212,-158,-211,  24,  60,  13,-853,-655;
   0,-210,-159,-212,  23,  59,   6,-859,-656;
   2,-217,-160,-212,  19,  52,   7,-859,-648;
   0,-208,-165,-211,  21,  47,   9,-863,-656;
   0,-206,-165,-209,  30,  42,   8,-855,-656;
   0,-207,-160,-208,  37,  36,  -3,-850,-656;
   2,-209,-161,-208,  38,  38,  12,-855,-663;
   0,-205,-163,-210,  42,  32,   7,-848,-669;
   0,-207,-167,-213,  52,  28,   0,-844,-659;
   1,-208,-167,-219,  61,  29,  -1,-842,-669;
   4,-209,-161,-225,  65,  25,  15,-856,-670;
   0,-207,-165,-231,  59,  19,  -2,-850,-671;
   1,-210,-171,-230,  61,  20,   9,-859,-664;
   0,-211,-167,-227,  67,  21,  -1,-858,-673;
   8,-212,-163,-222,  67,  27,  29,-871,-678;
   0,-210,-168,-222,  60,  13,   3,-875,-665;
   0,-214,-170,-220,  62,   8,   9,-871,-666;
  -1,-210,-172,-221,  67,   5, -11,-863,-679;
   3,-215,-161,-220,  72,   8,   8,-870,-677;
   4,-212,-165,-218,  68,  11,   5,-868,-672;
   0,-210,-178,-217,  68,   8,  -7,-861,-681;
   0,-210,-177,-217,  79,  11,  15,-858,-693;
   0,-206,-171,-215,  91,   4,  -5,-853,-688;
   4,-208,-168,-211,  96,   9,  16,-857,-689;
   2,-207,-174,-212,  98,  10,  11,-862,-687;
  -3,-207,-174,-215, 105,   6, -13,-841,-684;
   7,-209,-173,-217, 121,  17,  19,-848,-689;
  -1,-203,-163,-222, 130,  23,  -4,-839,-673;
   2,-206,-169,-231, 133,  21,   0,-840,-683;
   0,-203,-171,-242, 139,  14, -15,-832,-668;
   0,-204,-167,-249, 147,  22,  -5,-829,-673;
   7,-199,-165,-252, 152,  29,   7,-831,-671;
   3,-202,-160,-259, 146,  10,  17,-833,-660;
   4,-208,-161,-266, 145, -13,  -3,-834,-654;
  -5,-203,-155,-269, 138, -17, -15,-834,-643;
  -4,-202,-163,-270, 132, -12,  -4,-841,-645;
   0,-204,-171,-274, 123, -22,  -1,-834,-655;
  -3,-205,-160,-277, 121, -31, -20,-837,-654;
  -2,-202,-163,-280, 115, -26, -21,-835,-655;
   0,-202,-168,-287, 107, -25, -13,-831,-653;
   2,-205,-167,-293, 101, -40,  14,-838,-682;
  -8,-199,-158,-305,  99, -69, -33,-822,-666;
  -9,-200,-163,-315,  86, -60, -54,-812,-656;
 -11,-198,-169,-321,  72, -32, -33,-810,-664;
  -9,-200,-172,-331,  68, -14, -29,-810,-664;
   7,-201,-161,-341,  65,  -9,  25,-816,-675;
  -9,-195,-157,-353,  43, -33, -37,-800,-661;
 -16,-196,-177,-357,  24, -20, -53,-795,-671;
 -12,-194,-175,-355,  23,  11, -44,-789,-664;
  -4,-191,-164,-357,  19,  31, -27,-793,-672;
   2,-194,-157,-357,  -3,  40, -13,-787,-671;
  18,-194,-156,-357, -34,  44,  83,-793,-669;
  -6,-191,-183,-353, -74,  24,  -9,-781,-656;
  -9,-193,-184,-347, -76,  51, -11,-780,-687;
  -7,-191,-158,-338, -59,  63, -56,-787,-687;
  -4,-191,-144,-329, -53,  72, -45,-781,-672;
  -2,-192,-147,-323, -59,  67, -19,-781,-662;
  -5,-190,-180,-319, -54,  58, -12,-777,-650;
   1,-189,-164,-316, -43,  53,  -6,-782,-657;
   1,-192,-148,-309, -41,  46,  -3,-784,-656;
   7,-191,-149,-294, -53,  25,  39,-781,-671;
  -2,-188,-158,-278, -67,  28, -25,-782,-655;
  -2,-192,-175,-255, -45,  48,  -4,-778,-657;
   4,-192,-159,-228, -24,  57,  17,-782,-647;
   8,-190,-150,-199, -24,  59,  34,-777,-636;
  13,-190,-153,-166, -44,  47,  38,-777,-654;
   4,-187,-158,-132, -54,  38,   0,-765,-649;
   4,-191,-168, -95, -59,  53,  35,-775,-646;
   1,-188,-167, -52, -70,  55,  15,-763,-647;
   6,-189,-157, -16, -73,  58,  20,-765,-652;
   1,-185,-155,  22, -82,  50,  -9,-754,-647;
   2,-183,-157,  59, -88,  47,  -6,-746,-652;
   3,-182,-164,  98, -92,  43,   6,-738,-649;
  11,-182,-155, 137, -99,  40,  36,-723,-638;
   0,-175,-158, 178,-116,  36,  -8,-715,-647;
  -7,-170,-163, 216,-103,  37, -28,-708,-644;
  -6,-172,-164, 248, -90,  43, -15,-703,-635;
   6,-172,-151, 276, -84,  38,  25,-691,-633;
   0,-165,-155, 301,-110,  29,  -8,-671,-633;
   0,-162,-158, 321,-133,  37,  -8,-666,-626;
  -1,-163,-169, 334,-141,  39, -13,-656,-642;
  -4,-159,-151, 341,-133,  38, -22,-650,-640;
  -1,-160,-152, 342,-131,  39, -28,-645,-639;
  -3,-158,-158, 339,-131,  36, -22,-640,-624;
  -5,-153,-165, 336,-128,  31, -14,-637,-630;
   2,-156,-155, 336,-120,  26,   4,-631,-628;
  -4,-157,-153, 335,-123,  23, -34,-636,-630;
  -6,-151,-158, 330,-110,  27, -24,-629,-628;
 -10,-154,-162, 323,-101,  33, -26,-638,-625;
  -4,-157,-160, 315, -84,  33, -24,-641,-622;
   1,-158,-151, 308, -69,  33, -12,-645,-616;
  -1,-156,-154, 304, -77,  28, -18,-645,-624;
  -6,-159,-163, 299, -90,  30, -28,-648,-631;
  -2,-163,-161, 293, -92,  36, -22,-656,-628;
  -5,-164,-159, 290, -88,  32, -23,-666,-631;
  -5,-165,-156, 287, -87,  22, -24,-671,-632;
  -8,-165,-160, 286, -94,  17, -31,-682,-640;
  -5,-166,-162, 289, -96,  13, -31,-677,-637;
  -3,-167,-168, 297, -94,   9, -24,-687,-643;
  -5,-170,-158, 312, -94,   2, -23,-689,-649;
  -6,-168,-150, 327, -97,  -5, -28,-694,-645;
 -11,-171,-164, 341,-103, -10, -30,-700,-654;
  -7,-175,-162, 351,-103, -13, -24,-702,-653;
  -8,-171,-160, 358,-102, -16, -23,-707,-654;
  -3,-172,-156, 363,-104, -16, -22,-707,-649;
   0,-175,-157, 372,-106, -20, -12,-713,-641;
  -3,-174,-165, 385,-108, -27, -21,-710,-643;
  -2,-174,-162, 399,-102, -31, -17,-711,-637;
  -5,-175,-158, 414, -97, -36, -10,-711,-635;
   0,-173,-153, 429, -92, -40, -11,-714,-636;
  -1,-174,-154, 443, -93, -48, -13,-709,-638;
   0,-176,-161, 451, -94, -55, -14,-711,-631;
  -3,-171,-156, 454, -95, -63, -15,-706,-626;
  -1,-173,-156, 452, -95, -69, -18,-710,-634;
  -3,-173,-155, 448, -99, -74, -25,-715,-634;
  -6,-175,-153, 442,-103, -79, -22,-718,-634;
  -8,-177,-161, 438,-109, -81, -35,-727,-622;
 -10,-177,-154, 436,-105, -86, -46,-727,-626;
 -10,-178,-149, 435, -99, -89, -48,-728,-620;
 -10,-179,-151, 440, -96, -94, -43,-726,-615;
 -12,-178,-157, 453, -92, -99, -48,-719,-611;
 -10,-176,-153, 471, -89,-101, -47,-712,-610;
 -12,-171,-148, 487, -83,-101, -54,-705,-598;
 -11,-167,-146, 499, -80,-103, -56,-695,-590;
 -12,-167,-144, 507, -82,-102, -63,-692,-590;
 -17,-167,-148, 509, -80, -99, -65,-682,-586;
 -14,-166,-144, 504, -79, -96, -69,-675,-590;
 -20,-165,-142, 496, -79, -92, -72,-673,-587;
 -17,-163,-147, 483, -77, -87, -67,-673,-594;
 -13,-164,-153, 467, -76, -81, -59,-675,-601;
 -10,-166,-152, 447, -69, -71, -52,-678,-612;
 -11,-170,-151, 430, -60, -64, -41,-694,-609;
  -6,-172,-147, 411, -53, -56, -37,-705,-602;
  -6,-175,-150, 398, -50, -47, -34,-715,-611;
  -4,-176,-150, 391, -48, -38, -23,-721,-604;
   0,-179,-150, 390, -47, -32,  -1,-728,-599;
   0,-178,-145, 397, -51, -28, -10,-728,-605;
   0,-179,-153, 403, -48, -20,  -4,-728,-600;
   4,-179,-147, 409, -39, -14,   7,-725,-601;
   3,-180,-150, 416, -28, -13,  10,-720,-593;
   4,-173,-141, 424, -20, -10,  13,-707,-588;
   6,-175,-146, 430, -14, -10,  10,-704,-585;
   3,-169,-139, 429, -10, -13,  11,-695,-577;
   3,-169,-142, 425,  -6, -15,   8,-693,-572;
   1,-159,-141, 422,  -6, -14,   4,-684,-565;
   4,-166,-139, 417,  -9, -14,   7,-682,-570;
   1,-167,-143, 411, -16, -16,   3,-689,-560;
   3,-167,-142, 405, -23, -19,   0,-689,-567;
   3,-167,-141, 400, -30, -21,   3,-693,-562;
  -1,-169,-137, 392, -35, -22,  -6,-697,-568;
  -2,-173,-140, 386, -36, -25, -12,-702,-572;
   0,-173,-144, 379, -36, -26, -10,-706,-571;
  -1,-170,-139, 375, -33, -31, -10,-709,-567;
  -2,-173,-136, 374, -32, -35, -24,-703,-559;
  -4,-173,-135, 380, -25, -41, -21,-704,-557;
  -5,-174,-133, 391, -16, -44, -22,-703,-545;
  -5,-165,-135, 405,  -9, -48, -39,-694,-541;
  -4,-167,-134, 419,  -4, -48, -35,-680,-537;
  -8,-164,-131, 429,   1, -47, -43,-670,-539;
  -1,-164,-134, 429,   1, -46, -39,-654,-533;
  -9,-157,-137, 419,   1, -44, -40,-648,-542;
 -10,-157,-131, 402,   2, -42, -44,-646,-552;
  -4,-156,-139, 378,   4, -39, -41,-647,-554;
 -11,-157,-140, 346,   6, -35, -39,-652,-560;
 -10,-161,-139, 315,  12, -34, -38,-658,-569;
  -8,-161,-139, 283,  18, -31, -39,-669,-563;
  -3,-165,-142, 255,  24, -28, -37,-674,-564;
  -5,-166,-138, 230,  30, -22, -26,-687,-564;
  -3,-169,-140, 206,  38, -19, -28,-697,-562;
  -2,-174,-140, 185,  43, -17, -24,-711,-565;
   1,-177,-138, 168,  50, -11, -17,-719,-571;
  -2,-181,-142, 154,  56,  -3, -17,-731,-574;
   0,-182,-146, 143,  60,   4, -12,-743,-578;
  -2,-186,-144, 136,  64,   5, -17,-754,-588;
  -3,-188,-146, 131,  72,   9, -23,-765,-590;
  -2,-187,-149, 125,  81,  11, -21,-780,-592;
  -7,-188,-149, 123,  87,  14, -13,-782,-601;
  -5,-191,-155, 123,  91,  16, -20,-789,-598;
  -4,-195,-152, 122,  92,  18, -18,-797,-600;
  -6,-195,-151, 118,  88,  20, -22,-805,-604;
  -4,-199,-150, 117,  83,  19, -27,-807,-599;
  -8,-200,-154, 119,  75,  15, -31,-816,-601;
 -10,-200,-150, 120,  66,  18, -36,-818,-595;
 -10,-199,-145, 126,  64,  16, -43,-822,-597;
  -9,-199,-146, 132,  62,  13, -36,-818,-596;
  -8,-203,-147, 138,  57,  11, -39,-816,-587;
  -8,-199,-145, 146,  55,  13, -37,-821,-588;
  -8,-202,-149, 152,  54,  13, -35,-819,-591;
  -7,-198,-140, 157,  53,  13, -29,-817,-587;
  -7,-197,-142, 161,  51,  13, -33,-814,-575;
  -7,-197,-147, 161,  45,  14, -34,-807,-575;
  -8,-198,-145, 160,  43,  13, -38,-811,-580;
  -8,-195,-141, 156,  40,  11, -34,-811,-576;
  -9,-194,-142, 151,  34,   8, -43,-806,-572;
 -11,-196,-144, 145,  30,   6, -44,-806,-574;
 -10,-197,-146, 136,  26,   6, -52,-803,-570;
 -11,-196,-141, 129,  24,   4, -48,-809,-570;
  -9,-195,-143, 120,  23,   4, -51,-808,-574;
 -10,-195,-144, 113,  21,   3, -53,-810,-573;
 -11,-196,-144, 105,  19,   5, -48,-807,-570;
 -13,-195,-146,  99,  19,   4, -48,-809,-575;
 -11,-196,-142,  92,  19,   1, -47,-813,-576;
 -11,-199,-142,  88,  18,   1, -48,-815,-580;
 -10,-197,-145,  83,  18,   2, -45,-811,-578;
 -10,-199,-142,  80,  17,   1, -48,-816,-579;
  -7,-199,-143,  76,  19,   3, -47,-818,-583;
 -10,-199,-137,  70,  21,   4, -43,-816,-580;
  -7,-198,-142,  66,  21,   6, -41,-815,-587;
  -7,-198,-143,  66,  22,   7, -38,-814,-588;
  -8,-200,-143,  62,  25,   8, -32,-814,-583;
  -6,-200,-143,  59,  28,  11, -27,-810,-589;
  -4,-198,-142,  56,  31,  14, -28,-817,-594;
  -2,-202,-145,  53,  32,  16, -24,-819,-586;
  -7,-200,-147,  54,  39,  19, -23,-824,-587;
  -2,-201,-142,  55,  43,  21, -26,-825,-584;
  -2,-201,-144,  59,  48,  25, -20,-827,-587;
  -2,-201,-142,  63,  54,  27, -20,-825,-583;
  -3,-200,-144,  69,  60,  30, -20,-821,-583;
  -2,-202,-144,  73,  67,  34, -19,-820,-574;
  -4,-200,-148,  78,  73,  34, -25,-819,-580;
  -5,-197,-144,  81,  79,  35, -21,-817,-572;
  -7,-200,-142,  81,  82,  35, -24,-819,-574;
  -7,-199,-139,  78,  84,  35, -29,-816,-572;
  -9,-198,-144,  76,  85,  37, -28,-818,-578;
  -6,-200,-141,  75,  87,  38, -35,-817,-569;
  -4,-200,-141,  74,  83,  37, -34,-815,-569;
  -9,-199,-140,  75,  83,  38, -30,-818,-571;
  -9,-195,-141,  75,  82,  40, -32,-814,-566;
  -5,-199,-136,  76,  81,  39, -30,-813,-571;
  -5,-197,-141,  74,  79,  41, -44,-812,-565;
  -9,-196,-141,  71,  76,  40, -38,-811,-566;
  -9,-196,-134,  69,  73,  42, -42,-812,-564;
 -12,-196,-140,  66,  70,  41, -49,-806,-569;
 -11,-197,-143,  63,  69,  41, -48,-808,-564;
 -13,-196,-142,  58,  68,  41, -52,-811,-571;
 -10,-200,-141,  52,  68,  41, -52,-816,-567;
 -11,-200,-138,  45,  69,  40, -50,-822,-570;
 -10,-200,-141,  40,  71,  43, -50,-829,-568;
 -12,-204,-139,  35,  73,  44, -49,-834,-568;
 -11,-205,-142,  35,  76,  46, -50,-838,-571;
 -14,-204,-143,  39,  78,  48, -50,-840,-573;
 -10,-205,-141,  46,  81,  48, -51,-840,-573;
  -9,-206,-146,  53,  85,  49, -51,-842,-576;
 -13,-204,-142,  64,  88,  52, -54,-837,-571;
 -10,-202,-139,  72,  91,  52, -46,-832,-569;
 -15,-203,-144,  79,  94,  53, -46,-839,-572;
 -11,-200,-142,  81,  97,  53, -51,-827,-569;
 -10,-200,-142,  83,  96,  54, -47,-826,-572;
 -14,-201,-139,  81,  97,  52, -48,-829,-574;
 -11,-202,-142,  81,  95,  50, -49,-829,-570;
 -12,-202,-142,  76,  94,  47, -52,-830,-571;
 -12,-200,-141,  72,  90,  44, -50,-838,-558;
 -14,-204,-139,  68,  87,  40, -50,-829,-565;
 -16,-202,-142,  66,  84,  37, -52,-841,-567;
 -11,-205,-137,  63,  80,  32, -61,-841,-565;
 -12,-207,-140,  62,  77,  29, -53,-848,-567;
 -12,-208,-136,  62,  75,  29, -59,-852,-563;
 -11,-208,-140,  65,  72,  26, -53,-851,-559;
 -12,-211,-135,  72,  69,  24, -49,-846,-558;
 -11,-207,-139,  77,  67,  21, -50,-850,-559;
 -12,-204,-141,  83,  67,  20, -45,-842,-563;
 -12,-205,-139,  88,  65,  21, -47,-843,-563;
 -12,-207,-138,  94,  65,  21, -46,-842,-566;
 -10,-207,-141,  98,  64,  21, -37,-843,-567;
 -11,-203,-139, 102,  65,  22, -38,-848,-567;
  -5,-204,-136, 106,  65,  25, -40,-839,-565;
 -10,-203,-141, 110,  67,  25, -32,-842,-571;
  -7,-205,-140, 112,  68,  27, -29,-838,-565;
  -7,-204,-139, 114,  70,  27, -30,-838,-559;
  -2,-204,-139, 116,  73,  29, -25,-835,-562;
  -6,-202,-142, 114,  77,  31, -27,-828,-561;
  -5,-203,-137, 113,  82,  30, -27,-831,-552;
  -3,-201,-135, 109,  85,  31, -22,-829,-559;
  -3,-201,-139, 106,  88,  33, -19,-834,-562;
  -4,-202,-137, 103,  91,  33, -22,-828,-555;
  -6,-201,-136,  98,  94,  32, -27,-829,-545;
  -6,-203,-140,  94,  95,  34, -20,-831,-544;
  -4,-200,-137,  93,  94,  32, -22,-828,-555;
  -3,-201,-138,  93,  92,  31, -24,-830,-549;
  -7,-202,-137,  93,  88,  31, -24,-828,-549;
  -6,-201,-134,  92,  83,  29, -31,-829,-550;
  -6,-203,-136,  90,  79,  25, -24,-828,-543;
  -5,-201,-135,  86,  77,  25, -32,-830,-545;
  -3,-203,-137,  82,  73,  22, -36,-828,-547;
  -9,-201,-140,  78,  70,  21, -36,-825,-549;
  -4,-202,-135,  73,  67,  19, -41,-830,-549;
  -7,-205,-140,  69,  63,  18, -38,-833,-562;
 -12,-204,-139,  67,  60,  17, -38,-831,-561;
  -9,-206,-135,  64,  58,  17, -40,-837,-557;
 -10,-204,-141,  61,  57,  19, -44,-840,-562;
  -9,-209,-144,  56,  57,  21, -42,-850,-567;
 -12,-207,-140,  51,  57,  22, -40,-852,-570;
  -9,-211,-137,  48,  54,  25, -36,-851,-570;
  -7,-208,-140,  48,  53,  26, -38,-858,-573;
  -6,-209,-142,  49,  53,  29, -39,-862,-571;
  -7,-212,-138,  51,  50,  31, -33,-864,-568;
 -10,-213,-139,  52,  49,  30, -39,-862,-570;
  -7,-211,-142,  56,  48,  29, -32,-864,-567;
  -9,-212,-142,  60,  48,  30, -38,-863,-566;
  -7,-210,-142,  64,  47,  31, -38,-868,-570;
  -7,-208,-137,  69,  49,  31, -45,-860,-558;
  -8,-211,-137,  73,  49,  33, -38,-862,-555;
  -7,-208,-137,  77,  48,  33, -45,-861,-556;
 -12,-208,-134,  82,  47,  33, -45,-852,-548;
  -9,-208,-139,  88,  47,  30, -49,-847,-550;
  -8,-205,-133,  93,  44,  29, -46,-843,-550;
  -8,-207,-131,  97,  43,  29, -42,-844,-541;
 -11,-204,-138,  99,  40,  25, -43,-835,-543;
  -9,-203,-139,  98,  36,  22, -40,-831,-543;
  -7,-201,-132,  94,  33,  19, -41,-834,-545;
  -6,-203,-133,  91,  31,  18, -44,-833,-541;
 -10,-202,-134,  85,  28,  17, -36,-827,-535;
  -9,-201,-132,  78,  24,  15, -39,-825,-533;
  -9,-202,-137,  72,  22,  11, -36,-825,-539;
  -8,-202,-133,  68,  18,   7, -36,-832,-539;
  -8,-200,-135,  64,  17,   6, -38,-828,-536;
  -5,-203,-134,  61,  14,   2, -35,-831,-541;
 -12,-203,-134,  56,  12,   1, -38,-829,-535;
 -10,-203,-132,  52,   9,  -1, -34,-833,-540;
  -5,-205,-135,  49,   8,  -3, -43,-838,-533;
  -5,-202,-131,  45,   8,  -4, -34,-840,-541;
  -8,-205,-133,  44,  11,  -4, -33,-846,-539;
 -10,-207,-135,  43,  12,  -4, -32,-845,-535;
  -4,-207,-136,  41,  11,  -4, -36,-850,-536;
  -5,-208,-133,  41,  14,  -3, -30,-848,-538;
  -7,-207,-135,  41,  14,  -2, -31,-851,-542;
  -4,-208,-136,  42,  14,  -1, -31,-850,-541;
  -5,-205,-131,  46,  16,   0, -24,-844,-539;
  -6,-205,-135,  48,  17,  -1, -32,-848,-537;
  -3,-207,-147,  48,  18,  -2, -26,-850,-538;
  -3,-206,-134,  47,  19,  -1, -27,-851,-544;
  -4,-205,-136,  44,  18,  -1, -21,-852,-549;
  -1,-209,-133,  43,  20,   0, -22,-845,-554;
  -7,-206,-138,  41,  21,  -3, -23,-848,-548;
  -5,-207,-140,  38,  22,  -2, -25,-850,-551;
  -6,-207,-135,  36,  21,  -3, -25,-852,-550;
  -7,-208,-134,  32,  20,  -4, -24,-851,-549;
  -1,-204,-136,  29,  19,  -5, -25,-844,-550;
  -3,-208,-134,  28,  16,  -8, -28,-852,-545;
  -5,-204,-135,  29,  16, -10, -26,-851,-546;
  -7,-207,-135,  28,  14, -12, -30,-844,-547;
  -5,-205,-135,  30,  12, -13, -23,-843,-545;
  -1,-207,-137,  29,  10, -14, -27,-851,-545;
  -4,-206,-134,  28,  10, -16, -23,-842,-553;
  -1,-207,-135,  25,   8, -18, -24,-846,-551;
  -5,-208,-136,  21,   8, -19, -29,-854,-535;
  -4,-208,-136,  19,   8, -17, -28,-852,-545;
  -4,-208,-134,  16,   7, -19, -19,-859,-544;
  -3,-212,-134,  18,   8, -17, -26,-861,-539;
  -1,-212,-134,  19,   6, -17, -25,-859,-539;
  -4,-211,-133,  22,   6, -15, -20,-860,-543;
  -3,-209,-133,  26,   6, -14, -22,-858,-542;
  -3,-208,-131,  28,   7, -14, -17,-861,-539;
   0,-212,-134,  32,   8, -12, -25,-856,-535;
  -3,-209,-135,  36,  10, -11, -23,-861,-531;
  -2,-210,-132,  41,  12, -11, -23,-859,-540;
  -3,-210,-129,  45,  14, -10, -22,-861,-530;
  -3,-210,-139,  50,  16, -11, -30,-858,-532;
  -7,-208,-134,  51,  16,  -9, -28,-857,-533;
  -6,-205,-134,  52,  19, -11, -30,-851,-533;
  -5,-208,-133,  53,  19, -11, -34,-851,-535;
  -7,-206,-130,  52,  19, -10, -32,-856,-530;
  -5,-210,-134,  51,  19, -11, -31,-852,-532;
  -6,-207,-136,  49,  18, -11, -38,-846,-533;
  -7,-207,-135,  47,  17, -13, -36,-851,-535;
  -6,-206,-131,  46,  16, -13, -37,-845,-540;
  -6,-206,-131,  45,  17, -15, -32,-845,-535;
  -3,-204,-136,  43,  18, -13, -31,-844,-538;
  -6,-206,-134,  43,  18, -14, -33,-842,-534;
  -7,-206,-135,  40,  18, -13, -29,-841,-538;
  -5,-206,-131,  36,  20, -13, -27,-851,-539;
  -7,-208,-131,  34,  19, -12, -28,-845,-542;
  -4,-204,-136,  31,  20, -15, -27,-850,-539;
  -5,-209,-132,  28,  21, -16, -28,-850,-540;
  -4,-211,-132,  27,  20, -16, -27,-854,-538;
  -3,-210,-135,  24,  20, -17, -30,-856,-535;
  -4,-210,-134,  23,  19, -17, -29,-857,-532;
  -8,-209,-136,  23,  18, -19, -27,-858,-539;
  -6,-209,-133,  23,  18, -20, -28,-866,-537;
  -3,-211,-133,  26,  17, -18, -34,-862,-536;
  -7,-211,-133,  31,  15, -20, -25,-864,-544;
  -7,-210,-134,  37,  13, -22, -26,-862,-540;
  -7,-208,-134,  41,  11, -23, -29,-859,-533;
  -2,-208,-138,  45,   8, -22, -25,-858,-535;
  -5,-208,-135,  47,   7, -24, -26,-857,-534;
  -4,-206,-131,  49,   5, -24, -21,-856,-539;
  -2,-210,-135,  52,   4, -24, -24,-858,-538;
  -2,-208,-134,  53,   5, -24, -24,-852,-549;
  -3,-209,-134,  55,   6, -22, -22,-860,-545;
  -5,-207,-137,  60,   5, -21, -23,-860,-537;
  -1,-210,-135,  62,   5, -21, -24,-857,-550;
  -2,-209,-139,  63,   5, -19, -21,-855,-547;
  -2,-208,-131,  65,   6, -19, -25,-859,-539;
  -1,-211,-140,  66,   7, -16, -16,-862,-543;
  -2,-207,-136,  64,   7, -15, -23,-857,-537;
  -1,-208,-136,  63,   7, -13, -25,-860,-541;
  -5,-211,-134,  62,   6, -12, -18,-862,-540;
  -4,-212,-132,  63,   5, -13, -20,-860,-531;
  -4,-210,-132,  65,   6, -12, -22,-860,-533;
  -2,-214,-133,  67,   8, -12, -19,-861,-534;
  -9,-208,-132,  68,   7, -10, -24,-860,-532;
  -5,-207,-134,  70,   7,  -9, -22,-860,-534;
  -2,-211,-135,  73,   7,  -8, -21,-861,-537;
  -5,-209,-136,  75,   7,  -6, -25,-860,-540;
  -3,-209,-136,  78,   7,  -5, -20,-861,-538;
  -2,-210,-131,  81,   7,  -5, -20,-857,-542;
  -5,-209,-133,  83,   6,  -4, -18,-852,-538;
  -2,-209,-135,  83,   8,  -4, -21,-854,-539;
  -9,-203,-137,  84,  11,  -2, -27,-858,-547;
  -3,-207,-132,  83,  13,  -4, -20,-850,-539;
  -5,-208,-137,  84,  15,  -2, -27,-856,-540;
  -3,-206,-137,  83,  17,  -3, -24,-853,-548;
  -2,-209,-137,  82,  19,  -3, -33,-855,-538;
  -7,-207,-136,  81,  20,  -2, -26,-855,-550;
  -4,-208,-135,  82,  21,  -2, -25,-849,-549;
  -4,-209,-134,  82,  23,  -2, -27,-848,-542;
  -2,-205,-134,  84,  24,  -2, -28,-854,-544;
  -3,-207,-133,  84,  25,  -2, -24,-850,-545;
  -3,-207,-132,  83,  25,  -4, -29,-846,-545;
  -1,-209,-133,  84,  25,  -3, -22,-849,-543;
  -6,-205,-133,  85,  25,  -3, -29,-851,-543;
  -7,-206,-136,  87,  25,  -3, -28,-844,-539;
  -7,-208,-137,  90,  25,  -5, -29,-846,-539;
  -6,-210,-134,  93,  25,  -3, -31,-846,-535;
  -3,-206,-132,  94,  25,  -2, -27,-852,-544;
  -3,-208,-133,  97,  25,  -3, -29,-843,-544;
  -2,-204,-135,  97,  26,  -3, -32,-846,-544;
  -5,-204,-140,  97,  25,  -2, -34,-845,-546;
  -5,-204,-136,  95,  25,  -1, -27,-841,-540;
  -6,-206,-131,  91,  26,  -4, -33,-838,-542;
  -3,-207,-135,  89,  27,  -2, -33,-841,-538;
  -5,-206,-135,  85,  27,  -2, -30,-843,-542;
  -6,-206,-137,  83,  28,  -3, -29,-844,-537;
  -6,-206,-133,  81,  26,  -3, -24,-843,-539;
  -9,-205,-135,  80,  23,  -5, -34,-842,-543;
  -9,-211,-134,  78,  21,  -5, -34,-849,-545;
  -1,-210,-138,  78,  20,  -6, -29,-844,-542;
  -4,-205,-137,  75,  18,  -6, -32,-841,-552;
  -9,-207,-135,  72,  17,  -6, -38,-846,-554;
  -7,-206,-132,  69,  19,  -8, -33,-845,-542;
  -2,-207,-136,  66,  19,  -8, -35,-852,-540;
  -5,-210,-136,  63,  19,  -5, -30,-847,-548;
  -7,-204,-132,  64,  20,  -4, -28,-857,-540;
  -8,-207,-133,  65,  22,  -4, -29,-857,-544;
  -5,-206,-134,  66,  23,  -3, -32,-849,-538;
  -9,-205,-135,  69,  24,  -3, -33,-859,-546;
  -9,-207,-136,  70,  25,  -3, -30,-856,-541;
  -6,-209,-135,  71,  27,  -2, -30,-848,-541;
  -5,-205,-135,  72,  27,  -2, -30,-857,-544;
  -3,-209,-132,  71,  28,  -2, -31,-856,-541;
  -4,-208,-134,  71,  28,  -2, -37,-853,-541;
  -9,-205,-134,  72,  28,  -3, -31,-852,-544;
  -4,-207,-131,  73,  30,  -3, -33,-854,-538;
  -9,-210,-135,  74,  28,  -2, -39,-851,-536;
  -8,-208,-134,  75,  28,  -3, -37,-848,-534;
  -9,-207,-131,  74,  26,  -3, -38,-847,-544;
 -10,-209,-136,  74,  26,  -3, -36,-858,-539;
  -9,-207,-132,  74,  26,  -3, -37,-855,-540;
  -9,-209,-135,  73,  26,  -5, -40,-851,-534;
 -10,-209,-132,  73,  26,  -4, -44,-851,-531;
  -7,-207,-139,  72,  25,  -3, -38,-852,-537;
 -11,-209,-133,  72,  23,  -3, -43,-853,-537;
  -9,-209,-133,  71,  23,  -3, -39,-859,-534;
  -8,-206,-132,  71,  23,  -1, -36,-851,-537;
  -9,-209,-133,  72,  22,  -2, -37,-859,-539;
 -10,-209,-134,  74,  22,   0, -37,-858,-531;
  -6,-208,-132,  78,  22,   0, -36,-854,-535;
 -10,-209,-135,  79,  22,   2, -31,-855,-542;
  -8,-205,-133,  81,  23,   3, -34,-852,-538;
  -6,-207,-135,  83,  23,   2, -32,-855,-537;
  -1,-206,-141,  82,  23,   3, -38,-850,-538;
  -7,-207,-133,  82,  25,   2, -36,-848,-536;
  -8,-206,-131,  82,  25,   3, -33,-851,-542;
  -9,-205,-136,  82,  24,   3, -35,-847,-539;
  -8,-204,-132,  82,  26,   2, -36,-844,-537;
  -6,-207,-135,  81,  25,   3, -39,-851,-534;
  -9,-205,-134,  81,  26,   2, -37,-844,-532;
 -10,-205,-132,  78,  25,   2, -39,-843,-539;
  -7,-206,-134,  75,  25,  -1, -39,-843,-542;
  -9,-204,-138,  73,  23,   0, -38,-841,-541;
  -7,-206,-134,  71,  24,  -2, -42,-841,-533;
 -11,-207,-134,  68,  23,  -1, -48,-848,-536;
 -10,-207,-134,  64,  22,  -2, -44,-845,-538;
  -9,-210,-135,  60,  21,  -3, -47,-846,-538;
  -8,-209,-135,  57,  20,  -1, -45,-854,-535;
 -12,-210,-134,  54,  19,   1, -44,-857,-537;
  -8,-209,-137,  52,  19,  -1, -41,-853,-537;
  -8,-208,-135,  52,  20,  -2, -39,-852,-539;
  -9,-205,-135,  54,  21,   1, -46,-859,-534;
  -6,-212,-134,  59,  23,   1, -37,-850,-544;
  -8,-206,-136,  64,  23,   1, -38,-855,-542;
  -5,-208,-135,  68,  23,   1, -34,-846,-535;
  -8,-209,-133,  70,  24,   2, -40,-851,-538;
  -5,-207,-133,  71,  25,   2, -34,-845,-537;
 -11,-209,-134,  70,  26,   2, -32,-844,-536;
  -9,-204,-135,  69,  27,   2, -35,-846,-535;
  -8,-204,-134,  66,  27,   2, -38,-843,-532;
  -7,-204,-131,  63,  28,   0, -39,-846,-543;
  -7,-206,-132,  60,  27,  -2, -38,-847,-536;
 -10,-206,-135,  59,  26,  -4, -42,-842,-538;
  -5,-205,-135,  58,  25,  -3, -37,-845,-532;
  -9,-204,-133,  55,  24,  -4, -37,-847,-536;
  -6,-209,-134,  54,  22,  -4, -39,-852,-540;
  -5,-209,-133,  53,  18,  -7, -35,-847,-535;
 -10,-209,-133,  52,  16,  -9, -37,-847,-530;
  -9,-208,-133,  54,  13,  -8, -41,-847,-534;
  -7,-210,-133,  53,  12,  -8, -40,-852,-535;
 -10,-204,-133,  52,  11, -10, -32,-854,-537;
  -6,-208,-130,  53,  11,  -9, -39,-851,-534;
  -8,-206,-132,  52,  12,  -7, -37,-851,-543;
  -5,-209,-131,  52,  12,  -8, -34,-857,-539;
  -8,-208,-132,  52,  11,  -6, -33,-865,-539;
  -6,-209,-132,  53,  12,  -6, -35,-860,-538;
  -7,-208,-133,  55,  14,  -7, -34,-855,-537;
  -7,-209,-125,  55,  15,  -5, -35,-856,-535;
  -8,-209,-131,  55,  15,  -5, -34,-862,-533;
  -9,-211,-134,  57,  17,  -5, -35,-863,-536;
  -6,-209,-129,  57,  19,  -4, -42,-854,-534;
  -8,-208,-136,  59,  20,  -4, -34,-856,-539;
 -11,-205,-133,  59,  19,  -5, -39,-856,-536;
  -7,-209,-134,  60,  19,  -3, -39,-855,-533;
  -6,-207,-137,  60,  19,  -3, -35,-855,-542;
  -4,-207,-134,  60,  18,  -5, -32,-851,-544;
  -3,-206,-135,  64,  16,  -4, -31,-853,-532;
  -9,-210,-139,  61,   9,   4, -36,-857,-541;
 -12,-208,-133,  61,  14,   0, -44,-855,-543;
  -6,-210,-128,  62,  17,   0, -39,-851,-538;
  -7,-209,-134,  60,  15,  -1, -40,-856,-535;
  -6,-207,-139,  60,  15,  -1, -35,-851,-537;
  -9,-206,-139,  57,  19,  -2, -37,-853,-536;
  -7,-206,-130,  55,  23,   0, -41,-853,-532;
 -10,-207,-129,  51,  21,   0, -41,-856,-538;
  -8,-207,-132,  47,  18,  -1, -40,-854,-541;
  -9,-205,-133,  46,  18,  -2, -42,-856,-532;
 -11,-208,-133,  45,  20,  -3, -34,-852,-534;
  -5,-209,-127,  44,  19,  -3, -44,-853,-540;
  -6,-207,-130,  43,  15,  -1, -39,-856,-534;
 -12,-208,-135,  43,  15,  -4, -43,-858,-529;
 -14,-205,-136,  45,  15,  -5, -39,-857,-532;
  -9,-211,-129,  48,  18,  -5, -43,-857,-532;
  -5,-209,-132,  52,  16,  -3, -44,-856,-533;
 -10,-208,-134,  54,  14,  -5, -44,-859,-530;
 -12,-209,-132,  58,  12,  -5, -42,-857,-531;
 -10,-209,-135,  60,  13,  -5, -42,-856,-541;
  -8,-208,-129,  63,  10,  -7, -41,-858,-533;
  -5,-209,-132,  65,   7,  -7, -41,-857,-533;
  -9,-204,-136,  69,   7,  -7, -43,-847,-535;
 -10,-208,-137,  69,   6,  -6, -37,-853,-531;
 -13,-208,-132,  69,   7,  -7, -39,-853,-533;
  -5,-206,-131,  68,   5,  -8, -43,-856,-532;
  -9,-208,-133,  68,   4,  -8, -40,-856,-532;
  -9,-208,-135,  68,   4,  -8, -38,-853,-541;
  -8,-210,-133,  68,   5, -10, -37,-855,-530;
  -7,-209,-131,  65,   5,  -8, -44,-855,-529;
  -7,-210,-132,  63,   5,  -7, -40,-855,-533;
  -8,-209,-134,  61,   7,  -8, -43,-856,-531;
 -10,-207,-134,  60,   8, -10, -39,-857,-530;
  -7,-210,-130,  60,  11, -10, -39,-855,-532;
  -9,-207,-129,  58,  11,  -9, -38,-856,-535;
 -10,-209,-131,  56,  10, -10, -43,-850,-538;
 -10,-207,-132,  56,   9, -11, -40,-853,-533;
  -9,-208,-136,  57,   8, -13, -39,-851,-534;
  -8,-209,-131,  57,   8, -11, -43,-855,-530;
 -10,-208,-134,  58,   6, -13, -34,-851,-533;
  -9,-209,-134,  56,   7, -14, -37,-851,-531;
  -8,-207,-134,  55,   8, -13, -36,-849,-537;
  -8,-208,-132,  56,   9, -12, -38,-853,-538;
  -9,-207,-134,  56,  10, -11, -38,-851,-538;
  -8,-206,-134,  58,   8, -12, -37,-855,-536;
 -10,-203,-135,  59,  11, -12, -36,-855,-534;
  -5,-208,-135,  59,  12, -11, -36,-855,-536;
  -6,-207,-136,  58,  12, -11, -35,-854,-533;
  -8,-206,-130,  58,  11, -12, -33,-847,-536;
  -8,-207,-135,  57,   9, -10, -29,-850,-534;
  -8,-207,-135,  56,  10, -11, -32,-850,-535;
  -9,-205,-134,  54,  11, -12, -35,-854,-535;
  -7,-204,-129,  53,  10, -13, -40,-856,-532;
  -7,-209,-132,  52,  10, -13, -35,-855,-535;
  -7,-209,-133,  51,   8, -12, -34,-852,-535;
  -3,-210,-131,  50,  10, -13, -35,-856,-529;
  -5,-208,-130,  50,  10, -14, -37,-856,-523;
  -8,-207,-128,  51,  10, -13, -37,-858,-530;
  -7,-208,-132,  52,   9, -12, -38,-854,-526;
  -6,-207,-132,  54,   9, -14, -39,-851,-531;
  -7,-207,-135,  55,  10, -12, -39,-850,-525;
  -2,-210,-134,  56,  10, -14, -39,-849,-535;
 -12,-205,-133,  57,  11, -16, -39,-848,-535;
 -10,-206,-132,  56,   9, -14, -35,-843,-530;
  -7,-208,-135,  54,   9, -12, -38,-840,-542;
 -10,-206,-132,  52,  10, -13, -33,-843,-532;
  -8,-207,-131,  51,  10, -14, -34,-857,-524;
  -6,-207,-129,  50,   8, -14, -32,-844,-531;
  -9,-207,-132,  50,   9, -14, -34,-847,-533;
  -7,-206,-130,  50,   8, -15, -35,-847,-531;
  -6,-209,-132,  51,   8, -14, -34,-847,-532;
  -6,-210,-134,  51,   6, -15, -33,-851,-534;
  -7,-208,-134,  53,   5, -15, -35,-855,-535;
  -5,-206,-135,  54,   4, -18, -30,-846,-537;
  -8,-207,-133,  53,   4, -17, -33,-851,-534;
  -7,-207,-134,  53,   3, -14, -32,-847,-541;
  -9,-205,-133,  51,   3, -14, -32,-850,-537;
  -7,-198,-136,  49,   5, -14, -34,-851,-537;
  -8,-205,-135,  47,   5, -13, -29,-844,-537;
 -10,-207,-136,  46,   8, -12, -38,-855,-535;
  -8,-208,-134,  46,  10, -12, -37,-851,-536;
  -4,-206,-132,  45,  11, -10, -42,-854,-530;
  -7,-212,-133,  44,  14, -10, -42,-854,-532;
  -6,-209,-133,  42,  16,  -6, -36,-858,-535;
  -4,-210,-134,  42,  17,  -6, -36,-861,-533;
 -10,-211,-134,  41,  18,  -6, -34,-858,-532;
  -4,-210,-133,  44,  18,  -6, -31,-854,-537;
  -8,-206,-131,  47,  19,  -6, -33,-851,-535;
  -8,-205,-136,  51,  19,  -7, -34,-851,-540;
  -7,-203,-137,  53,  19,  -6, -30,-855,-538;
  -8,-205,-135,  52,  18,  -8, -28,-853,-539;
  -8,-207,-135,  50,  16,  -8, -24,-851,-541;
  -4,-209,-135,  47,  15,  -9, -32,-843,-544;
 -10,-207,-134,  43,  14,  -8, -34,-843,-541;
  -9,-208,-135,  38,  11,  -8, -38,-845,-540;
 -10,-210,-131,  36,  11,  -9, -40,-851,-538;
  -8,-209,-131,  35,  10,  -9, -38,-847,-546;
  -8,-206,-135,  33,  10, -12, -41,-844,-536;
 -11,-203,-133,  32,   9, -13, -39,-852,-531;
  -8,-210,-132,  31,   8, -14, -38,-852,-536;
  -9,-207,-131,  30,   9, -14, -46,-851,-535;
  -9,-205,-132,  29,   8, -14, -38,-847,-533;
  -9,-209,-132,  29,   8, -16, -36,-850,-531;
  -9,-208,-134,  29,   6, -17, -39,-852,-531;
  -8,-208,-134,  30,   6, -17, -39,-853,-533;
  -8,-207,-130,  32,   5, -17, -40,-852,-537;
  -8,-208,-129,  33,   4, -17, -41,-849,-531;
 -11,-208,-132,  34,   4, -18, -34,-853,-536;
 -10,-206,-134,  36,   3, -17, -39,-840,-544;
 -11,-206,-132,  36,   4, -17, -44,-845,-539;
  -8,-207,-134,  35,   4, -16, -40,-845,-542;
  -8,-209,-140,  34,   2, -15, -41,-842,-543;
  -5,-207,-136,  33,   3, -16, -38,-847,-540;
  -4,-209,-136,  31,   4, -14, -38,-855,-539;
  -9,-207,-136,  31,   4, -14, -40,-850,-543;
  -8,-208,-130,  33,   5, -14, -36,-855,-543;
  -8,-208,-137,  32,   5, -14, -40,-855,-542;
  -8,-207,-131,  36,   4, -13, -32,-858,-541;
  -5,-210,-135,  36,   6, -14, -36,-858,-539;
  -8,-211,-132,  37,   6, -13, -26,-859,-545;
  -9,-207,-135,  35,   7, -13, -33,-855,-541;
  -8,-200,-131,  33,   8, -12, -29,-853,-533;
  -3,-208,-133,  33,   9, -11, -35,-860,-531;
  -5,-211,-130,  33,   9, -12, -35,-855,-542;
  -5,-210,-132,  32,  11, -12, -33,-858,-540;
  -5,-210,-132,  33,  12, -12, -38,-861,-534;
  -2,-209,-136,  34,  10, -12, -34,-860,-536;
  -8,-209,-132,  36,   9, -12, -31,-859,-532;
  -5,-208,-132,  38,   8, -13, -28,-855,-533;
  -7,-207,-134,  40,  10, -12, -35,-853,-540;
  -8,-209,-132,  43,   9, -12, -35,-856,-540;
  -4,-208,-134,  44,   8, -12, -29,-856,-536;
  -6,-209,-132,  45,   9, -12, -35,-851,-536;
  -7,-207,-134,  44,   8, -13, -34,-851,-540;
  -6,-207,-135,  45,   8, -13, -38,-850,-539;
  -7,-209,-132,  45,  10, -11, -33,-848,-543;
  -9,-207,-134,  45,  10, -12, -37,-851,-543;
  -7,-206,-134,  46,  10, -12, -34,-848,-541;
  -9,-204,-132,  47,  10, -12, -33,-844,-544;
  -9,-209,-138,  46,  10, -12, -37,-847,-542;
  -7,-205,-137,  44,  10, -13, -39,-843,-548;
 -11,-207,-132,  41,  10, -14, -38,-845,-539;
  -8,-205,-133,  39,   9, -15, -35,-850,-543;
 -10,-208,-135,  36,   8, -16, -43,-858,-541;
  -5,-209,-131,  36,   6, -17, -40,-853,-541;
  -7,-209,-138,  38,   5, -17, -45,-850,-546;
  -8,-208,-132,  38,   6, -17, -35,-853,-536;
 -10,-208,-132,  41,   5, -17, -38,-855,-536;
  -9,-208,-136,  43,   7, -17, -37,-858,-531;
  -9,-207,-132,  44,   8, -13, -43,-850,-537;
  -9,-208,-131,  46,   9, -14, -38,-852,-532;
  -5,-211,-133,  47,  12, -14, -36,-855,-539;
  -9,-207,-134,  46,  13, -12, -43,-857,-535;
  -8,-209,-137,  47,  12, -11, -40,-848,-533;
  -9,-205,-134,  47,  13, -12, -40,-854,-536;
  -6,-211,-132,  47,  13, -11, -43,-857,-536;
 -10,-206,-131,  44,  13, -12, -39,-852,-534;
  -6,-209,-134,  43,  12, -12, -39,-852,-533;
 -10,-207,-135,  43,  10, -13, -36,-855,-533;
 -10,-207,-137,  42,   9, -13, -39,-852,-540;
  -8,-208,-130,  43,   8, -14, -36,-856,-544;
  -7,-208,-134,  44,   7, -14, -37,-851,-538;
  -7,-210,-136,  42,   4, -14, -41,-859,-545;
  -9,-208,-135,  42,   4, -15, -38,-851,-540;
  -8,-208,-134,  41,   2, -16, -35,-854,-542;
  -5,-206,-134,  41,   3, -16, -38,-854,-545;
 -11,-210,-135,  42,   2, -17, -36,-848,-542;
  -8,-208,-131,  44,   1, -16, -39,-857,-538;
  -3,-209,-137,  45,   0, -17, -35,-855,-539;
  -8,-206,-135,  49,   1, -16, -32,-852,-546;
  -7,-209,-135,  49,   2, -18, -33,-854,-546;
  -8,-209,-139,  52,   2, -17, -31,-857,-543;
  -8,-210,-132,  52,   1, -14, -38,-859,-536;
  -9,-211,-136,  54,   2, -14, -32,-855,-543;
  -7,-207,-137,  54,   1, -15, -29,-855,-541;
 -10,-203,-133,  55,   2, -14, -38,-860,-533;
 -10,-208,-134,  55,   1, -17, -42,-857,-537;
  -7,-209,-136,  57,   1, -16, -38,-853,-539;
  -8,-205,-132,  57,   2, -18, -42,-854,-535;
  -7,-209,-130,  57,   1, -18, -44,-848,-533;
  -9,-210,-133,  55,   1, -18, -38,-853,-535;
  -9,-208,-132,  53,   1, -17, -36,-850,-534;
  -9,-207,-136,  52,   0, -17, -38,-849,-535;
 -10,-207,-133,  50,   0, -17, -40,-850,-533;
  -8,-207,-131,  48,  -1, -19, -38,-851,-534;
  -9,-207,-132,  46,  -1, -18, -39,-850,-538;
  -8,-206,-134,  44,  -1, -17, -41,-854,-542;
  -7,-208,-133,  43,  -1, -17, -35,-847,-541;
  -8,-206,-135,  43,   1, -16, -38,-846,-540;
  -4,-207,-134,  44,   1, -16, -34,-851,-533;
  -8,-208,-133,  45,   1, -17, -36,-852,-547;
  -4,-206,-135,  45,   2, -16, -32,-855,-541;
  -8,-209,-134,  46,   5, -16, -36,-851,-540;
 -11,-205,-131,  48,   4, -16, -34,-856,-536;
  -8,-208,-131,  50,   4, -17, -34,-856,-534;
  -6,-208,-134,  51,   3, -16, -31,-854,-537;
  -4,-206,-135,  52,   4, -15, -33,-860,-539;
  -6,-205,-134,  54,   4, -15, -33,-857,-537;
  -1,-209,-134,  56,   4, -14, -27,-851,-540;
  -5,-208,-130,  59,   4, -15, -28,-852,-534;
  -8,-204,-136,  62,   5, -14, -26,-851,-542;
   0,-211,-137,  63,   5, -16, -27,-846,-541;
  -7,-208,-131,  64,   6, -15, -31,-847,-540;
  -9,-207,-136,  63,   6, -15, -27,-847,-542;
  -7,-204,-135,  62,   7, -14, -29,-848,-536;
  -8,-204,-131,  60,   9, -13, -33,-846,-534;
  -6,-208,-133,  55,   9, -12, -29,-851,-533;
  -2,-210,-136,  52,  11, -13, -35,-852,-541;
  -8,-213,-133,  49,  12, -11, -31,-854,-539;
  -9,-207,-136,  47,  12, -12, -33,-855,-537;
  -8,-210,-136,  47,  14, -12, -36,-859,-533;
  -7,-210,-133,  48,  13, -12, -34,-851,-540;
  -7,-209,-133,  51,  11, -10, -34,-856,-534;
  -6,-207,-133,  53,  12, -11, -32,-858,-540;
  -5,-207,-130,  56,  13, -12, -31,-851,-535;
  -7,-208,-133,  59,  15, -11, -38,-845,-544;
  -7,-210,-132,  62,  17, -10, -35,-850,-541;
  -8,-206,-133,  62,  18, -10, -35,-847,-538;
  -6,-204,-132,  61,  20,  -8, -35,-843,-538;
  -8,-204,-129,  61,  21,  -5, -34,-841,-536;
  -7,-207,-136,  58,  22,  -5, -36,-850,-536;
  -8,-205,-133,  56,  23,  -4, -43,-842,-533;
  -6,-206,-134,  54,  22,  -5, -39,-846,-537;
  -9,-203,-133,  55,  22,  -6, -37,-849,-534;
  -8,-207,-133,  52,  21,  -9, -38,-844,-533;
  -8,-206,-132,  50,  19, -11, -39,-848,-543;
  -8,-209,-133,  49,  18, -13, -35,-845,-536;
  -7,-206,-134,  49,  17, -13, -42,-841,-542;
  -9,-208,-134,  49,  15, -14, -38,-843,-535;
  -9,-207,-134,  47,  14, -16, -37,-846,-537;
  -8,-206,-136,  46,  12, -18, -35,-847,-545;
  -8,-209,-133,  43,  10, -20, -40,-843,-539;
  -3,-208,-135,  42,   9, -20, -36,-842,-542;
  -7,-205,-133,  39,   8, -19, -36,-851,-544;
  -7,-205,-135,  38,   8, -19, -32,-847,-545;
  -6,-208,-137,  39,   8, -17, -32,-855,-544;
  -7,-206,-133,  41,   7, -17, -27,-855,-540;
  -6,-208,-137,  43,   7, -16, -26,-858,-549;
  -5,-209,-133,  46,   8, -12, -24,-858,-546;
  -4,-209,-139,  48,   9, -13, -25,-858,-538;
  -7,-211,-135,  51,  11, -11, -30,-856,-536;
  -7,-210,-134,  52,  13,  -8, -26,-862,-544;
  -6,-209,-134,  56,  13,  -9, -30,-862,-544;
  -4,-208,-133,  57,  16,  -8, -26,-851,-539;
  -7,-209,-135,  59,  18,  -8, -29,-853,-536;
  -8,-210,-132,  60,  19,  -8, -33,-854,-538;
  -9,-208,-133,  61,  22,  -7, -32,-857,-531;
  -5,-209,-131,  59,  20,  -8, -32,-850,-531;
  -3,-210,-134,  59,  20,  -8, -31,-853,-533;
  -9,-206,-129,  57,  20,  -7, -25,-850,-530;
  -7,-209,-137,  57,  19,  -8, -28,-848,-535;
  -1,-207,-131,  58,  17,  -9, -32,-851,-533;
  -8,-208,-130,  58,  18,  -8, -31,-851,-538;
  -8,-206,-131,  57,  18,  -8, -31,-854,-536;
  -9,-207,-133,  57,  17,  -7, -30,-845,-537;
  -7,-208,-134,  56,  16,  -5, -35,-851,-537;
  -7,-207,-132,  55,  18,  -6, -33,-849,-542;
  -9,-206,-134,  56,  17,  -5, -27,-851,-542;
  -8,-208,-133,  57,  18,  -7, -38,-848,-540;
  -9,-207,-134,  57,  18,  -7, -35,-852,-542;
  -8,-205,-135,  57,  18,  -6, -37,-847,-546;
  -9,-203,-134,  55,  20,  -5, -37,-853,-540;
  -5,-211,-129,  51,  19,  -4, -37,-847,-544;
  -5,-205,-137,  48,  20,  -4, -39,-847,-545;
  -4,-208,-134,  46,  21,  -6, -38,-848,-535;
  -4,-206,-138,  45,  21,  -6, -38,-852,-530;
 -10,-205,-136,  46,  21,  -4, -37,-852,-544;
  -9,-208,-133,  49,  21,  -5, -36,-850,-544;
  -8,-210,-135,  51,  22,  -4, -38,-846,-547;
  -9,-209,-133,  54,  22,  -2, -43,-847,-537;
  -9,-208,-134,  58,  23,  -3, -41,-850,-536;
  -9,-205,-134,  58,  22,  -5, -40,-846,-542;
  -9,-205,-136,  58,  25,  -4, -37,-845,-544;
 -10,-206,-135,  55,  27,  -4, -41,-847,-538;
 -11,-205,-135,  53,  27,  -4, -35,-855,-546;
  -7,-208,-136,  49,  27,  -6, -40,-845,-540;
  -9,-207,-132,  45,  27,  -5, -38,-855,-540;
  -8,-205,-135,  44,  28,  -4, -41,-847,-538;
  -7,-210,-130,  43,  27,  -4, -39,-851,-537;
 -10,-207,-132,  42,  26,  -6, -34,-850,-542;
  -7,-207,-134,  40,  25,  -6, -41,-843,-537;
  -7,-206,-137,  40,  22,  -6, -37,-853,-539;
  -5,-205,-133,  41,  21,  -7, -34,-849,-546;
  -9,-207,-135,  43,  20,  -7, -31,-854,-543;
  -9,-204,-135,  43,  18,  -8, -31,-851,-535;
 -11,-204,-136,  45,  15,  -8, -35,-847,-536;
  -5,-210,-136,  46,  13,  -9, -31,-844,-543;
  -3,-211,-134,  47,  13,  -8, -33,-850,-544;
 -10,-207,-135,  46,  11, -10, -29,-852,-535;
  -9,-207,-136,  43,  10, -11, -31,-850,-539;
 -10,-208,-132,  43,   9, -12, -33,-846,-534;
  -5,-207,-130,  42,   8, -13, -30,-855,-539;
  -7,-210,-137,  42,   9, -12, -32,-851,-532;
  -6,-208,-134,  42,   9, -11, -32,-854,-541;
  -4,-207,-133,  43,   9, -11, -36,-858,-533;
  -8,-210,-134,  46,   9, -12, -37,-852,-540;
  -8,-205,-135,  47,   8, -10, -32,-853,-543;
  -5,-208,-133,  48,   9, -12, -28,-845,-538;
  -6,-208,-135,  48,  10,  -9, -33,-852,-540;
  -7,-208,-133,  48,  11,  -9, -32,-849,-540;
  -8,-207,-135,  48,  13,  -7, -32,-854,-541;
  -8,-208,-132,  47,  14,  -7, -35,-847,-545;
  -6,-209,-135,  45,  16,  -8, -33,-844,-539;
  -5,-205,-131,  42,  18,  -9, -33,-849,-544;
  -7,-208,-134,  41,  17,  -9, -35,-856,-535;
  -9,-210,-134,  39,  18,  -9, -31,-851,-534;
  -3,-204,-142,  38,  18,  -9, -36,-850,-539;
  -9,-209,-135,  38,  18, -10, -34,-851,-538;
  -7,-206,-137,  39,  18, -11, -35,-852,-533;
 -10,-209,-130,  37,  18, -12, -38,-855,-535;
 -10,-208,-134,  38,  18, -11, -38,-851,-544;
  -5,-210,-132,  37,  17, -12, -35,-855,-543;
  -8,-208,-134,  36,  17, -10, -33,-850,-535;
  -9,-208,-132,  37,  16, -11, -34,-856,-538;
  -9,-210,-135,  40,  15, -12, -37,-853,-546;
  -7,-209,-135,  44,  13, -12, -32,-865,-543;
  -8,-208,-134,  47,  12, -11, -32,-855,-548;
  -7,-210,-133,  50,  13, -12, -29,-855,-539;
  -6,-209,-132,  52,  13, -13, -29,-857,-542;
  -2,-209,-133,  52,  15, -12, -31,-856,-538;
  -3,-208,-134,  53,  15, -11, -30,-851,-542;
  -4,-209,-133,  53,  16, -11, -25,-857,-539;
  -5,-206,-133,  55,  18, -10, -30,-855,-546;
  -6,-207,-132,  55,  18,  -9, -35,-855,-536;
  -3,-208,-134,  55,  19,  -8, -30,-850,-541;
  -8,-206,-132,  57,  19,  -9, -32,-843,-534;
  -4,-211,-129,  57,  20, -10, -34,-839,-543;
  -7,-207,-131,  56,  21,  -8, -30,-844,-544;
  -8,-206,-136,  55,  23, -10, -35,-845,-537;
  -8,-206,-132,  55,  22,  -9, -33,-846,-537;
  -6,-204,-133,  54,  24,  -9, -32,-846,-541;
  -6,-206,-135,  52,  25,  -8, -30,-851,-540;
  -6,-210,-130,  53,  25,  -9, -35,-850,-540;
  -6,-211,-136,  51,  24,  -9, -37,-856,-543;
  -8,-208,-135,  50,  23, -10, -34,-853,-533;
  -8,-209,-132,  50,  23, -10, -39,-855,-538;
  -9,-206,-135,  52,  22, -10, -44,-847,-541;
 -13,-206,-137,  54,  23,  -9, -38,-855,-537;
  -5,-208,-130,  56,  23,  -9, -37,-857,-546;
  -9,-207,-133,  58,  23,  -8, -42,-843,-542;
  -8,-207,-137,  58,  25,  -8, -36,-850,-542;
  -9,-206,-137,  55,  26,  -7, -32,-855,-542;
  -7,-206,-135,  54,  27,  -7, -39,-846,-541;
  -7,-207,-134,  50,  28,  -8, -39,-846,-547;
  -7,-206,-132,  48,  29,  -7, -40,-844,-545;
  -9,-207,-132,  44,  29,  -8, -40,-852,-542;
  -8,-209,-130,  43,  29,  -6, -35,-850,-542;
  -9,-208,-135,  44,  28,  -9, -41,-846,-540;
 -11,-207,-136,  48,  27, -11, -36,-854,-542;
  -7,-209,-136,  52,  26,  -9, -38,-849,-538;
 -15,-209,-115,  55,  24, -12, -38,-846,-536;
  -9,-207,-137,  58,  21, -13, -41,-848,-540;
 -10,-206,-137,  57,  19, -14, -45,-854,-545;
 -10,-208,-135,  58,  16, -16, -37,-846,-539;
  -8,-205,-136,  56,  15, -18, -35,-843,-538;
  -9,-207,-134,  55,  12, -17, -37,-844,-533;
  -7,-204,-135,  55,  10, -20, -37,-848,-551;
  -8,-205,-138,  53,   8, -18, -33,-847,-545;
  -7,-207,-133,  57,   7, -17, -35,-842,-550;
  -6,-209,-138,  59,   5, -17, -38,-842,-548;
  -6,-208,-140,  58,   5, -14, -34,-849,-545;
  -9,-207,-133,  58,   6, -14, -40,-847,-549;
  -8,-208,-138,  57,   7, -12, -38,-852,-551;
  -8,-208,-135,  52,   9, -12, -36,-847,-549;
  -4,-207,-137,  51,  11, -12, -35,-851,-547;
  -6,-209,-136,  51,  12,  -9, -36,-856,-546;
  -4,-210,-135,  52,  15, -10, -31,-857,-544;
  -3,-210,-135,  54,  18, -10, -32,-858,-541;
  -4,-210,-133,  54,  17,  -9, -25,-858,-542;
  -8,-206,-131,  55,  19, -10, -30,-855,-540;
  -9,-208,-132,  54,  19,  -9, -36,-850,-535;
  -8,-207,-132,  54,  20,  -8, -35,-858,-533;
  -9,-206,-134,  54,  19,  -8, -37,-848,-528;
  -6,-204,-134,  54,  17,  -7, -34,-849,-531;
  -9,-208,-134,  54,  16,  -8, -38,-853,-535;
  -8,-205,-133,  56,  15,  -9, -33,-855,-530;
  -4,-208,-137,  59,  15,  -9, -34,-852,-546;
  -6,-205,-132,  59,  14,  -6, -34,-841,-537;
  -8,-205,-134,  60,  14,  -8, -30,-843,-540;
  -6,-206,-133,  60,  13,  -9, -33,-842,-549;
  -4,-207,-136,  60,  10,  -7, -33,-844,-542;
  -5,-205,-137,  60,  11,  -8, -37,-847,-546;
  -7,-203,-133,  58,  12,  -7, -32,-846,-541;
  -6,-206,-133,  57,  10,  -8, -32,-844,-554;
  -6,-202,-136,  55,  12,  -8, -38,-847,-551;
  -4,-202,-134,  54,  12, -10, -41,-845,-548;
  -5,-208,-136,  53,  11,  -9, -35,-847,-545;
  -8,-206,-136,  51,  11, -10, -36,-847,-547;
  -7,-206,-133,  52,  12, -10, -32,-851,-542;
  -7,-207,-136,  53,  12,  -8, -39,-849,-546;
 -11,-207,-135,  54,  14,  -8, -32,-846,-537;
  -8,-206,-131,  57,  13,  -8, -38,-848,-546;
  -7,-204,-137,  60,  13,  -9, -36,-851,-544;
  -9,-202,-136,  63,  14,  -7, -39,-845,-540;
  -8,-208,-135,  63,  13,  -6, -37,-846,-541;
 -10,-205,-133,  64,  11,  -8, -42,-842,-541;
  -8,-204,-139,  63,  10,  -7, -40,-845,-541;
  -8,-205,-133,  62,  10,  -8, -39,-846,-543;
  -6,-207,-135,  63,  10,  -6, -38,-850,-545;
  -6,-205,-136,  63,   9,  -8, -41,-844,-548;
  -9,-205,-135,  63,   9,  -8, -34,-845,-536;
  -4,-206,-136,  64,   9,  -7, -40,-847,-545;
 -10,-205,-134,  65,   7,  -7, -38,-846,-543;
 -10,-205,-134,  64,   7,  -9, -36,-851,-542;
  -6,-203,-139,  63,   6,  -8, -33,-846,-546;
  -8,-207,-135,  61,   4,  -8, -35,-850,-551;
  -4,-205,-135,  57,   4,  -9, -37,-849,-539;
  -8,-208,-133,  55,   2,  -8, -38,-845,-544;
  -7,-206,-133,  53,   1, -10, -33,-847,-550;
  -4,-205,-137,  54,   2, -11, -34,-854,-544;
  -9,-210,-133,  53,   2, -12, -34,-853,-541;
  -7,-206,-134,  56,   1, -10, -38,-851,-537;
  -7,-206,-132,  57,   1, -10, -36,-851,-538;
  -6,-209,-136,  59,   1,  -8, -33,-849,-542;
  -6,-207,-136,  59,   1,  -8, -37,-858,-543;
  -8,-206,-136,  60,   2,  -8, -27,-851,-543;
  -7,-211,-135,  61,   2,  -8, -35,-856,-548;
  -8,-206,-136,  61,   3,  -9, -29,-851,-550;
  -7,-209,-134,  61,   2,  -7, -38,-848,-546;
  -7,-206,-136,  63,   3,  -6, -34,-855,-545;
  -8,-206,-136,  65,   4,  -8, -37,-844,-548;
  -7,-206,-134,  67,   5,  -6, -35,-850,-540;
  -7,-206,-134,  69,   6,  -6, -34,-849,-537;
  -7,-208,-132,  68,   7,  -6, -35,-851,-539;
  -7,-205,-135,  68,   9,  -5, -34,-848,-544;
  -5,-205,-131,  67,  11,  -5, -38,-852,-546;
  -8,-206,-133,  64,  11,  -4, -36,-848,-545;
  -4,-205,-135,  64,  12,  -4, -36,-847,-543;
  -5,-207,-132,  63,  13,  -3, -36,-845,-544;
  -8,-205,-136,  62,  12,  -2, -38,-851,-538;
  -7,-208,-133,  63,  13,  -3, -37,-854,-540;
 -10,-206,-134,  62,  12,  -4, -37,-845,-539;
  -9,-209,-136,  62,  12,  -4, -39,-850,-539;
  -6,-207,-134,  61,  13,  -4, -39,-855,-539;
  -8,-207,-133,  61,  14,  -3, -36,-847,-535;
 -13,-208,-131,  62,  14,  -4, -34,-855,-543;
  -4,-212,-133,  62,  14,  -4, -39,-855,-544;
  -7,-200,-134,  64,  15,  -4, -41,-851,-535;
  -8,-209,-135,  65,  15,  -5, -36,-852,-544;
  -7,-208,-132,  64,  15,  -6, -34,-854,-544;
 -10,-209,-134,  66,  14,  -7, -37,-854,-533;
  -7,-208,-135,  68,  13,  -7, -34,-853,-533;
  -4,-209,-133,  71,  14,  -6, -40,-852,-540;
  -9,-210,-135,  71,  14,  -6, -36,-851,-537;
  -9,-206,-131,  70,  13,  -6, -38,-849,-532;
  -8,-204,-133,  68,  13,  -6, -36,-852,-536;
  -7,-207,-132,  65,  13,  -6, -35,-846,-534;
  -4,-207,-136,  63,  11,  -6, -33,-848,-543;
  -8,-209,-132,  60,  12,  -8, -31,-852,-536;
  -4,-210,-133,  58,  12,  -7, -40,-847,-538;
  -6,-208,-131,  59,  12,  -6, -35,-855,-536;
  -8,-208,-133,  58,  11,  -5, -37,-848,-536;
 -10,-207,-133,  57,  12,  -7, -37,-846,-538;
  -9,-207,-131,  56,  13,  -7, -39,-849,-534;
 -10,-209,-135,  52,  11,  -6, -40,-855,-533;
  -9,-208,-131,  50,  12,  -6, -37,-849,-537;
 -11,-205,-135,  48,  11,  -4, -41,-851,-539;
 -11,-207,-133,  47,  12,  -5, -40,-855,-540;
  -8,-208,-132,  47,  12,  -4, -38,-856,-545;
 -12,-207,-130,  46,  13,  -6, -46,-856,-544;
  -9,-209,-132,  46,  13,  -6, -41,-859,-539;
 -12,-208,-135,  49,  13,  -7, -38,-859,-543;
 -11,-209,-131,  50,  15,  -6, -46,-858,-541;
  -8,-208,-137,  53,  17,  -5, -39,-858,-540;
  -6,-209,-135,  54,  18,  -4, -41,-859,-540;
 -10,-208,-133,  56,  19,  -4, -35,-855,-537;
  -9,-207,-130,  58,  20,  -3, -38,-854,-536;
  -7,-211,-134,  57,  21,  -3, -39,-850,-538;
  -9,-207,-134,  57,  23,  -3, -35,-847,-536;
  -6,-206,-134,  54,  23,  -2, -38,-851,-531;
  -8,-208,-133,  52,  25,  -1, -38,-851,-537;
  -8,-207,-129,  49,  25,  -1, -34,-849,-536;
  -9,-209,-135,  48,  24,  -2, -37,-857,-532;
  -6,-210,-133,  46,  22,  -1, -37,-853,-530;
  -9,-209,-134,  47,  21,  -2, -34,-852,-534;
  -8,-209,-135,  47,  18,  -5, -37,-845,-522;
  -3,-211,-131,  49,  16,  -8, -35,-858,-531;
  -7,-208,-132,  50,  15, -10, -36,-850,-530;
  -6,-209,-134,  53,  13, -12, -40,-851,-531;
  -7,-208,-129,  56,  10, -12, -34,-854,-533;
  -8,-210,-131,  56,   8, -14, -33,-853,-532;
  -9,-205,-130,  58,   6, -16, -39,-845,-535;
  -8,-203,-133,  59,   3, -17, -35,-849,-535;
  -7,-205,-129,  57,   2, -17, -38,-846,-539;
  -7,-206,-133,  54,  -1, -17, -36,-846,-530;
  -6,-208,-133,  51,  -1, -17, -32,-849,-538;
  -5,-208,-134,  47,  -3, -16, -36,-849,-532;
  -7,-207,-135,  47,  -2, -15, -36,-849,-540;
  -8,-209,-134,  46,  -1, -14, -38,-855,-540;
  -8,-207,-135,  46,   0, -14, -36,-856,-538;
  -7,-208,-138,  45,   1, -12, -39,-856,-547;
  -9,-209,-132,  45,   4, -11, -33,-857,-542;
  -7,-208,-135,  44,   7, -11, -32,-856,-541;
 -10,-210,-132,  42,  10, -10, -37,-858,-545;
  -8,-208,-133,  42,  12,  -8, -36,-857,-531;
  -7,-210,-134,  42,  15,  -9, -27,-859,-535;
  -5,-213,-135,  43,  15,  -7, -33,-861,-538;
  -3,-211,-132,  44,  16,  -8, -36,-856,-536;
  -7,-212,-135,  47,  16,  -9, -33,-859,-534;
  -6,-209,-132,  48,  16,  -7, -36,-856,-538;
  -7,-212,-134,  51,  15,  -6, -35,-859,-540;
  -9,-211,-138,  56,  14,  -6, -36,-862,-543;
  -6,-210,-130,  59,  15,  -6, -31,-855,-531;
  -6,-209,-133,  63,  15,  -6, -36,-861,-532;
  -7,-208,-133,  67,  16,  -5, -34,-859,-534;
