  -8,-207,-136,  55,  21,  -8, -37,-849,-547;
  -7,-208,-135,  58,  20,  -9, -40,-852,-548;
  -9,-207,-135,  58,  18,  -7, -39,-849,-552;
 -10,-206,-134,  57,  19, -10, -37,-842,-548;
 -11,-208,-133,  56,  19, -11, -44,-852,-545;
  -8,-207,-137,  55,  21,  -9, -49,-848,-548;
 -11,-208,-138,  56,  19,  -8, -43,-846,-553;
  -8,-209,-136,  60,  19,  -9, -40,-847,-546;
  -8,-209,-134,  62,  17, -10, -46,-847,-542;
 -11,-207,-133,  62,  16,  -8, -46,-848,-540;
 -12,-206,-136,  63,  15,  -8, -45,-846,-544;
 -10,-203,-136,  63,  13,  -9, -44,-851,-538;
 -14,-205,-136,  62,  13,  -8, -39,-846,-539;
  -7,-209,-136,  61,  12,  -8, -44,-844,-535;
 -11,-203,-135,  60,  10,  -9, -43,-841,-545;
  -7,-208,-132,  60,  11,  -8, -44,-847,-548;
 -10,-208,-135,  60,  11,  -6, -46,-842,-547;
 -11,-207,-138,  60,  12,  -8, -45,-840,-544;
 -11,-203,-134,  61,  13,  -8, -43,-842,-547;
 -11,-206,-133,  60,  12,  -7, -44,-841,-547;
  -8,-205,-136,  56,  12,  -7, -44,-849,-546;
 -10,-204,-133,  53,  12,  -8, -41,-847,-550;
  -5,-209,-132,  49,  12,  -9, -44,-849,-542;
 -10,-206,-136,  48,  11,  -7, -44,-847,-540;
 -13,-206,-138,  50,   9,  -8, -44,-847,-547;
 -14,-212,-140,  51,   8,  -9, -44,-852,-542;
 -10,-209,-133,  54,   7,  -9, -43,-850,-538;
 -11,-209,-136,  56,   4, -10, -50,-845,-544;
  -9,-206,-134,  57,   2,  -7, -38,-841,-548;
 -10,-206,-137,  56,  -1,  -2, -46,-843,-541;
 -10,-209,-134,  54,   1,  -6, -50,-842,-549;
 -11,-205,-133,  54,  -1,  -8, -46,-848,-541;
  -8,-204,-133,  55,  -1,  -8, -46,-843,-545;
 -10,-204,-136,  56,  -2,  -8, -47,-846,-553;
  -9,-206,-134,  58,  -4,  -9, -46,-844,-550;
 -10,-207,-138,  61,  -7,  -8, -44,-848,-546;
  -9,-206,-136,  63,  -6,  -9, -48,-848,-553;
 -10,-206,-135,  64,  -6, -10, -45,-848,-547;
 -10,-207,-138,  63,  -7,  -8, -40,-847,-548;
 -11,-204,-136,  61,  -8,  -7, -38,-845,-549;
 -11,-209,-137,  60,  -8,  -7, -41,-856,-539;
 -11,-205,-130,  57,  -6,  -7, -41,-846,-552;
 -11,-206,-137,  55,  -4,  -6, -47,-849,-542;
 -10,-208,-134,  54,  -2,  -5, -51,-856,-548;
  -9,-205,-136,  52,   1,  -4, -49,-858,-549;
 -11,-209,-137,  53,   6,  -4, -50,-848,-547;
 -10,-209,-133,  57,   8,  -1, -50,-848,-549;
 -11,-206,-134,  61,  11,   0, -48,-851,-541;
 -11,-209,-134,  65,  12,   0, -51,-850,-549;
  -6,-210,-136,  67,  14,   1, -50,-849,-554;
 -11,-206,-132,  67,  15,   2, -50,-843,-546;
 -10,-203,-137,  66,  17,   1, -46,-842,-544;
 -12,-201,-136,  64,  14,   0, -43,-836,-543;
 -10,-200,-134,  58,  14,   0, -41,-833,-542;
  -8,-205,-135,  56,  14,   0, -41,-837,-549;
 -10,-202,-140,  53,  13,   0, -40,-838,-550;
 -10,-205,-137,  50,  11,  -1, -39,-841,-547;
  -7,-203,-136,  48,   8,   0, -42,-837,-549;
 -10,-205,-140,  47,   6,  -3, -44,-839,-545;
  -8,-205,-139,  47,   4,  -3, -43,-843,-546;
  -8,-207,-135,  50,   3,  -6, -41,-846,-547;
  -9,-206,-135,  51,   3,  -7, -45,-841,-552;
  -8,-208,-137,  53,   4,  -8, -43,-844,-545;
 -10,-209,-137,  55,   4,  -9, -46,-841,-549;
  -9,-205,-134,  55,   4,  -9, -47,-842,-544;
 -13,-206,-131,  56,   2, -10, -44,-842,-543;
  -8,-204,-134,  57,   0, -11, -52,-839,-545;
  -8,-205,-136,  56,  -2, -12, -44,-838,-545;
  -8,-204,-137,  54,  -4, -12, -43,-844,-540;
 -12,-204,-132,  52,  -6, -12, -41,-839,-540;
  -9,-206,-132,  50,  -8, -12, -47,-841,-538;
 -11,-203,-135,  52,  -8,  -9, -43,-841,-547;
 -10,-205,-136,  54,  -6,  -7, -43,-841,-547;
 -12,-205,-135,  58,  -3,  -6, -42,-846,-541;
 -10,-206,-134,  59,   2,  -6, -48,-846,-551;
  -9,-206,-132,  59,   5,  -3, -47,-845,-549;
 -11,-209,-139,  57,   8,  -1, -47,-844,-556;
  -9,-207,-137,  54,  10,   1, -46,-847,-553;
 -11,-208,-137,  53,  11,   0, -47,-849,-558;
 -12,-205,-138,  54,  12,  -1, -48,-844,-555;
 -10,-208,-136,  56,  13,   3, -42,-845,-546;
 -11,-205,-136,  58,  12,   2, -48,-844,-548;
 -12,-204,-135,  61,  11,   4, -43,-844,-552;
 -10,-204,-138,  63,  11,   2, -44,-841,-551;
  -8,-203,-133,  65,  11,   3, -51,-835,-549;
  -8,-203,-137,  66,  11,   3, -46,-839,-550;
  -7,-203,-137,  68,  12,   2, -48,-837,-549;
  -5,-204,-136,  68,  12,   2, -43,-837,-554;
 -10,-205,-135,  68,  13,   1, -42,-831,-550;
  -9,-205,-136,  65,  13,   0, -43,-833,-551;
 -11,-203,-137,  62,  12,  -2, -43,-838,-558;
 -10,-206,-136,  58,  12,  -4, -43,-837,-550;
  -5,-204,-135,  55,  11,  -6, -41,-832,-544;
  -8,-205,-136,  53,   9,  -7, -40,-837,-544;
 -10,-205,-135,  51,   8,  -7, -40,-834,-550;
  -8,-205,-137,  51,   8,  -6, -40,-839,-553;
 -12,-207,-133,  50,   6,  -7, -40,-840,-544;
  -8,-204,-138,  51,   5,  -8, -39,-834,-545;
 -10,-204,-136,  50,   4,  -9, -42,-838,-549;
  -8,-204,-134,  50,   5,  -8, -45,-840,-552;
 -11,-204,-134,  50,   5,  -9, -47,-841,-547;
 -10,-205,-138,  47,   4,  -9, -43,-836,-542;
 -10,-203,-131,  46,   5,  -9, -47,-841,-547;
 -11,-205,-135,  43,   5, -10, -51,-842,-543;
 -13,-204,-135,  43,   6, -10, -48,-838,-542;
  -7,-204,-136,  42,   5, -10, -50,-840,-541;
  -8,-208,-136,  42,   5, -11, -48,-838,-536;
 -12,-205,-132,  42,   5, -11, -46,-839,-536;
 -11,-203,-135,  42,   3, -10, -55,-838,-545;
 -11,-207,-136,  41,   2, -11, -50,-833,-544;
 -13,-204,-136,  40,   2, -10, -49,-839,-544;
  -7,-206,-136,  38,   2, -12, -51,-839,-550;
 -12,-205,-135,  36,   2, -11, -49,-841,-552;
 -12,-208,-138,  34,   1, -12, -50,-841,-548;
 -11,-207,-137,  32,   1, -11, -52,-844,-557;
  -9,-208,-140,  31,   2, -10, -47,-844,-549;
 -10,-204,-136,  30,   4, -11, -45,-840,-546;
  -9,-207,-134,  30,   5, -10, -49,-847,-551;
 -10,-207,-138,  31,   5,  -9, -44,-845,-550;
  -8,-207,-133,  32,   5,  -8, -45,-850,-551;
 -10,-208,-138,  33,   6,  -7, -47,-848,-562;
  -8,-207,-138,  34,   8,  -6, -43,-856,-544;
 -14,-206,-135,  33,  10,  -5, -42,-847,-554;
  -9,-206,-138,  33,  10,  -4, -44,-856,-546;
 -11,-206,-133,  34,  11,  -4, -43,-848,-546;
 -10,-208,-136,  35,  11,  -5, -43,-849,-552;
  -9,-209,-136,  34,  12,  -6, -46,-855,-557;
  -9,-205,-135,  36,  11,  -6, -47,-854,-551;
 -11,-208,-139,  36,  10,  -6, -45,-848,-544;
  -7,-207,-133,  35,   9,  -8, -46,-850,-547;
 -10,-206,-134,  35,   8,  -8, -43,-853,-552;
 -11,-203,-131,  33,   7,  -9, -41,-848,-546;
 -10,-206,-134,  35,   6,  -8, -44,-852,-542;
  -9,-208,-137,  37,   6, -10, -46,-844,-544;
 -11,-207,-135,  37,   5, -11, -38,-850,-551;
  -7,-207,-134,  37,   6, -11, -43,-845,-556;
 -10,-209,-138,  36,   6, -12, -41,-846,-545;
  -8,-207,-135,  37,   6, -13, -39,-843,-551;
  -8,-207,-135,  37,   8, -14, -40,-844,-549;
 -10,-207,-138,  38,   9, -14, -38,-850,-541;
  -7,-205,-138,  39,  11, -13, -38,-844,-552;
 -13,-204,-136,  40,  11, -14, -43,-839,-551;
 -11,-207,-135,  38,  12, -15, -40,-848,-560;
  -9,-206,-135,  38,  12, -15, -42,-844,-557;
  -9,-208,-136,  36,  12, -14, -42,-844,-553;
  -7,-205,-136,  35,  11, -17, -40,-842,-554;
  -7,-210,-134,  32,  12, -14, -38,-845,-555;
  -9,-207,-137,  30,  11, -15, -44,-845,-550;
  -9,-206,-137,  29,  13, -17, -44,-845,-550;
 -12,-207,-135,  27,  13, -16, -40,-850,-552;
 -10,-207,-133,  28,  13, -15, -44,-849,-548;
  -9,-210,-134,  29,  13, -16, -45,-858,-544;
  -8,-207,-130,  32,  13, -18, -43,-851,-549;
 -12,-211,-133,  33,  14, -16, -48,-850,-543;
  -8,-207,-131,  38,  13, -18, -47,-845,-549;
 -12,-206,-134,  40,  14, -19, -49,-850,-548;
  -9,-194,-130,  43,  14, -17, -47,-851,-548;
  -9,-204,-135,  45,  14, -18, -44,-845,-541;
  -8,-208,-140,  47,  15, -18, -46,-844,-539;
  -9,-209,-137,  48,  14, -17, -44,-847,-544;
  -9,-204,-136,  48,  12, -16, -46,-844,-543;
  -9,-208,-135,  48,  11, -17, -49,-847,-540;
  -4,-212,-138,  49,  10, -16, -40,-845,-545;
 -11,-203,-139,  48,   9, -17, -39,-842,-551;
 -12,-204,-132,  48,  10, -16, -41,-845,-552;
 -10,-207,-137,  48,   8, -18, -42,-849,-553;
  -6,-207,-139,  49,   7, -18, -46,-844,-557;
 -11,-206,-134,  49,   7, -18, -44,-843,-556;
 -10,-206,-138,  49,   6, -18, -43,-842,-555;
  -7,-206,-135,  49,  11, -17, -44,-850,-550;
  -9,-206,-135,  49,  12, -18, -38,-849,-556;
  -5,-206,-136,  47,  12, -17, -38,-847,-554;
  -7,-206,-135,  45,  12, -17, -42,-849,-548;
  -9,-205,-135,  43,  13, -16, -44,-855,-547;
  -6,-205,-136,  43,  17, -17, -44,-851,-547;
 -12,-209,-134,  44,  17, -18, -44,-853,-550;
 -11,-207,-139,  46,  16, -18, -42,-855,-547;
  -9,-210,-134,  51,  16, -18, -43,-850,-545;
 -13,-207,-134,  55,  18, -17, -45,-847,-543;
  -9,-210,-136,  57,  19, -17, -42,-848,-543;
  -7,-207,-136,  58,  18, -16, -46,-844,-551;
  -9,-203,-139,  57,  17, -16, -45,-843,-549;
 -10,-206,-134,  57,  19, -15, -41,-841,-548;
  -6,-203,-136,  59,  19, -14, -42,-843,-550;
  -9,-204,-134,  59,  17, -15, -45,-833,-551;
 -13,-201,-135,  57,  16, -13, -41,-831,-550;
  -8,-205,-135,  54,  14, -14, -46,-837,-549;
  -8,-204,-137,  51,  15, -15, -48,-840,-548;
 -12,-206,-138,  48,  16, -16, -51,-837,-556;
 -10,-203,-132,  46,  15, -15, -45,-839,-549;
  -8,-204,-138,  44,  13, -15, -43,-838,-548;
 -11,-206,-133,  44,  12, -15, -46,-835,-550;
 -12,-204,-132,  43,  13, -16, -44,-840,-551;
 -12,-205,-135,  42,  12, -16, -48,-844,-551;
  -9,-205,-140,  43,  11, -18, -41,-842,-562;
  -9,-204,-137,  41,  13, -16, -44,-840,-552;
 -11,-208,-135,  42,  15, -18, -48,-843,-548;
  -9,-207,-135,  41,  13, -19, -44,-845,-549;
  -9,-207,-136,  40,  11, -17, -44,-848,-558;
 -11,-208,-139,  42,  11, -18, -47,-853,-546;
  -7,-209,-133,  44,   9, -16, -45,-841,-559;
 -11,-208,-134,  45,   9, -14, -44,-844,-559;
  -9,-207,-135,  49,   7, -16, -43,-845,-556;
 -10,-206,-138,  51,   8, -14, -46,-845,-560;
  -8,-209,-136,  55,   9, -12, -46,-847,-560;
 -10,-208,-142,  58,   8, -12, -47,-847,-554;
  -5,-210,-134,  61,   8, -12, -42,-844,-550;
 -10,-206,-136,  62,   8, -12, -45,-845,-547;
  -9,-204,-138,  61,   9, -10, -37,-842,-550;
  -9,-206,-138,  61,  10,  -9, -40,-845,-553;
  -6,-205,-149,  58,  11, -10, -42,-844,-552;
  -9,-205,-137,  56,  11,  -9, -38,-845,-550;
  -8,-207,-135,  53,  11, -10, -42,-846,-541;
  -7,-208,-138,  52,  10, -11, -34,-842,-540;
  -9,-207,-134,  50,  10, -12, -38,-846,-549;
  -7,-206,-134,  46,  10, -12, -38,-843,-549;
  -9,-205,-135,  44,  10, -12, -44,-845,-538;
  -9,-208,-134,  43,  11, -13, -37,-850,-544;
  -6,-208,-136,  43,  11, -12, -40,-853,-547;
  -7,-208,-135,  43,  11, -12, -35,-848,-546;
  -7,-205,-136,  47,  10, -13, -38,-845,-559;
  -8,-207,-133,  49,   9, -14, -41,-854,-557;
 -10,-206,-134,  53,   8, -13, -40,-844,-558;
  -9,-205,-139,  56,   9, -13, -39,-853,-548;
  -9,-204,-139,  56,   9, -13, -38,-843,-555;
  -3,-206,-134,  55,  10, -12, -36,-841,-559;
  -9,-206,-137,  56,  10, -10, -45,-845,-551;
  -9,-204,-136,  55,  11, -11, -41,-846,-556;
  -9,-206,-139,  55,  12, -12, -38,-850,-555;
  -8,-207,-138,  56,  13, -12, -42,-848,-557;
  -9,-205,-137,  58,  15, -12, -41,-840,-549;
  -9,-209,-137,  60,  15, -11, -42,-842,-548;
  -9,-206,-136,  61,  15, -12, -41,-840,-552;
 -11,-202,-136,  63,  15, -12, -43,-836,-545;
 -11,-205,-139,  65,  14, -13, -46,-838,-554;
  -7,-204,-134,  65,  14, -12, -44,-834,-546;
 -10,-204,-136,  64,  15, -13, -42,-838,-546;
  -8,-202,-137,  63,  15, -15, -43,-838,-547;
  -9,-205,-133,  60,  14, -15, -43,-837,-549;
  -9,-204,-136,  57,  13, -15, -38,-837,-541;
 -10,-205,-138,  54,  13, -14, -36,-840,-549;
  -8,-205,-135,  52,  13, -14, -38,-844,-541;
  -9,-205,-137,  49,  11, -15, -43,-843,-543;
 -11,-205,-136,  48,  13, -15, -45,-840,-552;
 -10,-207,-132,  47,  14, -16, -43,-834,-551;
  -9,-206,-136,  47,  12, -17, -40,-842,-539;
 -11,-207,-134,  46,  11, -16, -41,-843,-546;
  -9,-208,-134,  48,  10, -16, -42,-846,-554;
  -6,-207,-137,  51,  11, -15, -39,-841,-557;
 -10,-205,-133,  54,  12, -15, -42,-841,-554;
  -9,-205,-137,  55,  11, -14, -38,-842,-555;
  -8,-204,-135,  55,  11, -14, -41,-845,-548;
  -5,-204,-139,  54,  12, -13, -34,-840,-549;
  -9,-209,-136,  51,  11, -14, -36,-843,-557;
  -9,-208,-139,  50,  12, -14, -39,-844,-549;
 -12,-202,-137,  47,  12, -15, -37,-844,-557;
 -11,-204,-139,  48,  12, -12, -39,-844,-549;
  -9,-205,-140,  50,  12, -13, -34,-841,-550;
  -6,-206,-135,  53,  12, -12, -42,-842,-554;
  -9,-207,-136,  53,  10, -12, -41,-845,-551;
  -9,-209,-135,  57,  10, -12, -40,-844,-558;
  -9,-205,-138,  58,  10, -12, -41,-840,-550;
  -9,-208,-135,  59,   8, -12, -39,-842,-559;
 -11,-201,-136,  60,   9, -11, -43,-841,-554;
  -9,-207,-136,  59,   8, -12, -43,-840,-550;
  -9,-206,-138,  58,   8, -13, -45,-839,-549;
  -9,-204,-135,  56,   8, -14, -44,-841,-554;
  -9,-206,-137,  52,   9, -13, -44,-838,-558;
  -9,-205,-134,  51,   9, -14, -40,-842,-549;
  -8,-205,-135,  49,  10, -15, -43,-843,-547;
 -11,-207,-135,  46,  11, -15, -46,-845,-549;
 -10,-206,-134,  44,  11, -15, -51,-834,-547;
  -9,-207,-136,  43,  10, -17, -48,-844,-546;
 -13,-204,-134,  44,  10, -18, -43,-846,-544;
 -10,-205,-139,  45,  10, -18, -44,-841,-549;
 -11,-210,-138,  46,   9, -18, -44,-849,-550;
 -10,-203,-134,  46,   9, -17, -46,-849,-548;
  -8,-209,-138,  44,   9, -17, -40,-845,-546;
  -9,-205,-136,  43,  11, -17, -47,-843,-549;
 -11,-208,-140,  41,   7, -17, -43,-848,-552;
  -8,-205,-136,  40,  10, -18, -48,-848,-555;
 -11,-203,-137,  40,  11, -18, -46,-855,-546;
 -11,-206,-137,  42,  13, -17, -43,-846,-551;
 -10,-205,-139,  46,  14, -17, -49,-848,-550;
 -10,-203,-135,  47,  13, -17, -44,-851,-549;
 -17,-203,-137,  49,  14, -18, -48,-846,-549;
 -10,-206,-134,  50,  13, -16, -45,-846,-553;
  -9,-206,-135,  51,  12, -15, -42,-844,-551;
  -8,-209,-137,  52,  12, -16, -39,-850,-546;
 -11,-207,-133,  52,  13, -16, -42,-841,-544;
  -9,-207,-137,  55,  11, -16, -42,-844,-539;
 -10,-206,-136,  54,  11, -18, -43,-843,-546;
 -10,-205,-137,  53,  12, -16, -44,-849,-546;
 -12,-204,-134,  52,   9, -16, -43,-848,-544;
  -9,-207,-134,  52,   8, -15, -39,-846,-553;
 -10,-203,-134,  52,   7, -16, -37,-843,-546;
  -8,-204,-136,  51,   6, -17, -40,-842,-541;
  -9,-205,-135,  51,   6, -19, -41,-845,-543;
 -10,-205,-134,  50,   7, -18, -46,-847,-546;
  -9,-208,-138,  49,   5, -16, -43,-842,-551;
 -11,-207,-136,  45,   5, -16, -48,-844,-551;
 -10,-203,-137,  43,   7, -16, -40,-845,-549;
  -9,-206,-135,  40,   7, -16, -42,-845,-547;
 -10,-205,-135,  39,   7, -16, -43,-853,-548;
 -10,-208,-134,  40,   8, -15, -40,-851,-549;
  -7,-209,-135,  41,   9, -16, -40,-852,-550;
  -9,-210,-135,  43,  10, -15, -41,-852,-550;
 -10,-204,-134,  46,  11, -15, -46,-845,-549;
  -9,-206,-134,  47,  11, -16, -41,-851,-545;
 -11,-204,-136,  48,  12, -14, -45,-843,-549;
 -11,-206,-136,  48,  12, -15, -39,-854,-554;
  -8,-205,-134,  50,  12, -15, -42,-846,-550;
  -9,-204,-134,  52,  13, -15, -46,-845,-550;
  -7,-205,-134,  54,  14, -12, -46,-842,-544;
 -10,-207,-136,  56,  14, -13, -45,-844,-557;
 -11,-206,-132,  56,  15, -12, -44,-842,-551;
 -10,-204,-134,  57,  17, -12, -47,-841,-545;
  -9,-205,-138,  55,  16, -10, -47,-841,-550;
  -9,-205,-137,  53,  15, -11, -42,-844,-552;
 -10,-205,-139,  50,  15, -13, -47,-842,-548;
 -11,-206,-137,  47,  15, -13, -44,-842,-546;
  -9,-204,-134,  48,  16, -15, -42,-841,-548;
 -12,-207,-132,  48,  14, -15, -47,-842,-549;
  -9,-204,-139,  48,  13, -16, -46,-843,-550;
  -9,-205,-138,  50,  11, -18, -44,-844,-545;
 -11,-202,-137,  50,   9, -17, -49,-842,-553;
 -11,-205,-136,  50,   8, -18, -45,-844,-545;
 -10,-205,-136,  50,   6, -19, -43,-845,-550;
 -11,-203,-137,  49,   5, -20, -40,-843,-559;
 -11,-206,-137,  46,   6, -20, -38,-845,-552;
 -11,-207,-138,  46,   4, -20, -48,-850,-552;
  -5,-206,-137,  47,   4, -17, -37,-844,-553;
  -8,-207,-136,  48,   6, -16, -42,-848,-554;
 -11,-205,-134,  50,   7, -15, -36,-844,-550;
  -8,-207,-133,  51,   8, -12, -37,-844,-555;
  -8,-206,-136,  53,  10, -13, -34,-844,-551;
  -6,-209,-137,  54,  11, -11, -38,-848,-552;
  -7,-208,-134,  57,  12, -11, -43,-849,-548;
  -9,-209,-133,  58,  14, -11, -42,-848,-546;
  -8,-205,-135,  59,  13, -10, -45,-845,-544;
  -8,-205,-136,  60,  14, -11, -42,-844,-546;
  -6,-206,-140,  60,  14, -11, -38,-840,-545;
  -8,-206,-140,  59,  15, -11, -39,-840,-542;
  -6,-206,-133,  60,  15, -10, -37,-841,-539;
  -9,-207,-137,  58,  13, -10, -39,-842,-545;
 -10,-204,-132,  57,  13, -11, -38,-846,-541;
  -8,-208,-133,  57,  12, -11, -38,-841,-552;
  -7,-202,-134,  57,  10, -11, -36,-845,-547;
  -7,-207,-140,  59,  10, -11, -41,-845,-550;
  -6,-206,-137,  60,   7, -10, -40,-842,-546;
  -9,-207,-137,  63,   8, -13, -43,-840,-550;
  -6,-205,-139,  64,   8, -12, -42,-845,-554;
  -5,-204,-137,  64,   9, -11, -39,-841,-554;
 -10,-205,-138,  64,  11, -11, -44,-841,-551;
  -7,-205,-137,  62,  12,  -9, -35,-845,-550;
  -9,-206,-139,  58,  15,  -9, -36,-842,-548;
 -11,-201,-136,  54,  13,  -7, -36,-843,-556;
  -8,-207,-134,  53,  13,  -8, -40,-847,-554;
 -11,-207,-135,  53,  14,  -9, -35,-843,-554;
  -9,-207,-135,  55,  13,  -8, -45,-842,-553;
  -9,-206,-136,  57,  15,  -7, -39,-844,-555;
 -10,-204,-137,  63,  16,  -6, -39,-842,-553;
  -9,-203,-134,  66,  17,  -7, -36,-840,-551;
  -8,-206,-139,  66,  17,  -8, -40,-841,-554;
  -9,-205,-139,  64,  16,  -7, -41,-840,-553;
 -12,-207,-133,  61,  16,  -8, -41,-841,-551;
 -10,-205,-133,  58,  16,  -8, -38,-844,-552;
  -7,-208,-135,  57,  16,  -9, -41,-841,-558;
  -5,-207,-138,  59,  15,  -6, -44,-845,-548;
  -8,-207,-133,  61,  16,  -9, -41,-846,-545;
  -9,-205,-137,  62,  16,  -7, -42,-843,-549;
  -6,-207,-135,  62,  13,  -8, -38,-840,-557;
 -10,-207,-139,  63,  14,  -9, -36,-841,-551;
  -8,-202,-135,  59,  12,  -8, -39,-840,-553;
  -7,-203,-140,  57,  10,  -9, -41,-846,-555;
  -9,-204,-138,  55,  10,  -9, -43,-847,-552;
  -9,-204,-135,  53,   8,  -9, -41,-846,-548;
  -8,-206,-135,  54,   7, -11, -38,-846,-550;
 -11,-207,-136,  54,   6, -11, -35,-843,-555;
  -9,-207,-135,  56,   4, -11, -36,-842,-561;
 -11,-205,-138,  57,   2, -11, -38,-840,-553;
 -10,-201,-137,  57,   1, -10, -39,-843,-550;
  -8,-203,-136,  56,   2, -10, -39,-841,-550;
  -7,-204,-139,  54,   2, -11, -36,-840,-554;
  -7,-205,-138,  53,   2, -10, -39,-839,-552;
  -4,-205,-150,  52,   3, -10, -35,-842,-554;
  -4,-204,-141,  48,   2, -11, -34,-842,-555;
  -8,-203,-138,  47,   2, -11, -38,-835,-557;
 -10,-202,-137,  44,   2,  -9, -35,-833,-559;
 -10,-203,-142,  39,   2, -12, -45,-833,-564;
  -8,-204,-140,  35,   1, -11, -40,-834,-566;
  -6,-205,-137,  31,   3, -12, -39,-841,-570;
  -8,-204,-137,  26,   3, -14, -37,-835,-570;
  -7,-206,-137,  22,   4, -13, -47,-838,-566;
 -10,-206,-142,  20,   4, -14, -37,-841,-568;
  -5,-203,-139,  19,   6, -13, -40,-844,-572;
 -11,-206,-140,  19,   6, -13, -38,-846,-575;
  -7,-207,-142,  22,   9, -14, -38,-843,-570;
  -8,-209,-142,  24,  12, -13, -41,-846,-572;
  -7,-208,-142,  25,  15, -15, -38,-843,-570;
  -6,-207,-139,  26,  17, -13, -37,-843,-573;
  -8,-206,-142,  29,  22, -13, -33,-844,-570;
  -2,-205,-138,  30,  27, -13, -30,-837,-565;
  -4,-206,-139,  32,  30, -12, -30,-837,-567;
  -4,-204,-136,  34,  34, -12, -31,-836,-562;
  -2,-201,-143,  36,  37, -12, -29,-828,-569;
  -9,-202,-137,  39,  38, -13, -25,-827,-563;
  -8,-200,-140,  38,  38, -14, -32,-825,-565;
  -5,-201,-138,  36,  35, -15, -28,-821,-570;
  -3,-200,-138,  32,  35, -17, -24,-817,-569;
  -1,-198,-141,  28,  35, -19, -35,-817,-573;
  -3,-200,-142,  23,  34, -19, -26,-815,-575;
  -8,-196,-137,  17,  33, -18, -24,-815,-574;
  -2,-200,-143,  13,  35, -20, -32,-823,-570;
  -5,-200,-141,   9,  37, -19, -32,-823,-576;
  -6,-200,-142,   7,  37, -18, -27,-816,-580;
  -4,-198,-144,   6,  38, -17, -33,-815,-574;
  -3,-201,-141,   6,  40, -16, -33,-817,-582;
  -6,-196,-145,   5,  42, -16, -27,-813,-574;
  -5,-199,-147,   5,  43, -14, -31,-815,-582;
  -5,-194,-148,   6,  41, -12, -26,-810,-583;
  -8,-197,-141,   3,  39, -11, -28,-803,-587;
  -6,-195,-147,   1,  37, -12, -33,-807,-585;
  -4,-193,-148,  -3,  36, -10, -29,-796,-580;
  -7,-192,-143,  -7,  35,  -8, -34,-795,-576;
  -8,-193,-145, -13,  32,  -8, -39,-794,-582;
  -9,-193,-141, -20,  29, -10, -37,-791,-582;
  -9,-193,-141, -27,  27, -12, -37,-787,-579;
  -5,-175,-137, -34,  24, -12, -40,-784,-576;
  -4,-192,-142, -40,  22, -13, -37,-779,-576;
 -10,-190,-142, -46,  23, -13, -33,-778,-574;
  -8,-187,-143, -52,  26, -14, -31,-765,-574;
  -8,-188,-140, -59,  29, -15, -34,-766,-580;
  -8,-187,-140, -65,  34, -14, -36,-761,-579;
  -8,-188,-142, -73,  37, -16, -38,-757,-575;
  -9,-183,-142, -80,  41, -18, -32,-749,-578;
  -8,-183,-142, -90,  42, -19, -36,-745,-571;
  -9,-184,-144,-103,  44, -23, -32,-749,-581;
  -4,-182,-147,-116,  44, -25, -45,-740,-577;
  -9,-179,-148,-130,  44, -29, -41,-743,-584;
 -10,-182,-144,-146,  42, -32, -40,-744,-592;
 -12,-181,-146,-163,  41, -35, -39,-742,-592;
 -13,-180,-147,-177,  38, -40, -41,-744,-591;
 -14,-181,-146,-192,  34, -47, -51,-752,-590;
 -14,-179,-147,-204,  30, -53, -53,-752,-591;
 -11,-185,-148,-214,  24, -61, -53,-751,-591;
 -11,-190,-145,-223,  18, -68, -53,-758,-595;
 -10,-189,-147,-225,  12, -72, -54,-768,-595;
 -14,-185,-148,-225,  10, -74, -54,-761,-600;
 -14,-189,-147,-224,   8, -77, -54,-762,-598;
 -15,-184,-149,-223,   6, -79, -60,-769,-596;
 -16,-184,-150,-220,   4, -82, -70,-764,-595;
 -14,-184,-150,-217,  -1, -86, -65,-760,-594;
 -18,-185,-147,-215,  -8, -89, -68,-756,-591;
 -12,-187,-146,-213, -17, -91, -64,-752,-592;
 -13,-182,-148,-212, -23, -94, -58,-751,-596;
 -15,-183,-147,-213, -29, -95, -52,-747,-591;
 -14,-184,-142,-214, -31, -97, -47,-747,-584;
  -9,-183,-143,-218, -32, -98, -45,-742,-586;
  -7,-180,-142,-220, -32, -99, -38,-747,-584;
  -9,-182,-142,-223, -31,-101, -35,-741,-580;
  -8,-181,-143,-225, -31,-104, -35,-742,-586;
  -9,-179,-142,-224, -29,-107, -31,-734,-579;
 -10,-177,-144,-224, -28,-112, -33,-733,-574;
  -8,-174,-138,-221, -24,-117, -35,-727,-573;
  -7,-177,-145,-218, -20,-121, -41,-724,-571;
  -7,-176,-140,-218, -17,-126, -39,-714,-566;
  -7,-172,-140,-219, -13,-127, -38,-711,-561;
  -6,-174,-138,-221,  -8,-128, -33,-709,-569;
  -4,-171,-139,-225,  -3,-132, -39,-707,-568;
  -8,-170,-144,-232,   3,-133, -34,-704,-571;
  -3,-173,-140,-239,   8,-135, -30,-700,-566;
   0,-171,-144,-249,  15,-136, -27,-699,-563;
  -5,-170,-141,-260,  18,-139, -33,-702,-569;
  -3,-170,-142,-271,  21,-140, -21,-696,-568;
   0,-173,-145,-283,  26,-141, -18,-702,-575;
  -1,-172,-140,-292,  30,-141, -14,-699,-577;
   0,-171,-144,-300,  33,-143,  -6,-703,-578;
  -1,-175,-146,-306,  35,-147, -13,-706,-586;
   0,-172,-145,-311,  37,-151,  -8,-711,-587;
   0,-172,-142,-313,  37,-156, -11,-710,-588;
   0,-173,-144,-314,  36,-159, -10,-708,-593;
   0,-169,-148,-315,  34,-160,  -6,-707,-589;
   1,-170,-147,-317,  35,-163,  -9,-701,-586;
   0,-173,-148,-319,  34,-167, -13,-696,-583;
   0,-170,-143,-320,  33,-169, -12,-696,-575;
   0,-170,-144,-320,  30,-170, -10,-693,-571;
  -1,-163,-141,-317,  25,-170, -12,-683,-571;
   0,-165,-140,-313,  21,-170,  -6,-670,-567;
   0,-163,-141,-306,  19,-169,  -1,-666,-565;
   0,-156,-142,-297,  17,-165,   1,-655,-570;
   3,-161,-140,-290,  17,-163,   7,-653,-567;
   2,-158,-140,-284,  18,-158,   3,-643,-573;
   0,-156,-141,-282,  17,-155,  10,-638,-573;
   6,-154,-143,-283,  18,-152,   6,-637,-574;
   7,-154,-142,-286,  16,-148,  16,-627,-571;
   4,-153,-143,-292,  14,-146,  12,-626,-578;
   5,-149,-138,-302,  15,-145,  17,-619,-580;
   6,-152,-142,-315,  17,-140,  19,-627,-586;
   7,-152,-143,-327,  18,-137,  14,-617,-584;
   7,-151,-146,-343,  19,-133,  18,-624,-582;
   9,-150,-148,-356,  21,-129,  21,-621,-591;
   6,-149,-147,-368,  25,-126,  21,-621,-593;
   4,-152,-147,-377,  28,-121,  18,-632,-594;
   6,-152,-147,-386,  31,-115,  17,-631,-595;
   3,-154,-150,-396,  34,-112,  12,-631,-606;
   2,-156,-149,-402,  35,-108,   9,-633,-608;
   4,-155,-150,-405,  34,-106,  11,-629,-606;
   0,-152,-151,-406,  29,-104,   4,-631,-607;
   2,-152,-154,-410,  25,-104,   5,-630,-617;
   2,-153,-156,-412,  20,-105,   2,-633,-620;
   1,-154,-155,-418,  15,-107,   1,-632,-619;
   1,-155,-157,-420,  13,-107,  -3,-635,-629;
   3,-157,-159,-422,  11,-108,  -5,-640,-640;
   2,-159,-157,-427,  11,-108,  -8,-641,-648;
   0,-158,-164,-434,  14,-109, -10,-651,-656;
  -2,-163,-163,-439,  19,-110,  -7,-660,-664;
   0,-163,-161,-444,  21,-109, -14,-662,-666;
  -2,-164,-166,-447,  21,-108, -10,-678,-671;
  -1,-167,-166,-444,  22,-108,  -6,-689,-684;
   0,-169,-172,-435,  22,-105, -11,-685,-690;
   0,-170,-175,-419,  20,-102, -13,-698,-698;
   0,-173,-171,-403,  18, -98, -15,-701,-698;
  -2,-176,-170,-386,  12, -93, -15,-710,-702;
  -5,-173,-172,-367,   6, -89, -15,-706,-703;
  -2,-176,-179,-350,  -1, -83, -14,-712,-709;
  -6,-174,-175,-337,  -7, -76, -16,-717,-705;
  -2,-177,-174,-328, -12, -74, -24,-724,-708;
  -7,-179,-173,-319, -19, -69, -26,-726,-701;
  -7,-176,-170,-311, -25, -70, -23,-733,-692;
  -6,-180,-170,-301, -30, -69, -27,-734,-690;
  -6,-182,-172,-288, -33, -67, -38,-733,-689;
 -10,-180,-165,-268, -37, -68, -34,-733,-685;
 -10,-182,-166,-246, -40, -70, -40,-731,-670;
 -10,-181,-166,-215, -43, -74, -46,-738,-671;
 -12,-180,-162,-187, -48, -78, -44,-723,-666;
  -9,-177,-163,-157, -57, -81, -46,-722,-662;
 -11,-180,-165,-128, -66, -85, -45,-718,-658;
 -11,-177,-169, -99, -73, -88, -43,-721,-673;
 -10,-180,-167, -73, -77, -89, -40,-715,-690;
 -11,-176,-171, -53, -82, -90, -38,-720,-687;
  -4,-180,-169, -40, -88, -94, -40,-723,-692;
  -6,-177,-171, -36, -91, -98, -39,-718,-692;
  -5,-176,-171, -34, -95,-101, -40,-715,-690;
 -10,-173,-174, -34, -98,-102, -37,-715,-693;
  -8,-174,-169, -35,-104,-102, -31,-711,-700;
  -2,-177,-172, -37,-107,-104, -27,-709,-701;
  -1,-175,-176, -41,-111,-106, -34,-707,-705;
  -4,-171,-175, -44,-117,-107, -29,-709,-717;
  -3,-175,-176, -52,-121,-104, -30,-713,-715;
  -8,-174,-180, -59,-123, -99, -30,-718,-722;
  -4,-176,-179, -68,-122, -96, -28,-724,-720;
  -7,-177,-179, -75,-121, -90, -33,-722,-729;
  -8,-178,-182, -82,-118, -84, -37,-733,-721;
  -9,-179,-175, -88,-112, -79, -42,-733,-719;
  -7,-181,-173, -88,-105, -74, -36,-737,-720;
  -7,-179,-178, -84,-100, -65, -26,-738,-714;
  -6,-177,-177, -73, -91, -56, -22,-735,-719;
  -2,-184,-181, -53, -81, -45, -14,-738,-717;
  -1,-180,-175, -29, -67, -31, -12,-744,-725;
   1,-185,-177,   1, -53, -21,  -4,-746,-724;
   1,-186,-176,  34, -40, -12,   7,-749,-729;
   5,-190,-184,  65, -30,  -3,  19,-761,-741;
   8,-190,-185,  96, -19,   0,  28,-759,-748;
  10,-188,-183, 126,  -6,   4,  37,-762,-747;
   9,-190,-189, 155,   6,  12,  43,-768,-751;
  10,-189,-187, 180,  16,  22,  41,-775,-755;
  13,-191,-192, 200,  25,  31,  42,-781,-756;
   9,-190,-186, 210,  35,  39,  38,-775,-767;
   9,-191,-187, 213,  40,  43,  34,-781,-765;
   8,-192,-188, 213,  45,  45,  26,-778,-755;
   3,-187,-187, 212,  46,  47,  11,-779,-757;
   1,-188,-186, 212,  48,  47,  11,-774,-754;
   1,-187,-185, 210,  44,  43,   6,-763,-742;
  -1,-187,-186, 210,  38,  36,  -5,-755,-745;
   0,-183,-179, 211,  34,  31,  -3,-743,-736;
   0,-183,-184, 212,  31,  29, -14,-740,-728;
  -2,-178,-180, 213,  26,  27, -10,-729,-730;
  -4,-177,-182, 214,  17,  24, -10,-724,-726;
  -6,-170,-178, 213,   6,  20, -21,-721,-732;
  -5,-176,-181, 215,  -3,  23, -20,-712,-736;
  -5,-174,-181, 219, -10,  24, -19,-706,-738;
  -1,-174,-184, 225, -20,  30, -21,-710,-734;
  -4,-172,-187, 230, -26,  36, -18,-712,-751;
  -6,-177,-188, 228, -30,  37, -31,-715,-758;
  -5,-176,-185, 224, -30,  46, -21,-723,-752;
  -8,-177,-186, 219, -27,  59, -26,-735,-753;
  -2,-182,-186, 212, -26,  70, -18,-751,-751;
  -4,-184,-186, 205, -21,  75, -19,-757,-754;
  -4,-190,-186, 195, -11,  83, -22,-770,-755;
  -3,-192,-187, 185,  -3,  86, -17,-779,-753;
  -5,-193,-183, 173,   2,  92, -32,-788,-749;
  -7,-193,-188, 165,   6,  93, -24,-795,-750;
  -1,-195,-189, 164,   9,  93, -22,-796,-756;
   0,-197,-188, 168,   6,  94, -14,-796,-747;
   0,-196,-188, 180,   5,  88, -13,-799,-753;
  -2,-196,-183, 195,   8,  85, -14,-800,-750;
   0,-197,-185, 219,  12,  85,  -8,-795,-749;
   1,-198,-186, 247,  17,  85,  -4,-803,-750;
   0,-199,-182, 277,  20,  80,  -3,-801,-746;
  -3,-193,-186, 299,  25,  77,  -8,-796,-749;
   0,-193,-181, 319,  28,  77, -15,-794,-748;
   1,-191,-185, 335,  26,  80,   3,-780,-740;
   9,-184,-183, 347,  22,  71,   3,-775,-733;
   0,-187,-182, 352,  18,  62,   1,-764,-735;
   2,-181,-183, 349,  18,  60,   7,-746,-735;
   0,-179,-181, 339,  15,  55,   7,-727,-726;
   2,-175,-181, 325,  11,  51,   3,-718,-736;
   1,-176,-182, 309,   8,  54,   1,-714,-731;
   0,-175,-183, 288,   7,  55,   6,-714,-726;
   1,-174,-179, 265,   6,  55,   3,-712,-723;
   3,-177,-177, 240,   6,  55,  15,-719,-725;
   2,-178,-177, 215,   4,  52,   9,-719,-717;
   0,-179,-180, 194,   4,  48,   0,-720,-721;
   0,-177,-177, 176,   6,  52,   1,-730,-718;
   5,-179,-175, 161,   6,  59,  14,-734,-713;
   4,-182,-178, 150,   3,  59,  23,-735,-709;
   6,-184,-179, 143,   3,  55,  15,-753,-707;
  -1,-183,-176, 136,   4,  58,  -2,-758,-706;
   0,-187,-173, 129,  -7,  69,   6,-770,-706;
   7,-191,-170, 129, -12,  63,  37,-791,-700;
  -3,-192,-175, 133, -20,  52, -21,-784,-711;
   5,-200,-180, 135, -24,  78,  30,-807,-706;
  10,-200,-167, 142, -25,  75,  19,-808,-706;
   1,-201,-172, 154, -27,  65,  17,-815,-713;
  -5,-196,-177, 171, -33,  59, -20,-808,-711;
   7,-200,-179, 189, -29,  65,  14,-810,-714;
  -5,-197,-180, 210, -30,  60, -10,-800,-718;
   3,-195,-177, 229, -29,  69,   7,-807,-716;
   5,-197,-183, 244, -38,  76,  23,-808,-717;
   3,-196,-184, 254, -35,  67,  17,-804,-716;
   0,-193,-177, 256, -31,  58,  -1,-804,-722;
   5,-196,-174, 255, -34,  56,  26,-812,-718;
   2,-193,-176, 254, -37,  37,  17,-802,-725;
   5,-198,-179, 251, -35,  29,  19,-801,-717;
   8,-195,-179, 251, -29,  31,  28,-803,-725;
  10,-196,-180, 254, -18,  20,  45,-800,-720;
   2,-194,-182, 254,  -4,  13,  12,-788,-727;
   3,-193,-182, 254,   0,  24,  22,-796,-723;
 -38,-209,-209, 244, -21,  28,-113,-808,-747;
  15,-143,-186, 248, -10,  33, 112,-787,-660;
  20,-175,-139, 261,  34,   7,  48,-800,-729;
  29,-225,-127, 253,  23,  10,  18,-786,-709;
  -4,-222,-220, 236, -16,  27,  30,-802,-704;
   2,-177,-204, 222, -12,  24,  57,-799,-704;
  22,-177,-156, 209,  35,   9,  70,-797,-704;
  28,-205,-131, 196,  50,   0,  34,-788,-703;
  27,-208,-154, 182,  35,  19,  78,-805,-706;
   0,-187,-207, 170,  44,  14,  28,-797,-693;
   6,-184,-171, 166,  93,  25,  35,-800,-691;
  30,-203,-132, 166, 118,  31,  57,-810,-687;
 -44,-199,-161, 160,  95,  29, -79,-1078,-831;
  47,-159,-133, 157, 146,  64, 152,-758,-607;
  28,-224,-189, 172, 106,  49, 120,-817,-677;
  48,-213,-188, 142, 208,  59, 167,-813,-646;
  70,-252,-152,  50, 426, 110, 280,-1119,-648;
 -66,-180,-147, 117, 413,  73,-183,-770,-591;
 -64,-213,-197, 277, 181,  11,-212,-881,-732;
  15,-234,-175, 340,  16,  51,  49,-886,-715;
  29,-205,-160, 324, -49,  38,  73,-844,-711;
  19,-184,-172, 277, -80,  21,  55,-819,-736;
   9,-198,-190, 213, -92,  19,  38,-807,-750;
   9,-211,-189, 147, -77,  30,  43,-819,-748;
  11,-202,-169,  97, -53,  36,  55,-836,-729;
  14,-201,-170,  73, -44,  34,  47,-841,-725;
  14,-208,-177,  73, -52,  33,  50,-855,-713;
  11,-211,-188,  87, -51,  30,  40,-856,-711;
  15,-210,-173, 108, -37,  26,  47,-855,-702;
  10,-201,-162, 130, -29,  25,  38,-849,-698;
  13,-202,-167, 147, -32,  23,  37,-842,-703;
   6,-207,-183, 160, -38,  21,  29,-835,-697;
   4,-206,-185, 169, -25,  23,  25,-821,-696;
   8,-200,-163, 173,  -6,  22,  19,-817,-691;
   8,-197,-159, 176,  -3,  24,  15,-807,-691;
   2,-195,-168, 177, -13,  23,   9,-799,-688;
  -4,-192,-179, 174, -12,  20,  -3,-796,-685;
  -2,-191,-174, 171,   2,  17,  -5,-785,-674;
   1,-188,-156, 167,   7,  13, -10,-780,-664;
   1,-192,-162, 168,  -2,   8, -22,-780,-656;
  -8,-190,-166, 167,  -5,   6, -27,-770,-658;
  -9,-188,-171, 165,  -1,   2, -33,-771,-657;
 -10,-189,-165, 161,   8,  -1, -40,-762,-661;
  -9,-189,-161, 155,  10,  -3, -35,-766,-667;
  -9,-188,-163, 150,   7,  -6, -37,-763,-670;
 -11,-189,-174, 143,  13, -10, -35,-775,-679;
 -11,-191,-172, 136,  28, -14, -35,-769,-669;
  -5,-188,-160, 127,  36, -19, -32,-770,-675;
  -5,-189,-167, 117,  39, -26, -44,-775,-670;
 -14,-187,-173, 114,  40, -34, -44,-767,-681;
 -10,-192,-176, 105,  46, -36, -44,-774,-683;
  -6,-189,-174,  91,  51, -41, -35,-779,-680;
  -7,-192,-167,  79,  52, -45, -35,-780,-678;
  -9,-192,-172,  72,  52, -46, -40,-783,-685;
 -11,-192,-173,  70,  56, -48, -35,-791,-672;
  -9,-197,-168,  70,  59, -54, -41,-795,-669;
  -9,-193,-160,  74,  59, -57, -45,-800,-671;
  -9,-197,-166,  83,  54, -60, -40,-802,-681;
  -9,-196,-169,  93,  50, -62, -34,-804,-678;
 -11,-198,-170, 104,  53, -64, -44,-810,-679;
  -9,-199,-163, 115,  54, -67, -46,-808,-687;
 -10,-195,-164, 125,  51, -67, -48,-807,-693;
 -12,-195,-173, 134,  47, -66, -42,-801,-686;
 -13,-196,-175, 146,  45, -61, -42,-796,-687;
  -9,-192,-170, 155,  44, -59, -36,-785,-678;
  -9,-193,-167, 161,  39, -55, -36,-785,-682;
  -6,-192,-165, 166,  28, -52, -32,-785,-670;
  -9,-192,-170, 168,  19, -47, -33,-780,-665;
  -8,-189,-167, 165,  11, -44, -34,-777,-667;
  -4,-190,-164, 161,   4, -39, -30,-779,-659;
  -4,-190,-161, 155,  -6, -36, -32,-783,-664;
  -6,-190,-163, 150, -14, -32, -30,-776,-653;
  -7,-189,-164, 146, -20, -30, -33,-789,-660;
  -6,-192,-165, 144, -24, -25, -31,-791,-652;
  -8,-191,-158, 145, -28, -23, -26,-791,-651;
  -7,-191,-159, 148, -36, -18, -21,-793,-646;
  -6,-192,-163, 152, -41, -16, -21,-791,-646;
  -6,-191,-158, 157, -45, -15, -24,-790,-651;
  -4,-192,-161, 160, -49, -11, -18,-786,-655;
   0,-195,-159, 161, -53,  -8, -16,-781,-656;
  -2,-194,-167, 158, -54,  -6, -15,-784,-651;
  -1,-191,-166, 156, -53,  -5, -16,-782,-651;
   0,-192,-162, 153, -51,  -4,  -6,-783,-652;
  -1,-191,-161, 148, -52,  -3, -13,-785,-655;
   0,-193,-158, 144, -53,  -2, -10,-784,-661;
  -4,-191,-165, 141, -50,   0, -13,-788,-653;
   1,-194,-161, 139, -43,  -1,  -8,-788,-653;
  -1,-192,-161, 138, -38,   0, -14,-787,-650;
  -1,-190,-162, 138, -37,   3, -16,-788,-658;
  -3,-194,-165, 138, -33,   2, -19,-788,-657;
  -6,-193,-167, 138, -31,   2, -19,-788,-654;
  -7,-194,-164, 138, -28,   3, -21,-793,-658;
  -6,-192,-160, 138, -25,   2, -22,-793,-659;
  -4,-194,-160, 138, -20,   2, -25,-786,-669;
  -5,-192,-163, 138, -15,   2, -22,-791,-667;
  -2,-194,-164, 138,  -7,   0, -22,-790,-654;
  -5,-194,-165, 137,  -4,  -5, -30,-794,-658;
  -3,-193,-159, 136,  -3,  -8, -26,-797,-648;
  -4,-195,-164, 137,  -3, -10, -25,-794,-650;
  -9,-193,-158, 139,  -3, -14, -34,-795,-651;
  -5,-197,-160, 142,  -1, -15, -31,-798,-647;
  -6,-195,-157, 145,  -2, -17, -21,-799,-650;
 -10,-194,-158, 146,  -3, -17, -26,-796,-645;
  -7,-193,-167, 147,  -4, -17, -28,-796,-646;
  -9,-193,-163, 145,  -5, -17, -28,-791,-646;
  -5,-195,-158, 141,  -9, -14, -23,-792,-651;
  -3,-193,-158, 138, -11, -13, -27,-790,-645;
  -7,-192,-160, 135, -12, -14, -22,-795,-644;
  -4,-193,-160, 131, -14, -11, -23,-794,-637;
  -5,-194,-158, 127, -16, -10, -29,-794,-642;
  -5,-195,-159, 121, -17,  -9, -23,-791,-640;
  -2,-192,-157, 120, -18,  -9, -25,-789,-637;
  -5,-193,-155, 118, -20,  -8, -26,-789,-632;
  -5,-193,-152, 116, -21,  -9, -23,-795,-633;
  -8,-195,-158, 114, -23,  -9, -25,-795,-631;
  -3,-194,-157, 114, -22, -10, -30,-793,-626;
  -5,-195,-157, 116, -24, -11, -23,-801,-629;
 -10,-195,-156, 116, -25, -10, -28,-799,-623;
  -8,-196,-150, 117, -25,  -9, -31,-806,-614;
  -6,-194,-151, 120, -28, -11, -32,-804,-614;
  -5,-196,-154, 122, -30, -13, -35,-801,-613;
  -6,-193,-149, 122, -34, -13, -31,-804,-612;
  -8,-192,-153, 121, -36, -11, -33,-797,-612;
  -2,-195,-155, 116, -39, -11, -26,-798,-617;
  -5,-193,-152, 113, -42, -10, -32,-798,-613;
  -6,-196,-151, 110, -45, -11, -29,-804,-622;
  -4,-194,-154, 108, -45, -11, -28,-805,-615;
  -5,-198,-152, 105, -43, -10, -32,-804,-624;
  -7,-193,-150, 102, -39,  -9, -25,-811,-623;
  -4,-197,-150,  99, -38,  -8, -27,-809,-627;
  -6,-198,-157,  98, -33,  -9, -20,-812,-622;
  -3,-198,-155, 100, -28,  -7, -23,-808,-625;
  -4,-198,-153, 104, -23,  -6, -21,-812,-626;
  -4,-197,-156, 107, -21,  -4, -21,-817,-617;
  -2,-198,-156, 112, -21,  -2, -19,-812,-619;
  -5,-199,-156, 115, -23,  -2, -24,-810,-618;
  -6,-197,-152, 120, -26,  -3, -24,-806,-612;
  -4,-198,-151, 121, -29,  -5, -23,-805,-617;
  -6,-187,-156, 122, -34,  -7, -31,-806,-611;
  -7,-197,-154, 121, -36,  -6, -38,-803,-603;
  -8,-194,-150, 121, -40,  -8, -38,-805,-610;
  -8,-195,-153, 120, -41,  -8, -35,-800,-605;
  -4,-198,-145, 120, -44,  -6, -39,-803,-607;
  -7,-194,-148, 119, -47,  -7, -37,-803,-606;
 -10,-196,-152, 119, -47,  -6, -36,-798,-611;
  -7,-197,-153, 121, -44,  -5, -34,-802,-609;
  -6,-193,-154, 122, -40,  -5, -34,-799,-611;
  -6,-192,-151, 123, -40,  -5, -31,-800,-620;
  -8,-192,-150, 124, -38,  -6, -29,-799,-612;
  -8,-193,-155, 126, -35,  -7, -30,-798,-615;
  -4,-194,-152, 126, -32,  -8, -24,-800,-617;
  -2,-197,-152, 127, -29,  -7, -32,-799,-614;
  -7,-194,-152, 127, -28,  -5, -32,-794,-617;
  -7,-194,-157, 127, -26,  -6, -31,-792,-616;
  -7,-191,-155, 125, -25,  -8, -36,-792,-609;
  -9,-192,-151, 123, -26,  -5, -33,-794,-610;
  -5,-193,-151, 120, -27,  -5, -33,-790,-612;
 -10,-192,-156, 116, -29,  -5, -31,-791,-604;
 -10,-191,-152, 114, -32,  -3, -39,-789,-610;
 -10,-192,-150, 113, -33,  -3, -37,-786,-607;
 -11,-193,-150, 112, -36,  -3, -40,-790,-609;
  -9,-193,-149, 109, -36,   0, -44,-793,-604;
 -10,-193,-148, 107, -34,  -1, -40,-796,-607;
 -11,-192,-149, 106, -34,   0, -43,-797,-610;
  -8,-193,-153, 106, -32,   1, -42,-790,-605;
  -9,-193,-153, 109, -30,   1, -44,-795,-604;
  -8,-192,-149, 110, -29,   2, -40,-792,-611;
 -11,-194,-152, 110, -28,   3, -42,-792,-609;
 -10,-193,-151, 108, -26,   5, -40,-791,-615;
 -10,-192,-150, 105, -25,   6, -44,-792,-606;
  -9,-193,-149, 101, -23,   6, -36,-791,-610;
  -9,-194,-152,  98, -20,   6, -41,-798,-610;
  -9,-193,-150,  96, -19,   8, -36,-799,-608;
  -9,-195,-151,  96, -17,  10, -38,-798,-613;
  -7,-194,-148,  98, -15,   9, -39,-798,-612;
  -9,-193,-152, 100, -11,  10, -42,-801,-613;
  -5,-195,-155, 102,  -8,   9, -42,-796,-613;
 -10,-195,-152, 103,  -4,  10, -45,-795,-612;
  -9,-199,-151, 105,   1,   9, -43,-797,-611;
 -13,-194,-152, 105,   5,  11, -53,-795,-614;
 -12,-195,-151, 103,   7,  11, -46,-796,-613;
 -10,-197,-153, 103,   8,   8, -52,-801,-609;
 -12,-194,-151, 103,  11,   7, -55,-799,-612;
 -10,-198,-155, 104,  12,   6, -56,-803,-613;
 -12,-197,-153, 103,  10,   6, -52,-803,-611;
 -14,-192,-149, 102,  10,   5, -55,-804,-615;
  -8,-197,-154, 102,  10,   5, -51,-807,-613;
 -12,-196,-150, 103,  12,   5, -51,-806,-612;
 -11,-199,-152, 105,  12,   6, -48,-803,-610;
 -11,-199,-153, 106,  15,   7, -46,-810,-612;
 -11,-194,-152, 109,  15,   7, -40,-805,-609;
 -13,-197,-151, 110,  14,   8, -42,-810,-604;
 -12,-195,-153, 110,  15,   6, -40,-804,-606;
 -12,-194,-151, 110,  14,   5, -45,-806,-605;
 -14,-195,-149, 108,  14,   4, -47,-804,-602;
 -11,-197,-151, 109,  11,   4, -43,-806,-601;
  -9,-198,-149, 106,  10,   2, -45,-815,-604;
 -10,-199,-154, 104,   8,   3, -43,-808,-600;
 -11,-199,-150, 104,   8,   1, -48,-805,-595;
 -11,-194,-148, 101,   7,   2, -47,-801,-605;
 -12,-195,-153,  99,   6,   0, -46,-812,-601;
 -11,-196,-151,  96,   5,  -1, -39,-807,-603;
 -11,-197,-148,  92,   5,  -2, -43,-807,-603;
 -12,-195,-146,  87,   5,  -4, -43,-814,-611;
 -10,-194,-152,  82,   6,  -7, -45,-811,-609;
  -9,-198,-151,  82,   6,  -8, -45,-812,-605;
 -12,-200,-151,  81,   6,  -8, -47,-818,-610;
  -9,-200,-154,  82,   7, -10, -46,-816,-612;
 -14,-199,-153,  83,   6,  -9, -45,-816,-609;
 -12,-199,-152,  83,   5,  -6, -47,-822,-610;
  -9,-199,-147,  84,   4,  -8, -40,-822,-606;
 -11,-203,-149,  84,   6,  -8, -42,-821,-609;
 -11,-198,-152,  88,   6,  -6, -40,-820,-611;
  -8,-200,-151,  92,   7,  -4, -36,-820,-602;
  -8,-200,-151,  98,   6,  -4, -32,-814,-605;
  -8,-197,-145, 101,   5,  -6, -39,-815,-600;
  -9,-198,-147, 100,   1,  -3, -38,-818,-597;
 -10,-199,-147,  99,   2,  -3, -41,-820,-601;
  -7,-198,-149,  98,   1,  -2, -41,-813,-600;
  -7,-198,-147,  97,   1,  -2, -37,-816,-599;
 -10,-197,-151,  94,   0,  -4, -39,-809,-593;
  -7,-198,-148,  92,   1,  -3, -37,-811,-600;
 -10,-198,-148,  91,   2,  -3, -39,-810,-597;
 -10,-198,-150,  90,   7,  -1, -36,-814,-599;
  -8,-196,-147,  90,  13,   1, -39,-814,-597;
  -8,-199,-149,  88,  18,   4, -36,-814,-600;
  -6,-201,-150,  84,  23,   7, -38,-815,-603;
  -6,-200,-154,  84,  28,   7, -26,-820,-598;
  -4,-201,-147,  83,  32,   8, -29,-819,-599;
  -5,-199,-144,  83,  34,   9, -29,-820,-591;
  -8,-200,-147,  82,  34,   8, -26,-823,-592;
  -7,-202,-146,  80,  33,   9, -37,-822,-586;
 -11,-201,-148,  79,  32,   7, -37,-827,-597;
  -4,-192,-144,  77,  31,   7, -43,-827,-597;
 -12,-202,-145,  78,  31,   7, -44,-825,-597;
  -9,-200,-151,  78,  31,   8, -39,-823,-597;
 -12,-211,-139,  78,  28,   8, -42,-825,-596;
  -7,-209,-150,  77,  29,  10, -35,-825,-601;
 -20,-213,-152,  78,  30,  12, -39,-832,-600;
 -11,-194,-161,  81,  32,  11, -37,-828,-603;
  -3,-222,-113,  82,  34,  16, -35,-826,-596;
  -4,-194,-146,  84,  37,  18, -29,-820,-593;
 -19,-204,-143,  86,  42,  20, -26,-821,-593;
 -19,-200,-155,  88,  47,  22, -31,-823,-595;
  -7,-200,-154,  92,  47,  22, -35,-820,-593;
   0,-198,-154,  95,  48,  22, -33,-823,-592;
 -11,-200,-140,  94,  47,  22, -27,-826,-590;
  -9,-201,-149,  96,  46,  21, -31,-818,-589;
  -7,-199,-146,  97,  45,  22, -36,-816,-592;
 -11,-201,-150,  95,  41,  20, -43,-815,-591;
  -4,-201,-126,  91,  40,  20, -48,-815,-591;
 -10,-196,-142,  89,  38,  20, -41,-816,-593;
 -10,-199,-143,  86,  38,  21, -46,-815,-589;
 -10,-197,-145,  84,  35,  22, -39,-816,-591;
 -10,-196,-146,  83,  37,  19, -39,-815,-590;
 -11,-197,-147,  81,  38,  20, -44,-813,-593;
  -6,-199,-152,  79,  39,  22, -37,-814,-594;
  -6,-200,-149,  79,  41,  20, -32,-814,-598;
  -6,-198,-150,  76,  43,  22, -34,-813,-603;
 -11,-197,-147,  75,  46,  22, -33,-814,-597;
  -8,-200,-149,  72,  50,  22, -29,-812,-601;
  -8,-203,-147,  72,  51,  22, -33,-815,-595;
  -9,-201,-144,  73,  52,  22, -36,-815,-600;
  -8,-201,-148,  75,  53,  21, -36,-826,-593;
  -9,-200,-146,  76,  51,  20, -40,-818,-595;
  -8,-201,-144,  77,  48,  19, -34,-813,-592;
  -9,-200,-146,  78,  45,  20, -41,-814,-591;
  -8,-199,-147,  80,  43,  20, -40,-813,-594;
  -6,-200,-150,  80,  39,  19, -34,-812,-593;
  -8,-192,-161,  77,  36,  18, -43,-809,-594;
  -8,-196,-148,  75,  34,  18, -35,-814,-592;
 -13,-200,-147,  75,  33,  17, -41,-813,-599;
 -10,-195,-146,  73,  33,  18, -38,-809,-591;
 -11,-199,-146,  71,  35,  19, -36,-808,-593;
 -11,-197,-148,  70,  37,  19, -41,-807,-593;
  -9,-198,-146,  68,  37,  18, -36,-809,-592;
  -7,-196,-147,  67,  39,  17, -36,-808,-591;
 -12,-195,-148,  65,  41,  15, -35,-810,-588;
  -8,-194,-148,  68,  43,  16, -34,-805,-594;
  -8,-194,-149,  67,  45,  14, -38,-803,-593;
  -7,-197,-148,  67,  46,  13, -38,-798,-591;
  -7,-195,-147,  64,  48,  12, -39,-798,-591;
  -9,-197,-145,  63,  47,  14, -38,-807,-594;
 -10,-198,-147,  61,  49,  12, -44,-811,-594;
 -12,-196,-146,  60,  47,  12, -46,-813,-593;
 -10,-197,-145,  59,  44,   9, -48,-817,-593;
 -14,-195,-147,  58,  38,  10, -50,-811,-591;
 -12,-198,-150,  59,  36,   9, -47,-811,-591;
  -9,-199,-145,  63,  36,  11, -44,-812,-594;
  -8,-198,-147,  68,  35,  12, -43,-810,-593;
  -9,-197,-146,  72,  34,  13, -46,-808,-592;
  -8,-197,-143,  75,  31,  14, -40,-814,-595;
  -8,-193,-145,  76,  29,  12, -36,-800,-593;
 -11,-198,-143,  74,  28,  13, -39,-806,-592;
  -7,-195,-144,  71,  28,  13, -39,-812,-591;
 -12,-197,-142,  69,  28,  11, -47,-811,-596;
 -12,-198,-145,  66,  29,   9, -46,-812,-583;
 -11,-197,-145,  64,  31,   9, -49,-812,-586;
 -13,-198,-146,  64,  30,   8, -52,-814,-591;
 -13,-194,-145,  61,  31,   5, -49,-809,-591;
 -14,-195,-145,  60,  33,   1, -51,-802,-590;
  -7,-200,-144,  56,  36,   1, -46,-808,-594;
 -12,-196,-146,  56,  38,   1, -50,-809,-590;
  -9,-197,-148,  56,  42,   3, -49,-800,-589;
  -9,-198,-145,  56,  40,   2, -46,-807,-583;
 -10,-199,-141,  54,  39,   0, -48,-810,-581;
 -13,-199,-145,  52,  36,   1, -44,-811,-581;
  -9,-202,-145,  49,  35,   1, -49,-819,-577;
  -9,-203,-146,  48,  36,   1, -51,-828,-586;
 -13,-203,-142,  52,  38,   2, -46,-824,-585;
 -11,-205,-143,  57,  40,   2, -48,-830,-587;
  -9,-203,-148,  64,  41,   0, -52,-823,-585;
 -13,-201,-140,  71,  39,   0, -51,-826,-591;
 -13,-201,-149,  77,  38,   0, -49,-827,-593;
 -11,-198,-144,  80,  36,  -2, -51,-823,-604;
 -12,-198,-150,  83,  34,  -3, -51,-813,-598;
  -8,-199,-150,  78,  31,  -4, -46,-811,-604;
 -13,-195,-146,  71,  28,  -5, -50,-810,-597;
 -12,-200,-147,  63,  24,  -6, -47,-814,-598;
 -11,-197,-142,  55,  20,  -8, -52,-812,-593;
 -12,-201,-146,  51,  16,  -7, -54,-813,-589;
 -12,-201,-145,  48,  11,  -4, -55,-820,-590;
 -16,-200,-144,  49,   8,  -4, -62,-821,-588;
 -13,-200,-145,  49,   3,  -4, -52,-822,-580;
 -16,-201,-143,  49,   1,  -3, -68,-814,-576;
 -14,-203,-146,  50,   2,  -3, -60,-820,-588;
 -14,-201,-143,  51,   4,  -4, -64,-819,-586;
 -13,-200,-146,  52,   5,  -5, -59,-825,-582;
 -14,-200,-150,  55,   6,  -6, -50,-820,-584;
 -11,-199,-147,  58,   8,  -8, -53,-817,-592;
 -11,-200,-146,  60,   9,  -9, -52,-815,-589;
 -11,-201,-149,  63,   9, -11, -50,-821,-592;
 -11,-197,-142,  65,   6, -13, -47,-818,-591;
 -10,-200,-148,  64,   2, -15, -43,-814,-586;
 -11,-201,-144,  67,   2, -18, -51,-820,-583;
 -11,-199,-139,  70,   1, -17, -45,-818,-577;
  -8,-203,-142,  74,   0, -15, -52,-820,-581;
 -12,-198,-143,  79,  -1, -13, -48,-817,-580;
 -14,-200,-145,  82,  -2, -13, -53,-820,-580;
 -11,-202,-148,  84,   0, -13, -55,-816,-588;
 -11,-197,-143,  84,   1, -14, -55,-814,-588;
 -10,-202,-145,  83,   2, -13, -54,-813,-583;
 -14,-197,-146,  81,   1, -14, -53,-817,-589;
  -9,-197,-146,  82,   3, -17, -43,-819,-586;
 -11,-201,-141,  84,   2, -20, -47,-816,-588;
 -14,-200,-145,  85,   0, -21, -51,-818,-588;
 -10,-196,-148,  86,   0, -22, -49,-813,-589;
 -14,-197,-147,  87,   1, -25, -47,-817,-591;
 -10,-199,-146,  83,   3, -26, -54,-814,-593;
 -12,-201,-146,  81,   4, -26, -50,-812,-593;
 -13,-198,-142,  79,   6, -28, -53,-815,-589;
 -11,-200,-145,  81,   6, -28, -52,-817,-583;
 -15,-197,-143,  82,   6, -29, -51,-817,-583;
 -11,-200,-143,  83,   3, -30, -53,-814,-582;
  -9,-197,-148,  84,  -2, -30, -53,-814,-583;
  -9,-203,-146,  87,  -4, -29, -50,-815,-586;
 -11,-194,-136,  87,  -9, -29, -45,-816,-584;
  -8,-199,-145,  88, -10, -26, -49,-814,-594;
  -9,-199,-143,  89, -12, -25, -45,-816,-591;
 -11,-198,-144,  86, -15, -25, -46,-812,-593;
  -7,-200,-148,  83, -18, -25, -41,-812,-593;
 -13,-200,-144,  81, -20, -26, -38,-814,-591;
 -14,-198,-149,  82, -22, -26, -42,-819,-590;
 -10,-195,-147,  82, -24, -26, -38,-817,-593;
 -11,-200,-148,  81, -26, -27, -44,-815,-587;
  -7,-198,-146,  80, -26, -28, -46,-811,-586;
  -8,-197,-144,  78, -26, -27, -45,-812,-588;
 -11,-198,-147,  76, -27, -27, -42,-811,-588;
 -11,-194,-145,  72, -25, -28, -48,-813,-592;
 -10,-199,-145,  70, -24, -27, -47,-816,-592;
 -11,-200,-145,  67, -23, -31, -46,-810,-589;
 -11,-202,-147,  64, -23, -32, -48,-815,-588;
 -11,-197,-147,  64, -24, -33, -46,-816,-591;
  -9,-202,-148,  64, -23, -33, -42,-822,-588;
 -10,-203,-143,  64, -22, -33, -47,-824,-591;
 -10,-201,-148,  66, -21, -33, -46,-822,-592;
  -8,-199,-145,  65, -19, -35, -44,-819,-591;
  -7,-200,-146,  61, -17, -34, -44,-824,-592;
  -7,-200,-147,  57, -15, -33, -37,-820,-590;
  -5,-201,-146,  56, -14, -31, -36,-820,-592;
  -8,-202,-148,  56, -19, -30, -35,-825,-585;
  -4,-203,-144,  58, -19, -30, -28,-830,-591;
  -3,-199,-144,  61, -21, -25, -29,-825,-592;
  -2,-201,-145,  61, -22, -22, -28,-823,-590;
  -8,-202,-146,  60, -22, -21, -23,-826,-590;
  -4,-200,-144,  59, -23, -20, -22,-819,-594;
  -3,-201,-148,  58, -24, -20, -24,-822,-589;
  -6,-196,-148,  55, -23, -19, -24,-818,-591;
  -5,-199,-144,  51, -21, -17, -29,-816,-583;
  -8,-201,-145,  43, -20, -16, -30,-813,-587;
 -11,-201,-144,  38, -18, -15, -38,-816,-584;
 -11,-198,-141,  31, -16, -13, -36,-825,-575;
  -8,-201,-140,  28, -17, -12, -34,-820,-577;
 -11,-197,-144,  29, -18, -12, -38,-823,-572;
  -8,-200,-144,  31, -19, -12, -39,-823,-580;
  -9,-201,-143,  32, -18, -10, -42,-818,-582;
 -11,-200,-146,  32, -17, -11, -48,-819,-583;
  -9,-199,-143,  31, -16, -10, -50,-826,-584;
 -10,-201,-147,  28, -13, -10, -47,-824,-589;
  -7,-193,-145,  26, -10,  -9, -46,-822,-590;
  -9,-199,-145,  27,  -5, -12, -46,-826,-593;
  -9,-201,-146,  28,   0, -11, -45,-830,-587;
 -10,-203,-149,  29,   5, -13, -45,-819,-590;
 -11,-198,-148,  31,   9, -13, -40,-823,-590;
  -9,-201,-144,  33,  12, -15, -43,-825,-583;
  -7,-201,-143,  35,  17, -16, -46,-825,-590;
 -11,-202,-143,  35,  18, -18, -46,-821,-580;
  -9,-201,-145,  34,  19, -17, -44,-820,-579;
 -11,-201,-142,  31,  18, -16, -48,-824,-579;
  -7,-198,-143,  30,  18, -17, -47,-819,-575;
 -10,-201,-144,  30,  17, -16, -52,-826,-580;
 -12,-201,-140,  30,  14, -16, -54,-825,-578;
 -11,-202,-141,  30,  13, -15, -57,-827,-575;
 -10,-201,-140,  30,  11, -13, -49,-822,-574;
 -15,-200,-143,  29,  10, -11, -50,-829,-571;
 -13,-200,-142,  31,  11, -10, -52,-826,-576;
 -10,-200,-142,  32,   7,  -7, -48,-825,-582;
 -12,-200,-142,  34,   6,  -5, -48,-824,-573;
 -13,-201,-141,  34,   4,  -4, -49,-828,-584;
 -10,-199,-142,  33,   3,  -3, -49,-823,-585;
 -14,-201,-142,  35,   4,  -2, -51,-823,-575;
 -13,-202,-142,  38,   2,  -2, -51,-822,-577;
 -13,-199,-144,  38,   1,  -3, -51,-818,-579;
 -11,-198,-140,  39,   3,  -1, -47,-822,-585;
 -12,-199,-142,  39,   4,  -2, -51,-818,-579;
 -11,-199,-143,  36,   4,   0, -48,-817,-578;
 -13,-201,-145,  35,   3,  -1, -53,-818,-582;
 -10,-200,-142,  36,   3,  -1, -54,-816,-579;
 -11,-198,-145,  34,   2,  -1, -51,-813,-583;
 -13,-195,-141,  33,   1,  -1, -53,-814,-584;
 -13,-197,-142,  31,   0,  -2, -58,-815,-580;
 -16,-200,-146,  30,  -1,   0, -62,-814,-587;
 -13,-200,-146,  30,   0,   0, -58,-816,-588;
 -14,-199,-145,  29,   3,   0, -56,-818,-587;
 -14,-201,-144,  29,   5,   1, -58,-823,-584;
 -15,-200,-147,  32,   7,   0, -53,-823,-587;
 -13,-198,-145,  40,   9,   0, -54,-820,-588;
 -13,-202,-146,  46,  12,   2, -55,-824,-589;
 -12,-197,-146,  52,  14,  -1, -49,-816,-587;
 -10,-200,-145,  57,  16,  -1, -50,-813,-591;
  -8,-198,-144,  59,  16,  -1, -47,-817,-588;
  -9,-197,-145,  60,  19,  -3, -44,-812,-585;
  -9,-199,-143,  60,  19,  -3, -39,-810,-576;
 -12,-200,-141,  61,  21,  -5, -43,-812,-580;
  -8,-197,-142,  62,  18,  -7, -47,-815,-583;
  -8,-197,-143,  61,  19, -10, -48,-809,-587;
  -9,-197,-148,  58,  19,  -9, -47,-814,-587;
 -11,-196,-146,  55,  19,  -9, -45,-811,-589;
 -13,-196,-148,  51,  21, -10, -51,-814,-588;
 -11,-196,-146,  47,  21, -10, -53,-812,-587;
 -14,-198,-149,  44,  23, -10, -48,-810,-582;
 -12,-197,-149,  44,  23,  -9, -55,-811,-593;
 -14,-199,-149,  45,  24, -10, -60,-810,-587;
 -14,-198,-146,  48,  24, -11, -57,-815,-591;
 -13,-198,-150,  51,  24, -13, -51,-812,-601;
 -13,-199,-145,  53,  24, -12, -49,-812,-594;
 -12,-196,-147,  54,  24, -11, -52,-811,-598;
  -7,-200,-149,  54,  20, -14, -47,-818,-594;
 -12,-195,-147,  53,  21, -15, -39,-814,-589;
  -8,-198,-146,  52,  18, -16, -44,-813,-591;
  -5,-201,-148,  51,  16, -15, -38,-815,-592;
  -6,-199,-147,  51,  16, -17, -36,-814,-592;
  -8,-198,-148,  51,  16, -16, -35,-816,-591;
  -8,-196,-146,  52,  16, -17, -35,-813,-591;
  -9,-198,-146,  54,  17, -16, -33,-817,-580;
  -7,-202,-144,  54,  17, -15, -35,-816,-592;
 -10,-200,-147,  54,  18, -14, -38,-811,-589;
 -11,-195,-146,  53,  18, -12, -43,-812,-585;
  -8,-199,-147,  50,  21, -14, -46,-808,-591;
  -8,-198,-147,  50,  21, -12, -48,-815,-589;
 -10,-198,-149,  50,  23, -11, -41,-811,-590;
 -13,-198,-142,  50,  24, -11, -48,-813,-589;
 -12,-200,-146,  47,  25, -12, -56,-812,-592;
 -12,-197,-143,  46,  23, -12, -52,-815,-591;
  -9,-201,-146,  47,  21, -11, -51,-811,-593;
 -12,-196,-152,  47,  18, -10, -46,-811,-595;
 -11,-197,-148,  44,  15, -10, -43,-816,-591;
 -10,-197,-145,  40,  12,  -9, -45,-814,-589;
 -11,-199,-145,  38,   9,  -7, -36,-813,-585;
  -9,-198,-147,  35,   7,  -7, -43,-814,-591;
 -11,-199,-146,  33,   8,  -7, -38,-815,-591;
  -7,-201,-147,  33,   9,  -8, -38,-816,-590;
  -7,-199,-148,  34,  12,  -9, -35,-820,-589;
  -8,-200,-146,  37,  14,  -9, -34,-820,-591;
  -8,-201,-143,  41,  19, -10, -35,-825,-589;
  -6,-203,-143,  47,  23, -12, -40,-823,-590;
  -9,-200,-146,  50,  23, -15, -39,-820,-586;
 -11,-200,-146,  51,  23, -20, -47,-820,-592;
  -9,-202,-146,  52,  26, -22, -46,-826,-589;
 -10,-202,-143,  53,  26, -21, -45,-820,-590;
 -10,-199,-142,  53,  27, -21, -50,-822,-591;
 -10,-199,-147,  52,  27, -21, -53,-820,-590;
 -11,-202,-150,  48,  24, -21, -51,-817,-590;
 -12,-201,-148,  42,  21, -23, -51,-817,-596;
 -11,-201,-153,  35,  20, -26, -51,-822,-598;
  -9,-201,-146,  29,  20, -28, -51,-825,-596;
  -9,-200,-145,  25,  22, -30, -46,-836,-599;
 -12,-205,-147,  21,  21, -31, -40,-837,-599;
 -12,-204,-148,  20,  20, -31, -47,-833,-604;
 -12,-204,-151,  17,  22, -32, -45,-839,-604;
 -11,-206,-156,  14,  23, -31, -48,-836,-614;
 -10,-206,-158,  10,  26, -29, -48,-839,-617;
 -12,-207,-153,   4,  30, -28, -47,-845,-627;
 -11,-204,-156,  -2,  34, -29, -48,-849,-625;
 -12,-206,-155, -10,  36, -27, -46,-853,-620;
  -3,-212,-152, -16,  41, -26, -47,-858,-622;
  -8,-212,-151, -15,  45, -25, -45,-860,-614;
   0,-198,-151, -14,  51, -23, -41,-865,-625;
 -16,-212,-159, -14,  55, -23, -43,-866,-619;
 -14,-218,-140, -13,  58, -22, -52,-868,-630;
 -14,-212,-152, -14,  62, -23, -52,-868,-629;
  -4,-224,-138, -16,  64, -20, -47,-864,-632;
  -8,-209,-155, -21,  65, -20, -46,-863,-629;
 -15,-217,-141, -29,  63, -21, -45,-870,-630;
 -14,-202,-154, -34,  60, -20, -46,-870,-621;
 -16,-211,-161, -37,  56, -20, -51,-881,-628;
 -19,-216,-168, -45,  50, -17, -52,-871,-635;
  -5,-198,-154, -54,  46, -18, -53,-879,-635;
 -16,-223,-135, -66,  38, -18, -65,-878,-637;
 -19,-213,-153, -81,  28, -20, -68,-884,-645;
 -18,-205,-167, -99,  19, -24, -69,-887,-644;
 -22,-211,-158,-118,  11, -26, -64,-904,-647;
 -15,-222,-174,-136,   7, -25, -61,-900,-649;
 -11,-221,-171,-152,   7, -24, -65,-911,-651;
 -42,-235,-163,-161,  10, -23, -59,-916,-662;
 -22,-222,-167,-168,  17, -22, -55,-920,-655;
  -7,-214,-175,-174,  24, -23, -53,-926,-661;
   0,-215,-164,-175,  31, -26, -49,-928,-663;
  -6,-230,-165,-175,  36, -29, -51,-931,-673;
  -7,-226,-178,-176,  40, -30, -51,-929,-671;
 -13,-218,-157,-178,  40, -33, -50,-928,-690;
 -29,-228,-183,-188,  41, -34, -57,-928,-695;
 -12,-225,-164,-197,  44, -33, -51,-932,-694;
 -13,-225,-167,-202,  54, -29, -44,-929,-693;
  -7,-237,-173,-202,  66, -22, -43,-930,-702;
  -9,-223,-175,-199,  77, -17, -35,-930,-702;
  -8,-218,-180,-202,  83, -13, -28,-924,-707;
  -8,-222,-178,-208,  86,  -7, -25,-924,-711;
 -12,-230,-178,-215,  87,  -2, -19,-922,-710;
  -2,-223,-177,-219,  89,   2,  -9,-920,-713;
   0,-223,-177,-222,  88,   5,  -5,-920,-712;
  -5,-222,-176,-224,  90,   6, -11,-922,-714;
  -1,-228,-175,-226,  96,   6, -12,-923,-708;
  -5,-232,-169,-229, 106,   8, -13,-928,-705;
  -3,-223,-171,-233, 119,  14, -16,-930,-700;
  -1,-229,-173,-236, 134,  23, -15,-927,-697;
   0,-225,-175,-236, 151,  31,  -8,-927,-696;
  -1,-226,-171,-232, 162,  38, -13,-923,-691;
  -5,-219,-173,-230, 169,  42,  -9,-915,-691;
   0,-218,-172,-230, 171,  43,  -7,-908,-676;
   0,-214,-168,-232, 173,  46,  -7,-890,-680;
   3,-217,-168,-237, 174,  46,  -7,-882,-687;
   2,-213,-167,-243, 176,  44, -13,-866,-684;
  -1,-207,-168,-257, 176,  46, -12,-860,-680;
  -4,-205,-170,-271, 175,  44,  -5,-853,-684;
  -2,-209,-168,-288, 175,  45, -16,-846,-694;
  -3,-205,-171,-303, 176,  47, -18,-851,-690;
  -4,-205,-175,-316, 176,  46, -24,-846,-691;
  -9,-206,-167,-328, 174,  46, -32,-846,-689;
  -8,-206,-168,-337, 173,  48, -36,-851,-690;
 -12,-205,-170,-342, 172,  45, -37,-847,-700;
 -11,-206,-172,-336, 179,  49, -27,-847,-698;
  -9,-207,-173,-325, 188,  51, -33,-844,-700;
  -6,-202,-171,-317, 192,  52, -31,-836,-705;
 -10,-201,-173,-308, 196,  58, -27,-838,-704;
  -6,-203,-176,-300, 196,  57, -25,-826,-711;
  -6,-201,-173,-297, 199,  53, -22,-818,-704;
  -4,-196,-173,-295, 196,  53, -29,-810,-698;
  -6,-196,-173,-297, 192,  55, -33,-801,-697;
   0,-195,-177,-298, 187,  55, -10,-803,-698;
  -2,-195,-174,-303, 183,  47, -26,-795,-687;
  -7,-189,-164,-308, 177,  48, -28,-786,-683;
  -6,-194,-166,-308, 162,  52, -19,-793,-683;
  -7,-194,-168,-308, 146,  45, -37,-790,-684;
  -6,-193,-167,-301, 134,  43, -35,-792,-674;
   2,-194,-163,-290, 117,  43,  -2,-796,-683;
  -9,-190,-168,-283,  95,  29, -36,-778,-688;
 -10,-192,-171,-278,  76,  28, -38,-775,-684;
   2,-195,-173,-274,  55,  30, -26,-785,-690;
  -3,-192,-168,-271,  34,  19, -28,-779,-685;
  -5,-190,-166,-263,  15,  12, -29,-784,-687;
   5,-196,-173,-245,  -2,  19,  23,-795,-691;
  -9,-189,-181,-228, -13,   2, -29,-778,-696;
   0,-188,-176,-210,  -9,   1,   0,-782,-701;
  -5,-190,-168,-196, -14,  -1, -28,-768,-699;
  -2,-190,-177,-184, -17,  -2,  -7,-775,-709;
  -9,-186,-178,-180, -22, -12, -31,-755,-702;
 -10,-185,-179,-174, -19,  -9, -29,-760,-707;
  -1,-185,-175,-171,  -9,  -2, -22,-751,-706;
  -7,-185,-172,-167,  -7,   0, -30,-752,-704;
  -9,-184,-179,-169,   0,   4, -31,-752,-716;
  -2,-185,-179,-175,   4,   7,  -5,-754,-716;
  -4,-186,-175,-182,  14,   3, -36,-747,-710;
  12,-188,-175,-178,  15,  30,   3,-752,-716;
   0,-187,-189,-170,  20,  34,   5,-750,-716;
  -1,-184,-187,-160,  42,  34,   2,-754,-722;
   2,-188,-175,-144,  56,  40,  11,-755,-724;
   3,-185,-167,-130,  59,  38,  17,-759,-723;
   1,-184,-171,-113,  59,  38,   0,-751,-717;
   6,-186,-187, -93,  68,  45,  61,-763,-716;
   5,-185,-183, -82,  73,  21,  19,-748,-719;
   5,-185,-175, -77,  89,  11,   2,-744,-711;
   1,-180,-165, -73,  95,  15,  -7,-737,-706;
  -2,-182,-182, -70,  90,  19,   7,-741,-702;
   1,-179,-178, -74,  91,  14,   3,-738,-709;
   3,-182,-172, -80,  99,  12,   2,-735,-701;
  -1,-175,-168, -89, 103,   3,  -8,-721,-702;
 -10,-175,-166,-104, 102,  -1, -35,-718,-692;
 -12,-178,-174,-115,  96,  11, -30,-721,-692;
  -1,-178,-173,-123, 102,  15, -19,-720,-694;
  17,-180,-167,-129, 105,   2,  58,-742,-699;
 -10,-174,-164,-141, 100, -37, -47,-716,-686;
 -11,-178,-180,-140,  96, -28, -48,-718,-696;
 -10,-178,-170,-134, 103, -14, -34,-725,-694;
  -3,-176,-167,-131, 115, -17, -34,-731,-702;
   9,-182,-164,-130, 116, -33,  29,-751,-719;
  -7,-181,-173,-139, 114, -70, -32,-725,-714;
 -18,-167,-195,-144, 118, -67, -63,-725,-705;
  -9,-178,-173,-146, 135, -41, -53,-730,-720;
  -1,-182,-165,-152, 144, -21, -29,-743,-718;
  -3,-182,-172,-163, 140, -19, -23,-743,-724;
  -1,-185,-186,-175, 131, -27, -17,-744,-722;
 -14,-178,-194,-187, 138, -48, -36,-748,-728;
  -6,-181,-159,-198, 165, -51, -49,-743,-715;
  -3,-183,-165,-197, 156, -26, -31,-751,-716;
  -9,-186,-184,-196, 134, -14, -31,-756,-717;
 -13,-184,-197,-191, 133, -14, -28,-757,-718;
  -8,-182,-185,-182, 146, -17, -22,-755,-718;
  16,-188,-168,-169, 145, -19,  59,-768,-721;
 -13,-182,-186,-158, 120, -48, -43,-752,-725;
 -15,-184,-193,-139, 121, -38, -55,-743,-721;
 -12,-182,-182,-120, 137, -10, -37,-743,-718;
   0,-183,-172,-103, 139,   3, -27,-742,-726;
  -2,-179,-176, -94, 124,   2, -27,-741,-723;
  -8,-183,-191, -90, 112,  -2, -25,-740,-718;
 -11,-181,-190, -86, 119,  -4, -32,-727,-713;
  -9,-178,-179, -83, 130,  -7, -35,-722,-723;
  -2,-177,-173, -83, 125,  -7, -30,-724,-719;
  -8,-177,-177, -85, 110,  -8, -38,-719,-716;
 -11,-174,-189, -87, 107,  -9, -32,-711,-712;
  -7,-172,-178, -85, 118, -10, -32,-708,-708;
 -10,-174,-164, -82, 122, -13, -39,-704,-701;
  -6,-174,-174, -81, 113, -11, -38,-700,-706;
 -10,-171,-183, -78, 102,  -7, -29,-697,-703;
  -9,-172,-182, -73, 104,  -9, -29,-695,-703;
  -6,-167,-173, -67, 113, -14, -21,-694,-698;
  -2,-165,-160, -61, 108, -12, -24,-688,-697;
  -8,-168,-179, -59,  95, -12, -23,-682,-696;
 -11,-168,-179, -56,  85, -12, -19,-683,-694;
  -4,-168,-178, -53,  84, -12, -14,-685,-695;
  -9,-168,-176, -44,  70, -31, -32,-683,-702;
  -4,-166,-165, -40,  64, -30, -32,-677,-702;
  -6,-164,-175, -34,  51, -18, -14,-690,-703;
  -5,-166,-184, -28,  35, -13,  -8,-694,-697;
  -6,-167,-184, -19,  38, -13,  -4,-693,-702;
  -1,-170,-167,  -5,  41, -16,  -3,-693,-701;
   4,-168,-162,  13,  25, -21,   0,-686,-709;
  -3,-169,-181,  34,   8, -17,  -4,-684,-699;
  -1,-169,-187,  61,   6, -16,   6,-691,-703;
  -1,-166,-177,  88,  14, -14,   7,-690,-701;
   3,-165,-162, 112,  11,  -9,   5,-678,-706;
  19,-163,-168, 135,  -3,  -5,  83,-685,-680;
  -4,-182,-189, 167, -29, -18,  -1,-665,-701;
 -21,-163,-204, 196, -44,   4, -42,-670,-716;
  -4,-150,-175, 213,  27,   7,  -7,-660,-702;
   6,-164,-147, 221,  35,  10,  -1,-654,-695;
   1,-169,-176, 228,   6,  14,   7,-651,-691;
  -3,-160,-193, 236,  -3,  19,   8,-646,-683;
   1,-154,-183, 241,  18,  20,   8,-645,-678;
   5,-156,-158, 245,  29,  23,   9,-646,-689;
  15,-163,-146, 244,   6,  30,  16,-644,-688;
  -1,-160,-188, 241, -13,  36,  12,-651,-687;
  -1,-156,-190, 239,  -4,  42,   5,-653,-693;
   4,-160,-167, 237,  12,  45,  14,-654,-689;
  10,-164,-145, 240,  10,  45,  12,-660,-689;
   3,-162,-156, 244,  -6,  48,   0,-655,-681;
  -6,-165,-189, 254, -10,  48,   6,-659,-678;
   0,-165,-176, 267,   6,  48,  -2,-671,-678;
   4,-165,-150, 285,  17,  48,   2,-668,-670;
   0,-164,-158, 307,  -7,  44, -18,-663,-690;
  -2,-161,-170, 322, -17,  46, -16,-670,-684;
  -2,-164,-176, 338,  -5,  48, -10,-674,-675;
   0,-167,-159, 351,  10,  41, -12,-679,-681;
   0,-165,-151, 361,   7,  40, -17,-670,-682;
  -2,-165,-160, 370,  -6,  42, -16,-672,-673;
  -6,-165,-174, 377, -10,  40,  -6,-674,-662;
  -1,-163,-167, 387,  -9,  39, -18,-673,-667;
   1,-165,-157, 388, -18,  43, -23,-681,-671;
  -1,-170,-158, 381, -31,  48, -17,-676,-668;
  -3,-164,-164, 378, -43,  48,  -8,-670,-659;
  -2,-164,-176, 376, -43,  44,  -2,-672,-659;
   1,-164,-158, 376, -39,  39,  -2,-677,-656;
   2,-166,-151, 378, -52,  30,   6,-678,-658;
   5,-168,-162, 379, -77,  24,   2,-683,-656;
  -1,-170,-178, 378, -87,  17,  -5,-693,-668;
   0,-170,-168, 372, -86,  11,   0,-692,-661;
   1,-171,-155, 368, -89,   2,  -1,-698,-669;
   3,-171,-159, 363,-102,  -2,   2,-705,-670;
   3,-178,-174, 360,-115, -13,  12,-708,-674;
   2,-179,-174, 361,-115, -20,   7,-719,-671;
   3,-178,-160, 366,-115, -30,  10,-729,-672;
   3,-182,-160, 372,-124, -37,   5,-728,-674;
   3,-179,-166, 386,-135, -45,   8,-724,-669;
   2,-179,-168, 399,-141, -51,  11,-729,-668;
   0,-180,-169, 417,-138, -57,   2,-721,-665;
   5,-177,-156, 434,-132, -63,   6,-718,-659;
   0,-176,-160, 449,-132, -68,   0,-713,-659;
   0,-169,-166, 460,-139, -69,  -1,-704,-662;
   0,-172,-170, 472,-140, -72,   0,-702,-652;
   0,-169,-164, 479,-133, -72, -11,-693,-647;
   0,-167,-153, 484,-131, -71, -12,-681,-642;
  -2,-166,-161, 487,-138, -72, -14,-686,-649;
  -4,-165,-164, 488,-144, -67, -14,-674,-645;
  -7,-161,-165, 485,-140, -66, -10,-661,-644;
   0,-160,-160, 475,-133, -61, -13,-666,-650;
   0,-161,-157, 463,-129, -58, -22,-664,-652;
   0,-162,-162, 448,-129, -54, -16,-663,-642;
  -6,-160,-162, 433,-124, -52, -18,-666,-641;
  -2,-165,-159, 421,-114, -49, -15,-672,-641;
  -1,-166,-156, 411,-109, -49, -16,-674,-637;
  -1,-166,-160, 406,-109, -47, -17,-680,-634;
  -2,-169,-160, 404,-108, -43,  -6,-681,-627;
  -1,-169,-159, 408,-101, -40,  -7,-691,-628;
  -1,-166,-158, 417, -94, -37,  -7,-684,-628;
   2,-167,-151, 427, -94, -37,  -1,-685,-632;
  -1,-166,-159, 436, -98, -37,  -7,-682,-625;
  -2,-166,-160, 438, -95, -33,  -5,-687,-625;
   0,-165,-151, 434, -86, -34,  -9,-681,-614;
   1,-166,-154, 424, -80, -35,  -9,-681,-611;
   0,-163,-153, 411, -81, -36, -11,-675,-607;
  -1,-165,-151, 400, -80, -33, -12,-672,-608;
   0,-166,-149, 386, -75, -35, -13,-682,-607;
   0,-164,-146, 375, -71, -36,  -8,-681,-603;
   0,-166,-148, 362, -69, -36,  -3,-681,-606;
  -2,-166,-151, 350, -66, -36,  -9,-686,-605;
   0,-175,-153, 340, -61, -33, -12,-695,-600;
   0,-171,-148, 331, -53, -34,  -7,-701,-604;
  -1,-173,-146, 325, -47, -33, -10,-705,-602;
   0,-175,-149, 320, -39, -33, -10,-709,-597;
  -4,-176,-149, 320, -34, -32,  -8,-715,-599;
   0,-178,-152, 318, -30, -32,  -8,-719,-600;
  -1,-178,-148, 317, -31, -30, -11,-725,-600;
  -2,-176,-146, 316, -28, -32, -21,-724,-609;
  -2,-177,-150, 318, -26, -33, -21,-724,-594;
   0,-182,-150, 323, -21, -32, -19,-732,-594;
  -3,-178,-149, 329, -15, -29, -26,-730,-598;
  -2,-181,-143, 337,  -7, -28, -24,-733,-594;
  -6,-180,-146, 340,   2, -28, -34,-732,-593;
  -8,-175,-154, 343,  12, -27, -29,-733,-597;
  -7,-179,-144, 346,  24, -23, -36,-724,-591;
  -6,-176,-140, 349,  34, -20, -34,-724,-586;
  -8,-176,-142, 349,  37, -18, -30,-725,-581;
  -8,-179,-146, 349,  37, -16, -33,-717,-576;
  -9,-175,-145, 345,  40, -16, -34,-718,-574;
  -6,-175,-138, 340,  44, -16, -37,-712,-572;
  -7,-175,-141, 335,  43, -14, -42,-719,-564;
 -11,-174,-140, 327,  43,  -7, -38,-711,-566;
  -8,-173,-140, 317,  44,  -4, -42,-710,-567;
 -11,-172,-138, 306,  49,   1, -39,-710,-572;
  -7,-176,-136, 294,  52,   6, -38,-713,-569;
  -1,-175,-145, 279,  53,  11, -38,-712,-572;
  -8,-174,-142, 269,  52,  16, -40,-717,-573;
 -10,-175,-143, 260,  55,  18, -47,-717,-571;
  -8,-175,-141, 251,  56,  18, -47,-728,-576;
 -10,-178,-142, 243,  54,  17, -44,-727,-578;
 -13,-181,-145, 235,  51,  17, -49,-731,-582;
 -10,-180,-146, 231,  46,  18, -50,-735,-587;
  -8,-181,-142, 227,  43,  15, -44,-742,-591;
 -11,-181,-148, 222,  39,  15, -49,-742,-592;
 -11,-182,-147, 215,  35,  13, -45,-747,-602;
 -12,-186,-150, 210,  32,   9, -44,-752,-596;
 -10,-181,-146, 207,  32,   6, -40,-759,-597;
 -12,-184,-147, 205,  30,   4, -43,-757,-595;
  -8,-189,-148, 203,  31,   0, -41,-768,-605;
 -11,-190,-151, 202,  34,  -2, -45,-771,-602;
 -10,-189,-146, 202,  36,  -4, -46,-775,-600;
 -10,-192,-151, 200,  40,  -2, -40,-784,-605;
  -7,-192,-150, 199,  43,   1, -36,-786,-604;
  -9,-193,-152, 201,  45,   5, -38,-790,-608;
  -5,-194,-153, 203,  46,   8, -33,-796,-605;
  -7,-195,-152, 207,  50,  12, -37,-798,-602;
  -8,-195,-153, 210,  53,  15, -36,-801,-600;
  -7,-193,-146, 214,  55,  17, -36,-802,-603;
 -10,-194,-148, 217,  54,  21, -32,-795,-607;
  -9,-196,-152, 216,  54,  25, -35,-798,-601;
  -7,-192,-151, 215,  57,  27, -31,-796,-606;
  -7,-196,-151, 212,  59,  29, -36,-793,-608;
  -6,-193,-147, 207,  60,  32, -38,-796,-609;
  -6,-192,-152, 201,  65,  36, -25,-803,-606;
  -7,-195,-155, 193,  67,  38, -30,-804,-604;
  -2,-194,-151, 189,  71,  41, -27,-803,-605;
  -3,-196,-152, 187,  75,  45, -27,-807,-610;
  -3,-197,-150, 186,  79,  48, -27,-807,-605;
   0,-199,-148, 186,  85,  52, -20,-804,-601;
  -2,-196,-150, 186,  92,  54, -21,-791,-596;
  -3,-196,-151, 187,  99,  57, -25,-801,-599;
  -5,-194,-149, 185, 100,  59, -27,-803,-597;
  -6,-189,-148, 179, 102,  59, -28,-796,-586;
  -6,-191,-145, 171, 103,  60, -30,-796,-589;
 -10,-201,-145, 161, 103,  58, -26,-792,-588;
 -10,-187,-140, 149, 100,  60, -37,-795,-584;
  -8,-193,-147, 138,  97,  59, -32,-793,-589;
 -10,-192,-144, 130,  96,  60, -36,-787,-592;
  -9,-193,-141, 123,  94,  60, -39,-787,-594;
  -6,-192,-147, 118,  91,  60, -40,-779,-589;
  -8,-192,-145, 110,  85,  60, -36,-784,-588;
  -9,-192,-151, 103,  80,  62, -36,-789,-595;
  -9,-191,-145,  95,  77,  62, -37,-795,-592;
 -11,-190,-143,  91,  74,  60, -44,-796,-587;
 -12,-194,-145,  85,  68,  58, -43,-799,-588;
  -9,-198,-142,  83,  64,  58, -44,-803,-581;
 -12,-198,-145,  84,  60,  57, -46,-810,-581;
  -9,-199,-144,  87,  56,  54, -42,-817,-580;
  -9,-200,-144,  94,  51,  53, -44,-818,-569;
  -9,-200,-141, 103,  47,  53, -46,-819,-563;
 -10,-202,-140, 112,  45,  51, -50,-825,-563;
 -14,-200,-136, 123,  42,  50, -47,-826,-564;
 -10,-203,-137, 133,  39,  50, -51,-826,-559;
 -10,-202,-137, 142,  36,  50, -54,-822,-555;
 -11,-199,-138, 147,  35,  51, -49,-822,-555;
 -10,-201,-136, 150,  36,  51, -45,-820,-554;
 -13,-198,-136, 151,  35,  52, -41,-815,-552;
  -8,-201,-138, 150,  34,  52, -36,-813,-550;
  -4,-198,-140, 147,  35,  53, -33,-812,-554;
 -11,-193,-134, 143,  35,  52, -32,-801,-557;
  -5,-196,-142, 136,  33,  52, -28,-805,-566;
  -7,-194,-142, 127,  32,  54, -30,-799,-574;
  -5,-194,-148, 115,  31,  53, -25,-805,-580;
  -3,-195,-143, 100,  31,  50, -26,-808,-585;
  -4,-200,-147,  85,  31,  47, -26,-812,-586;
  -6,-200,-147,  69,  30,  43, -24,-814,-592;
  -1,-199,-148,  58,  29,  40, -21,-817,-596;
  -3,-201,-147,  48,  30,  40, -17,-828,-593;
  -2,-204,-147,  43,  31,  38, -22,-826,-599;
  -2,-204,-147,  40,  33,  36, -20,-829,-594;
   6,-194,-147,  39,  34,  34, -19,-832,-591;
   0,-203,-144,  39,  35,  34, -13,-839,-588;
  -1,-205,-142,  40,  37,  29, -15,-842,-585;
  -1,-206,-146,  43,  39,  29, -16,-835,-583;
  -1,-204,-146,  46,  41,  30, -10,-837,-590;
   0,-203,-146,  51,  44,  32, -12,-838,-582;
  -1,-206,-144,  59,  50,  35,  -5,-841,-580;
   0,-207,-139,  66,  56,  38,  -7,-836,-581;
   0,-200,-143,  72,  62,  39, -10,-837,-574;
   2,-204,-142,  79,  69,  41, -11,-830,-570;
  -3,-201,-144,  87,  74,  43,  -5,-829,-573;
  -1,-204,-140,  92,  79,  44,  -7,-824,-571;
   0,-196,-139,  98,  85,  47, -12,-831,-568;
  -1,-200,-136, 102,  89,  49,  -9,-822,-568;
   0,-202,-140, 104,  91,  51,  -5,-827,-563;
  -2,-201,-136, 107,  92,  51, -14,-817,-551;
   0,-204,-136, 105,  91,  50, -16,-818,-552;
   0,-201,-133, 103,  89,  49, -22,-821,-554;
  -1,-202,-141, 100,  87,  48, -18,-820,-553;
  -3,-202,-138,  96,  84,  49, -15,-819,-553;
  -1,-203,-137,  90,  79,  47, -23,-822,-551;
  -3,-202,-142,  86,  75,  44, -22,-822,-562;
  -5,-197,-135,  83,  72,  45, -21,-823,-557;
  -5,-201,-138,  78,  69,  45, -24,-824,-567;
  -7,-199,-137,  73,  67,  44, -29,-822,-570;
  -6,-200,-142,  64,  65,  44, -28,-820,-565;
  -7,-199,-143,  57,  62,  43, -27,-822,-565;
  -5,-199,-139,  51,  61,  44, -27,-826,-566;
  -7,-202,-139,  47,  60,  44, -25,-835,-571;
  -8,-201,-138,  44,  60,  43, -31,-829,-568;
  -6,-205,-140,  42,  60,  44, -28,-839,-573;
  -5,-206,-142,  42,  62,  45, -29,-842,-567;
  -7,-208,-146,  41,  63,  48, -25,-843,-569;
  -5,-207,-138,  45,  64,  47, -23,-842,-571;
  -4,-205,-143,  51,  69,  49, -21,-840,-575;
  -2,-205,-144,  57,  71,  49, -21,-835,-571;
  -3,-207,-143,  63,  73,  48, -25,-835,-569;
  -5,-203,-137,  68,  75,  47, -23,-840,-570;
  -2,-205,-143,  71,  78,  47, -22,-838,-569;
  -4,-204,-143,  72,  81,  46, -26,-833,-567;
  -1,-203,-143,  74,  82,  45, -24,-833,-569;
  -6,-204,-139,  75,  84,  46, -21,-832,-563;
  -4,-200,-142,  75,  83,  46, -21,-829,-570;
  -1,-200,-140,  73,  85,  46, -15,-825,-564;
 -18,-203,-131,  71,  85,  49, -22,-833,-561;
  -6,-201,-141,  70,  86,  48, -27,-836,-564;
  -5,-202,-140,  68,  84,  48, -21,-835,-567;
  -2,-201,-139,  66,  84,  46, -21,-829,-560;
  -5,-198,-140,  65,  81,  46, -21,-831,-560;
  -2,-203,-138,  63,  82,  47, -28,-833,-558;
  -8,-199,-138,  63,  81,  45, -22,-837,-558;
  -7,-202,-140,  63,  80,  44, -23,-829,-560;
  -7,-203,-139,  65,  78,  44, -30,-827,-563;
  -7,-202,-139,  67,  77,  41, -26,-830,-562;
  -5,-205,-136,  68,  76,  39, -31,-824,-569;
  -5,-201,-138,  67,  73,  38, -27,-825,-565;
  -8,-201,-142,  63,  68,  37, -35,-824,-567;
  -8,-202,-140,  59,  65,  36, -33,-819,-565;
  -8,-199,-144,  55,  63,  35, -34,-826,-579;
  -8,-198,-141,  49,  61,  34, -31,-827,-573;
  -8,-202,-142,  47,  60,  33, -35,-828,-574;
  -5,-203,-140,  45,  58,  32, -30,-829,-581;
  -4,-203,-142,  44,  59,  32, -39,-826,-577;
  -5,-204,-143,  44,  59,  32, -29,-836,-576;
  -8,-203,-140,  43,  59,  33, -33,-838,-576;
  -7,-205,-143,  42,  58,  31, -33,-837,-574;
  -6,-204,-141,  42,  59,  30, -37,-841,-579;
  -5,-205,-140,  45,  60,  28, -36,-842,-570;
  -6,-207,-138,  46,  61,  28, -34,-842,-565;
  -6,-205,-139,  51,  63,  29, -33,-844,-558;
  -6,-206,-143,  55,  63,  27, -34,-841,-566;
  -8,-205,-138,  60,  63,  26, -31,-838,-558;
  -9,-203,-140,  63,  63,  25, -33,-837,-561;
  -6,-204,-139,  66,  64,  26, -32,-830,-558;
  -7,-205,-141,  67,  63,  25, -36,-829,-561;
  -6,-203,-139,  68,  63,  25, -35,-831,-559;
   0,-202,-140,  70,  61,  26, -33,-827,-567;
  -9,-200,-139,  70,  60,  26, -26,-828,-566;
  -4,-200,-140,  69,  58,  25, -25,-822,-565;
  -8,-198,-138,  68,  59,  25, -19,-820,-563;
  -6,-201,-136,  64,  55,  25, -30,-819,-561;
  -1,-201,-143,  59,  55,  23, -21,-821,-569;
   0,-200,-141,  54,  53,  23, -21,-821,-564;
  -3,-202,-140,  48,  52,  24, -29,-827,-566;
  -4,-202,-139,  44,  51,  22, -25,-829,-570;
  -4,-202,-137,  41,  49,  22, -27,-823,-568;
  -7,-201,-143,  37,  47,  18, -31,-829,-567;
   3,-205,-141,  31,  46,  18, -27,-833,-569;
  -7,-200,-139,  25,  46,  18, -28,-830,-570;
  -2,-205,-140,  21,  45,  17, -32,-830,-569;
  -6,-204,-144,  16,  46,  15, -33,-840,-573;
  -6,-204,-139,  11,  46,  17, -36,-835,-574;
  -8,-207,-143,   8,  45,  16, -32,-842,-570;
  -8,-206,-141,   9,  45,  15, -37,-843,-579;
  -9,-207,-144,  11,  43,  14, -36,-843,-571;
 -11,-204,-141,  17,  43,  13, -31,-843,-571;
  -7,-205,-142,  21,  44,  11, -30,-842,-573;
  -6,-205,-140,  28,  45,  11, -35,-837,-568;
  -8,-203,-141,  30,  44,  10, -30,-837,-568;
  -6,-204,-137,  33,  44,  10, -31,-830,-569;
  -8,-205,-141,  35,  43,  11, -33,-832,-564;
  -1,-203,-141,  35,  43,  10, -30,-825,-562;
  -7,-203,-137,  32,  42,  11, -34,-832,-566;
  -7,-201,-138,  31,  41,   8, -34,-828,-555;
  -7,-203,-139,  30,  41,   5, -38,-826,-561;
  -7,-201,-142,  29,  39,   4, -36,-828,-555;
  -5,-204,-140,  25,  37,   1, -43,-826,-555;
 -11,-198,-137,  21,  36,   0, -41,-832,-560;
  -7,-202,-134,  19,  34,  -1, -37,-830,-559;
  -9,-200,-137,  16,  31,  -4, -35,-833,-562;
  -8,-206,-140,  17,  27,  -5, -37,-828,-561;
  -5,-205,-138,  19,  24,  -5, -38,-828,-562;
  -8,-204,-141,  23,  22,  -9, -36,-837,-565;
  -4,-204,-140,  25,  18, -10, -35,-836,-560;
  -5,-204,-141,  27,  16, -12, -34,-830,-569;
  -9,-204,-137,  29,  14, -12, -29,-829,-570;
  -5,-203,-143,  27,  13, -13, -32,-837,-569;
  -6,-203,-142,  24,  12, -14, -30,-832,-574;
  -8,-205,-138,  23,  12, -13, -25,-837,-563;
  -7,-206,-143,  23,  14, -12, -32,-840,-569;
  -6,-203,-139,  23,  15, -11, -29,-838,-565;
  -3,-202,-139,  24,  17, -10, -24,-836,-565;
  -4,-204,-139,  24,  20, -10, -27,-839,-564;
   0,-206,-142,  26,  21, -10, -24,-839,-564;
  -5,-206,-145,  26,  21,  -9, -21,-841,-562;
  -7,-203,-139,  26,  23,  -8, -22,-840,-568;
  -4,-204,-141,  26,  25, -10, -27,-840,-570;
  -5,-202,-139,  25,  25,  -9, -30,-842,-557;
  -5,-205,-141,  25,  26, -10, -25,-837,-569;
  -4,-204,-142,  23,  27, -12, -28,-835,-570;
  -5,-208,-139,  24,  26, -12, -25,-835,-562;
  -3,-211,-136,  24,  28, -13, -33,-835,-566;
  -5,-209,-144,  24,  27, -15, -31,-831,-569;
  -9,-205,-145,  23,  27, -13, -28,-837,-570;
  -8,-204,-140,  21,  25, -13, -23,-836,-569;
  -8,-205,-140,  22,  25, -15, -29,-838,-572;
  -9,-204,-140,  22,  24, -15, -29,-840,-570;
  -6,-200,-143,  23,  22, -16, -29,-840,-570;
  -4,-205,-143,  26,  22, -15, -29,-841,-566;
  -6,-202,-143,  28,  23, -15, -20,-843,-571;
  -6,-205,-143,  31,  24, -15, -22,-836,-572;
  -4,-208,-140,  35,  24, -16, -26,-837,-573;
  -4,-205,-142,  40,  25, -16, -25,-838,-568;
  -9,-204,-142,  44,  25, -15, -26,-835,-575;
  -5,-205,-144,  46,  26, -15, -32,-836,-574;
  -7,-201,-141,  48,  27, -16, -30,-839,-563;
  -5,-205,-139,  50,  26, -16, -31,-838,-569;
  -6,-204,-140,  52,  26, -16, -32,-839,-570;
  -2,-204,-142,  52,  27, -16, -37,-835,-570;
  -8,-204,-136,  53,  27, -16, -35,-834,-568;
 -10,-199,-141,  52,  25, -15, -31,-834,-566;
  -7,-206,-141,  51,  26, -14, -36,-836,-560;
  -8,-204,-138,  49,  26, -14, -32,-834,-566;
  -4,-206,-142,  48,  23, -13, -36,-841,-565;
  -9,-205,-140,  48,  24, -14, -35,-830,-568;
  -8,-205,-135,  49,  24, -13, -33,-844,-572;
  -5,-206,-137,  51,  24, -12, -33,-847,-566;
  -8,-206,-140,  54,  22, -10, -36,-845,-565;
 -11,-203,-137,  57,  23, -10, -36,-841,-563;
  -5,-206,-140,  59,  22, -10, -34,-840,-572;
  -6,-204,-140,  62,  21, -11, -36,-836,-565;
  -9,-204,-141,  62,  20, -12, -33,-842,-567;
  -7,-204,-137,  63,  21,  -9, -35,-834,-562;
  -9,-203,-143,  63,  21,  -8, -35,-838,-567;
  -6,-202,-139,  64,  22,  -9, -31,-835,-569;
  -6,-203,-141,  66,  21, -11, -37,-839,-567;
  -9,-201,-141,  66,  20,  -9, -35,-837,-562;
  -9,-203,-138,  67,  18,  -8, -35,-835,-566;
  -4,-203,-142,  65,  17, -11, -32,-830,-572;
  -8,-200,-142,  65,  16, -13, -35,-831,-566;
  -8,-203,-138,  67,  15, -13, -31,-826,-567;
  -7,-201,-143,  67,  15, -14, -32,-823,-568;
  -7,-202,-143,  68,  15, -13, -32,-827,-571;
  -3,-203,-139,  67,  16, -15, -33,-829,-576;
  -4,-199,-148,  67,  15, -15, -32,-830,-573;
  -9,-202,-142,  68,  14, -15, -26,-823,-570;
  -7,-202,-144,  69,  14, -14, -35,-826,-572;
  -5,-201,-145,  69,  12, -14, -34,-825,-571;
  -9,-200,-139,  69,  13, -13, -29,-826,-570;
  -5,-202,-139,  71,  13, -14, -30,-830,-573;
  -8,-203,-142,  69,  12, -13, -38,-829,-570;
  -5,-202,-141,  68,  12, -15, -35,-825,-570;
  -5,-202,-143,  68,  13, -15, -31,-827,-571;
  -7,-203,-139,  67,  14, -13, -31,-826,-572;
  -8,-201,-138,  67,  13, -12, -36,-827,-567;
  -6,-201,-140,  66,  15, -12, -35,-823,-571;
  -7,-198,-142,  65,  14, -12, -35,-829,-562;
  -7,-202,-140,  64,  15, -10, -37,-838,-566;
  -5,-202,-139,  63,  14, -11, -37,-835,-566;
  -7,-205,-145,  62,  15, -11, -38,-835,-570;
  -8,-202,-142,  62,  15,  -9, -29,-831,-565;
  -7,-203,-139,  59,  16,  -8, -34,-834,-573;
  -9,-206,-141,  59,  17,  -9, -39,-829,-569;
 -10,-205,-141,  61,  17,  -9, -34,-833,-569;
  -9,-202,-145,  60,  17,  -9, -33,-838,-569;
  -8,-204,-138,  58,  15, -10, -36,-837,-568;
  -4,-205,-144,  56,  14, -10, -31,-836,-572;
  -6,-203,-139,  56,  12, -12, -28,-836,-569;
  -8,-204,-143,  57,   8, -13, -25,-835,-573;
  -6,-201,-141,  57,   6, -13, -32,-836,-570;
  -7,-205,-142,  59,   6, -13, -27,-835,-576;
  -8,-204,-143,  62,   4, -14, -32,-840,-571;
  -3,-204,-141,  64,   4, -13, -32,-841,-570;
  -5,-204,-140,  66,   5, -14, -27,-834,-570;
  -4,-208,-140,  68,   4, -12, -30,-839,-568;
  -6,-201,-136,  70,   3, -12, -25,-838,-564;
  -1,-204,-137,  71,   5, -13, -27,-832,-570;
  -6,-203,-142,  72,   5, -13, -28,-832,-560;
  -6,-204,-138,  72,   5, -12, -29,-832,-569;
  -3,-205,-141,  72,   6,  -9, -28,-834,-560;
  -6,-205,-142,  73,   8, -10, -31,-831,-563;
  -9,-203,-137,  74,   8,  -5, -32,-839,-563;
  -3,-204,-137,  74,  11,  -4, -28,-833,-562;
  -1,-206,-136,  73,  14,  -3, -38,-838,-567;
  -8,-205,-140,  74,  14,  -4, -34,-841,-564;
  -8,-203,-140,  73,  14,  -4, -40,-840,-561;
  -7,-204,-137,  74,  14,  -5, -36,-834,-565;
  -7,-204,-137,  76,  15,  -5, -42,-834,-564;
 -10,-210,-133,  76,  16,  -4, -35,-835,-561;
  -6,-202,-140,  77,  18,  -3, -35,-832,-567;
  -4,-203,-138,  77,  18,  -3, -36,-827,-568;
  -6,-203,-140,  77,  17,  -3, -34,-828,-569;
  -7,-204,-141,  77,  19,  -4, -35,-821,-566;
 -13,-201,-141,  76,  21,  -3, -35,-830,-568;
  -5,-202,-142,  75,  23,  -2, -35,-824,-569;
  -7,-202,-137,  72,  24,   1, -35,-827,-564;
  -7,-200,-141,  67,  25,   1, -31,-827,-570;
  -8,-205,-139,  62,  24,   0, -36,-832,-572;
  -4,-203,-139,  56,  24,   0, -36,-833,-570;
  -8,-204,-139,  53,  23,  -2, -32,-836,-571;
 -10,-203,-143,  53,  22,  -4, -34,-833,-568;
 -11,-204,-138,  55,  21,  -5, -37,-838,-572;
  -8,-201,-142,  55,  19,  -9, -36,-834,-567;
 -11,-205,-136,  57,  17,  -9, -40,-838,-569;
 -10,-204,-141,  60,  13, -11, -33,-833,-568;
  -6,-205,-140,  62,  13, -14, -31,-838,-572;
  -5,-202,-144,  64,  11, -12, -35,-834,-568;
  -6,-202,-141,  66,   9, -13, -38,-835,-569;
  -7,-203,-140,  66,   7, -12, -34,-838,-570;
  -9,-202,-144,  68,   6, -11, -31,-833,-573;
  -7,-202,-141,  70,   5, -12, -36,-837,-573;
  -5,-203,-140,  71,   4, -12, -35,-836,-568;
  -4,-205,-136,  72,   5, -13, -33,-838,-574;
  -4,-205,-141,  74,   5, -10, -30,-838,-569;
  -7,-200,-140,  75,   4,  -9, -29,-839,-566;
  -6,-205,-141,  76,   5,  -8, -31,-840,-566;
  -5,-206,-141,  75,   6,  -7, -27,-838,-558;
  -4,-201,-138,  77,   7,  -8, -24,-835,-558;
  -2,-205,-140,  77,   7,  -7, -29,-842,-561;
  -4,-203,-136,  77,   6,  -6, -30,-836,-559;
  -6,-203,-138,  77,   7,  -8, -27,-841,-558;
  -5,-208,-138,  77,   7,  -7, -34,-848,-557;
  -6,-206,-138,  76,   5,  -7, -31,-838,-555;
  -5,-205,-139,  77,   7,  -4, -32,-842,-558;
  -5,-202,-141,  77,   8,  -5, -30,-838,-555;
  -5,-204,-139,  79,   9,  -5, -34,-838,-554;
  -7,-202,-138,  79,   9,  -5, -36,-840,-569;
  -7,-204,-138,  78,   9,  -5, -35,-837,-558;
  -8,-202,-137,  78,   9,  -5, -31,-831,-562;
  -8,-204,-143,  78,   9,  -5, -33,-832,-566;
  -6,-202,-139,  78,   9,  -7, -29,-835,-562;
  -7,-202,-140,  77,   9,  -8, -31,-837,-567;
  -5,-205,-139,  76,  11,  -8, -32,-833,-568;
  -7,-202,-139,  74,   9,  -6, -33,-831,-570;
 -10,-200,-142,  71,   9,  -8, -27,-833,-568;
  -7,-200,-139,  70,  11,  -7, -36,-834,-570;
  -8,-203,-142,  68,  12,  -9, -32,-830,-565;
  -8,-201,-142,  66,  13,  -7, -33,-834,-571;
  -7,-203,-135,  64,  13,  -8, -31,-831,-566;
  -6,-202,-138,  64,  15,  -9, -35,-836,-564;
  -9,-203,-137,  63,  15,  -9, -37,-830,-569;
  -7,-204,-141,  65,  14, -11, -33,-837,-565;
  -8,-203,-140,  67,  13, -10, -41,-839,-564;
 -10,-207,-144,  69,  12, -11, -36,-843,-565;
  -8,-200,-140,  71,  13, -12, -34,-832,-563;
  -7,-204,-140,  72,  10, -11, -35,-832,-561;
  -8,-203,-141,  72,   9, -12, -36,-837,-568;
 -16,-205,-140,  74,   7, -14, -38,-842,-565;
  -6,-205,-139,  77,   7, -13, -37,-836,-566;
  -8,-204,-137,  78,   8, -13, -38,-838,-561;
  -8,-207,-140,  80,   7, -13, -44,-835,-559;
  -9,-200,-138,  79,   7, -14, -41,-831,-564;
  -8,-206,-139,  77,   5, -13, -41,-838,-562;
  -9,-201,-138,  73,   3, -15, -41,-831,-564;
  -5,-204,-139,  70,   3, -16, -34,-831,-564;
  -8,-201,-141,  67,   3, -15, -44,-834,-566;
 -20,-199,-137,  62,   3, -17, -38,-827,-565;
  -7,-210,-146,  59,   3, -17, -38,-838,-557;
  -9,-203,-137,  57,   4, -15, -34,-831,-560;
  10,-206,-121,  55,   3, -18, -31,-834,-560;
  -4,-204,-137,  56,   2, -19, -36,-838,-561;
  -6,-201,-139,  56,   2, -18, -30,-836,-561;
  -4,-203,-140,  56,   3, -20, -31,-836,-564;
 -10,-193,-140,  55,   2, -19, -31,-834,-567;
  -7,-204,-135,  57,   1, -19, -32,-830,-566;
  -7,-205,-138,  54,   0, -20, -33,-835,-560;
  -1,-205,-140,  53,  -2, -21, -32,-828,-560;
  -5,-202,-139,  53,  -3, -20, -30,-835,-560;
  -7,-202,-137,  52,  -4, -21, -37,-833,-562;
  -8,-203,-141,  52,  -6, -22, -31,-839,-560;
  -4,-202,-140,  52,  -6, -22, -29,-841,-561;
  -5,-203,-138,  52,  -6, -24, -35,-833,-558;
  -7,-202,-130,  53,  -6, -21, -28,-837,-561;
  -5,-204,-138,  54,  -7, -20, -32,-837,-561;
 -10,-206,-136,  54,  -7, -22, -27,-839,-562;
  -9,-203,-138,  54,  -6, -21, -31,-841,-564;
  -7,-205,-139,  55,  -6, -20, -31,-833,-559;
  -7,-203,-138,  54,  -4, -20, -34,-839,-557;
  -7,-202,-137,  51,  -4, -19, -34,-841,-560;
  -7,-202,-138,  48,  -3, -19, -35,-839,-565;
  -9,-202,-138,  47,  -2, -19, -26,-838,-556;
 -12,-198,-141,  44,  -3, -17, -31,-841,-564;
  -4,-207,-140,  45,  -3, -16, -36,-838,-561;
  -8,-205,-135,  44,  -2, -16, -25,-844,-561;
  -4,-204,-138,  46,  -3, -16, -24,-839,-560;
  -3,-206,-136,  48,  -2, -16, -32,-839,-554;
  -2,-205,-142,  47,  -3, -15, -30,-839,-559;
  -6,-207,-138,  48,  -2, -16, -27,-844,-555;
  -2,-205,-134,  47,  -3, -15, -27,-845,-555;
  -4,-207,-141,  49,  -2, -13, -21,-845,-554;
   3,-197,-152,  52,  -2, -15, -25,-842,-558;
  -7,-205,-138,  55,  -1, -14, -24,-839,-561;
  -6,-202,-136,  55,   1, -14, -22,-840,-561;
  -4,-204,-142,  55,   1, -13, -21,-839,-557;
  -1,-203,-139,  57,   0, -11, -20,-839,-556;
  -2,-204,-136,  57,   1, -10, -22,-840,-564;
  -5,-204,-139,  58,   3, -12, -20,-837,-561;
  -6,-204,-138,  57,   6, -10, -24,-835,-554;
  -6,-206,-134,  54,   6, -10, -25,-832,-553;
   0,-204,-139,  53,   7, -10, -22,-838,-556;
  -3,-205,-140,  50,   9, -11, -24,-841,-561;
  -1,-204,-140,  46,   9,  -8, -20,-841,-553;
  -7,-205,-139,  45,  10,  -7, -23,-840,-563;
 -10,-205,-136,  44,  12,  -5, -23,-844,-556;
  -3,-204,-138,  42,  14,  -5, -32,-847,-559;
  -8,-209,-133,  41,  15,  -6, -25,-844,-557;
  -5,-208,-139,  41,  16,  -4, -26,-843,-556;
  -6,-204,-140,  42,  18,  -2, -27,-850,-561;
  -9,-209,-136,  44,  17,  -1, -25,-846,-570;
  -5,-206,-140,  47,  20,  -1, -24,-846,-563;
  -9,-204,-137,  50,  20,  -1, -32,-851,-565;
  -4,-206,-138,  53,  22,  -1, -25,-850,-569;
  -8,-208,-138,  57,  22,   1, -27,-847,-565;
  -7,-208,-141,  59,  23,   2, -27,-843,-555;
  -8,-205,-143,  61,  23,   1, -36,-849,-563;
  -5,-205,-140,  64,  24,  -1, -33,-844,-556;
  -7,-205,-141,  66,  27,  -1, -35,-844,-560;
  -8,-205,-141,  66,  29,  -2, -31,-841,-561;
  -8,-207,-140,  66,  29,  -3, -38,-843,-554;
  -7,-202,-130,  67,  29,  -3, -35,-839,-554;
  -5,-208,-136,  65,  29,  -3, -38,-845,-551;
  -8,-203,-136,  66,  29,  -4, -47,-847,-556;
  -8,-207,-135,  69,  27,  -5, -38,-839,-549;
 -11,-207,-135,  72,  25,  -7, -42,-847,-547;
 -12,-206,-138,  74,  24,  -8, -42,-844,-550;
  -8,-205,-135,  74,  20,  -8, -37,-842,-544;
 -11,-203,-140,  76,  18,  -9, -44,-842,-553;
 -10,-206,-135,  80,  16, -12, -43,-839,-540;
  -7,-204,-136,  82,  14, -11, -41,-836,-559;
  -9,-204,-136,  82,  12, -12, -42,-835,-554;
  -5,-203,-141,  82,   9, -11, -41,-833,-553;
  -7,-204,-139,  80,   9, -12, -36,-840,-555;
  -6,-205,-135,  76,   9, -10, -39,-836,-555;
  -8,-203,-135,  73,   9,  -9, -42,-837,-558;
  -9,-206,-133,  72,  11, -10, -40,-836,-560;
 -13,-208,-142,  71,  10,  -7, -38,-840,-561;
 -11,-206,-136,  67,  10,  -7, -37,-843,-559;
  -4,-206,-139,  67,  11,  -7, -37,-851,-561;
  -4,-205,-140,  67,  13,  -6, -33,-846,-557;
  -6,-206,-138,  67,  14,  -6, -38,-851,-565;
  -9,-207,-138,  67,  16,  -5, -34,-849,-562;
  -7,-205,-137,  68,  16,  -4, -36,-846,-560;
 -11,-206,-138,  70,  15,  -4, -36,-850,-555;
  -6,-211,-145,  71,  16,  -4, -40,-846,-550;
  -9,-206,-134,  72,  15,  -6, -38,-850,-555;
  -6,-209,-135,  74,  12,  -6, -35,-845,-553;
  -8,-204,-138,  75,  10,  -7, -40,-844,-549;
  -4,-210,-138,  77,   8,  -8, -38,-845,-559;
  -2,-210,-140,  79,   4,  -7, -40,-844,-553;
  -8,-209,-137,  82,   4,  -8, -34,-846,-548;
 -10,-206,-137,  86,   0,  -8, -38,-843,-551;
  -8,-206,-138,  90,   0,  -7, -36,-843,-555;
  -9,-205,-135,  92,   0,  -6, -36,-843,-553;
  -8,-204,-135,  94,   0,  -6, -40,-843,-557;
  -8,-207,-138,  95,   0,  -6, -43,-841,-553;
  -9,-204,-137,  95,   2,  -8, -39,-838,-559;
 -10,-203,-142,  94,   2,  -4, -40,-840,-560;
  -9,-204,-136,  92,   3,  -7, -39,-840,-552;
  -7,-202,-139,  89,   4,  -5, -38,-842,-554;
  -9,-205,-138,  88,   6,  -5, -38,-841,-556;
  -9,-206,-131,  84,   6,  -2, -38,-840,-550;
  -8,-205,-138,  83,   7,  -4, -37,-843,-553;
  -7,-203,-125,  80,   8,  -4, -43,-841,-551;
 -10,-205,-137,  78,   7,  -5, -43,-838,-551;
  -9,-207,-137,  77,   6,  -5, -42,-843,-557;
  -9,-202,-135,  75,   6,  -6, -41,-843,-554;
  -9,-206,-135,  75,   7,  -6, -38,-841,-553;
 -13,-204,-134,  74,   6,  -5, -39,-842,-547;
  -9,-206,-139,  75,   7,  -6, -40,-843,-545;
 -10,-204,-135,  77,   5,  -8, -42,-840,-546;
 -10,-204,-134,  78,   4,  -8, -43,-844,-551;
  -7,-206,-137,  78,   4,  -7, -44,-841,-554;
  -9,-202,-136,  77,   5,  -8, -39,-839,-555;
  -9,-208,-136,  75,   3,  -9, -43,-843,-552;
 -11,-203,-135,  73,   3, -10, -44,-841,-555;
 -10,-207,-136,  72,   3, -10, -40,-842,-547;
 -10,-204,-137,  71,   4,  -8, -39,-842,-551;
  -7,-204,-139,  69,   4,  -9, -40,-842,-550;
  -6,-206,-136,  68,   3,  -9, -34,-844,-552;
  -8,-209,-138,  69,   4,  -9, -37,-845,-549;
  -5,-207,-138,  70,   6, -11, -34,-840,-552;
  -8,-206,-135,  70,   7, -11, -37,-844,-548;
  -9,-206,-140,  70,   7, -11, -39,-842,-549;
  -8,-204,-137,  69,   6, -10, -40,-845,-552;
  -8,-208,-138,  67,   6, -10, -37,-839,-549;
 -10,-199,-136,  67,   7, -11, -41,-840,-549;
  -6,-205,-139,  67,   6, -10, -34,-839,-547;
  -7,-205,-135,  65,   4, -11, -42,-839,-550;
  -6,-206,-136,  64,   4, -13, -40,-841,-550;
  -7,-207,-134,  63,   5, -13, -41,-841,-548;
  -4,-204,-139,  65,   3, -14, -38,-843,-548;
  -5,-210,-135,  64,   2, -13, -40,-844,-541;
  -6,-204,-136,  65,   2, -13, -36,-848,-549;
  -9,-204,-136,  65,   2, -11, -42,-844,-553;
  -8,-206,-136,  66,   2, -12, -39,-846,-544;
  -6,-207,-133,  65,   3, -11, -36,-845,-549;
  -8,-205,-136,  67,   4, -11, -37,-848,-546;
  -9,-205,-136,  66,   4, -12, -38,-844,-553;
  -8,-205,-137,  65,   3, -13, -37,-843,-543;
  -8,-208,-137,  66,   4, -13, -41,-843,-552;
  -7,-210,-137,  63,   4, -12, -45,-842,-548;
  -7,-207,-135,  64,   3, -13, -38,-842,-554;
  -5,-205,-135,  62,   3, -11, -34,-843,-550;
  -9,-206,-136,  58,   1, -14, -39,-844,-547;
  -9,-206,-132,  56,   3, -14, -39,-845,-541;
  -8,-205,-134,  54,   4, -12, -42,-848,-543;
  -6,-211,-134,  53,   5, -15, -38,-854,-541;
 -11,-208,-136,  54,   5, -13, -39,-850,-546;
 -11,-205,-136,  54,   6, -14, -42,-849,-541;
  -7,-207,-133,  56,   7, -14, -42,-850,-542;
  -5,-208,-137,  59,   7, -14, -40,-855,-545;
  -8,-208,-136,  62,   7, -14, -37,-856,-543;
  -7,-211,-135,  66,   6, -13, -37,-856,-542;
  -6,-209,-131,  68,   4, -14, -38,-856,-547;
  -8,-206,-133,  73,   5, -13, -31,-855,-544;
  -6,-207,-136,  74,   4, -12, -33,-848,-541;
  -9,-203,-136,  76,   4, -12, -38,-852,-553;
  -6,-208,-135,  76,   5, -12, -33,-853,-552;
  -7,-206,-137,  78,   5, -13, -33,-847,-545;
  -8,-205,-136,  79,   6, -11, -35,-848,-546;
 -10,-202,-134,  80,   7, -12, -36,-840,-549;
  -6,-206,-135,  80,   8, -12, -35,-842,-545;
  -8,-206,-138,  78,   9, -15, -39,-843,-544;
  -5,-207,-138,  75,  11, -12, -39,-842,-542;
  -9,-206,-133,  72,  10, -13, -39,-848,-551;
  -9,-206,-135,  69,  10, -14, -39,-848,-543;
 -10,-204,-137,  67,  11, -11, -44,-839,-545;
 -10,-204,-135,  68,  10, -12, -38,-851,-542;
  -8,-203,-138,  67,  12, -14, -37,-846,-543;
 -10,-205,-133,  67,  12, -15, -43,-851,-541;
 -13,-208,-133,  66,  11, -15, -39,-850,-539;
 -10,-206,-131,  65,  12, -15, -45,-853,-550;
 -12,-207,-135,  62,  12, -13, -41,-854,-546;
 -10,-208,-136,  61,  12, -15, -44,-855,-542;
 -11,-208,-136,  64,  13, -14, -38,-858,-548;
 -10,-207,-135,  67,  12, -14, -44,-858,-546;
 -11,-208,-135,  72,  12, -14, -43,-857,-544;
 -11,-209,-133,  76,  13, -12, -40,-848,-545;
  -9,-206,-134,  77,  13, -14, -33,-845,-544;
  -9,-208,-134,  77,  15, -13, -38,-847,-540;
 -10,-204,-136,  78,  15, -14, -42,-844,-548;
  -9,-206,-134,  76,  15, -12, -39,-841,-540;
  -7,-209,-136,  74,  16, -12, -39,-844,-544;
  -9,-207,-135,  73,  15, -11, -41,-849,-539;
  -6,-206,-134,  72,  14, -13, -40,-844,-535;
  -7,-205,-132,  73,  15, -14, -41,-843,-536;
  -9,-206,-133,  72,  13, -13, -43,-841,-535;
  -9,-205,-131,  70,  12, -15, -39,-844,-543;
 -10,-205,-133,  69,  11, -17, -36,-845,-532;
  -8,-209,-113,  67,  11, -17, -39,-842,-535;
  -9,-204,-133,  67,   9, -18, -45,-842,-535;
 -12,-204,-135,  67,   9, -17, -36,-840,-537;
  -8,-203,-133,  68,   6, -17, -32,-832,-534;
  -9,-203,-133,  69,   5, -18, -37,-840,-534;
 -11,-202,-136,  69,   4, -17, -37,-833,-538;
  -4,-204,-133,  69,   2, -19, -31,-838,-540;
  -9,-204,-138,  67,   2, -18, -36,-842,-550;
  -7,-206,-136,  65,   2, -17, -35,-839,-547;
  -9,-204,-135,  63,   3, -17, -39,-842,-543;
  -8,-203,-135,  59,   3, -16, -37,-844,-541;
  -7,-208,-137,  57,   3, -14, -33,-839,-551;
  -9,-206,-134,  56,   3, -13, -35,-844,-544;
  -7,-207,-135,  55,   4, -13, -35,-846,-538;
  -6,-206,-132,  54,   4, -16, -37,-846,-540;
  -8,-204,-131,  53,   3, -15, -38,-844,-534;
 -11,-204,-134,  50,   3, -14, -41,-846,-542;
  -7,-207,-134,  49,   2, -14, -38,-845,-545;
  -7,-205,-130,  47,   2, -14, -38,-849,-539;
  -7,-207,-133,  46,   2, -14, -38,-848,-546;
  -9,-208,-136,  47,   2, -15, -35,-848,-537;
  -8,-204,-137,  48,   3, -14, -36,-846,-533;
  -8,-208,-134,  48,   4, -13, -34,-845,-536;
  -8,-207,-133,  49,   5, -13, -38,-842,-541;
  -4,-205,-136,  50,   5, -13, -32,-842,-545;
  -9,-204,-136,  51,   5, -12, -36,-843,-541;
  -6,-203,-131,  52,   7, -12, -38,-842,-546;
  -7,-206,-134,  53,   7, -12, -39,-841,-538;
  -8,-207,-133,  54,   9, -10, -34,-842,-551;
  -4,-207,-133,  53,   9, -11, -40,-838,-540;
 -10,-203,-137,  52,   9, -10, -38,-841,-543;
  -4,-202,-136,  50,   8,  -9, -38,-836,-539;
  -9,-202,-134,  47,   7,  -9, -38,-837,-535;
  -5,-204,-136,  46,   7, -12, -36,-844,-544;
  -9,-206,-132,  43,   9, -12, -38,-841,-533;
  -6,-204,-135,  39,   7, -13, -38,-840,-541;
  -8,-206,-132,  34,   7, -13, -39,-842,-540;
  -8,-200,-131,  32,   6, -15, -37,-839,-538;
 -11,-206,-133,  26,   4, -16, -39,-845,-544;
  -8,-205,-135,  24,   3, -16, -34,-843,-539;
  -8,-205,-133,  22,   2, -16, -36,-848,-542;
 -11,-206,-135,  21,   0, -16, -38,-850,-545;
  -6,-208,-135,  21,   0, -17, -39,-851,-543;
  -7,-209,-136,  22,  -1, -19, -39,-856,-541;
  -8,-203,-144,  25,  -4, -20, -43,-849,-542;
 -11,-209,-135,  28,  -5, -19, -37,-852,-545;
  -8,-208,-133,  30,  -5, -18, -38,-854,-545;
