   0,-203,-139,  46,   0, -12, -29,-831,-559;
  -9,-204,-139,  45,  -1, -11, -30,-833,-564;
  -8,-204,-139,  43,  -2, -11, -30,-833,-566;
  -3,-205,-141,  42,  -1, -10, -28,-835,-562;
  -9,-205,-131,  41,  -1, -10, -24,-839,-563;
  -8,-203,-136,  39,   1, -10, -32,-839,-563;
  -6,-202,-139,  39,   2,  -8, -28,-841,-564;
  -7,-207,-142,  38,   5,  -5, -25,-844,-562;
  -5,-203,-142,  37,   6,  -5, -28,-844,-563;
  -8,-208,-138,  36,   8,  -4, -23,-842,-568;
  -7,-208,-137,  38,   8,  -2, -29,-849,-565;
  -3,-209,-140,  42,   9,  -1, -23,-852,-565;
  -6,-206,-138,  47,  10,  -2, -24,-846,-569;
  -4,-205,-144,  51,  12,  -2, -26,-842,-573;
  -3,-207,-146,  55,  14,  -1, -29,-844,-571;
  -8,-206,-138,  56,  15,   0, -35,-843,-575;
  -4,-203,-142,  56,  15,  -2, -25,-845,-574;
  -8,-205,-145,  54,  15,  -3, -32,-844,-571;
  -7,-207,-138,  54,  13,  -5, -34,-846,-566;
  -2,-208,-143,  57,  12,  -4, -31,-843,-568;
 -10,-206,-141,  58,  13,  -6, -33,-850,-563;
  -5,-206,-136,  61,  13,  -6, -33,-846,-561;
 -10,-205,-138,  64,  13,  -6, -35,-842,-558;
  -5,-206,-136,  66,  13,  -8, -35,-838,-557;
  -7,-203,-137,  67,  13,  -9, -34,-835,-551;
  -6,-205,-134,  67,  13, -10, -30,-839,-557;
  -4,-205,-135,  67,  15, -10, -42,-841,-554;
  -8,-205,-135,  68,  15, -12, -34,-842,-554;
  -9,-206,-135,  68,  16,  -9, -37,-839,-553;
  -8,-204,-134,  71,  15, -10, -35,-840,-560;
  -9,-200,-136,  72,  15, -11, -36,-841,-558;
  -6,-208,-139,  72,  16, -10, -31,-837,-555;
  -9,-203,-137,  71,  15, -10, -38,-841,-556;
  -8,-203,-140,  71,  14,  -9, -33,-835,-559;
  -7,-206,-139,  70,  14,  -9, -31,-838,-558;
  -8,-204,-136,  70,  13, -10, -33,-839,-553;
  -6,-204,-139,  69,  12, -11, -37,-843,-560;
  -2,-208,-136,  68,  11,  -9, -35,-840,-550;
  -7,-205,-136,  66,  12,  -9, -31,-840,-559;
  -6,-205,-138,  65,  11,  -9, -33,-839,-554;
  -4,-204,-137,  64,  11, -10, -27,-843,-561;
  -6,-206,-138,  63,  10, -11, -33,-842,-563;
  -3,-204,-139,  60,  10, -10, -29,-846,-564;
  -9,-207,-140,  59,   9, -13, -34,-843,-553;
  -2,-209,-138,  57,   8, -14, -30,-849,-555;
  -6,-207,-134,  56,   8, -14, -33,-844,-556;
  -7,-209,-134,  58,   8, -14, -32,-854,-554;
  -8,-209,-133,  60,   7, -15, -36,-852,-557;
 -10,-205,-136,  65,   7, -13, -36,-853,-558;
 -11,-204,-137,  69,   8, -14, -34,-850,-554;
  -7,-209,-136,  72,   5, -13, -35,-853,-557;
  -8,-207,-134,  76,   4, -14, -34,-851,-558;
  -7,-207,-137,  80,   4, -16, -35,-846,-554;
  -9,-205,-137,  84,   3, -15, -37,-844,-560;
  -6,-205,-137,  86,   4, -14, -29,-846,-556;
 -11,-205,-137,  89,   4, -14, -34,-845,-560;
  -9,-204,-137,  92,   5, -14, -35,-846,-562;
  -8,-202,-140,  93,   5, -14, -37,-839,-560;
   1,-199,-134,  95,   7, -14, -32,-838,-558;
  -7,-204,-134,  94,   8, -14, -38,-837,-552;
  -8,-203,-138,  93,   9, -12, -37,-836,-559;
  -9,-204,-136,  91,  10, -14, -35,-836,-557;
  -6,-203,-137,  86,  12, -14, -38,-839,-560;
  -9,-204,-137,  81,  12, -13, -39,-835,-557;
  -5,-203,-134,  77,  13, -13, -35,-834,-552;
  -9,-203,-136,  73,  14, -13, -35,-835,-558;
 -10,-204,-139,  69,  15, -15, -34,-843,-552;
  -8,-203,-135,  66,  14, -13, -35,-843,-556;
 -11,-202,-135,  63,  13, -15, -33,-839,-547;
  -5,-207,-136,  59,  12, -15, -27,-844,-547;
  -8,-205,-136,  58,  10, -15, -33,-843,-548;
  -7,-209,-133,  56,   9, -15, -33,-843,-547;
  -4,-206,-136,  57,  10, -14, -29,-845,-551;
  -8,-208,-134,  59,   9, -15, -27,-844,-548;
  -7,-205,-135,  62,   8, -14, -25,-849,-556;
  -5,-206,-136,  64,   8, -14, -25,-842,-549;
  -4,-204,-139,  63,   7, -16, -30,-838,-555;
  -3,-206,-137,  61,   9, -16, -25,-843,-554;
  -8,-205,-137,  59,   9, -16, -27,-842,-552;
  -7,-204,-135,  59,   8, -17, -27,-842,-560;
  -5,-204,-136,  58,   9, -16, -25,-841,-551;
  -3,-209,-134,  59,   9, -15, -28,-846,-556;
  -6,-205,-138,  61,   8, -16, -27,-842,-556;
  -7,-205,-137,  62,   7, -16, -23,-849,-558;
  -6,-205,-136,  62,   8, -15, -31,-840,-559;
  -6,-205,-140,  61,   7, -15, -23,-841,-556;
  -6,-209,-136,  61,   6, -15, -30,-843,-551;
  -6,-209,-135,  61,   6, -15, -29,-845,-557;
  -7,-207,-135,  61,   5, -15, -33,-851,-554;
  -5,-208,-138,  61,   6, -15, -30,-845,-557;
  -8,-208,-137,  64,   5, -15, -31,-848,-553;
  -3,-210,-133,  69,   6, -15, -26,-847,-557;
  -6,-205,-134,  74,   9, -17, -26,-839,-551;
  -5,-203,-134,  78,  10, -15, -34,-841,-549;
  -6,-206,-139,  77,  12, -13, -28,-843,-551;
  -3,-207,-138,  75,  13, -13, -27,-832,-545;
  -6,-206,-137,  72,  14, -12, -35,-836,-553;
  -5,-205,-138,  68,  17, -10, -31,-836,-542;
  -9,-203,-138,  65,  17,  -9, -35,-834,-546;
  -7,-203,-135,  62,  18,  -7, -30,-841,-547;
  -6,-203,-139,  57,  19,  -5, -29,-832,-552;
  -8,-202,-138,  55,  19,  -6, -31,-837,-549;
  -5,-199,-132,  51,  18,  -7, -28,-836,-547;
  -7,-204,-135,  50,  17,  -6, -33,-836,-549;
  -6,-204,-136,  49,  15,  -9, -32,-833,-554;
  -8,-201,-139,  48,  14, -12, -32,-837,-551;
  -6,-203,-137,  45,  13, -14, -32,-833,-555;
  -1,-206,-136,  41,   9, -13, -34,-839,-551;
  -5,-203,-135,  37,   6, -15, -30,-837,-554;
  -5,-206,-139,  34,   3, -17, -28,-840,-550;
  -4,-205,-137,  32,   3, -17, -27,-838,-552;
  -6,-205,-140,  32,   1, -17, -22,-843,-555;
  -4,-207,-136,  34,   3, -18, -21,-844,-554;
  -4,-209,-136,  37,   4, -17, -27,-844,-556;
  -5,-206,-137,  39,   7, -16, -25,-854,-558;
  -6,-205,-137,  44,  12, -13, -27,-849,-549;
  -5,-208,-135,  46,  15, -11, -28,-852,-553;
  -7,-208,-140,  49,  18, -10, -23,-855,-545;
  -6,-206,-134,  50,  20,  -8, -28,-857,-554;
  -2,-207,-140,  51,  21,  -6, -32,-852,-546;
  -8,-208,-134,  53,  21,  -5, -35,-856,-555;
  -7,-208,-135,  56,  20,  -5, -33,-850,-554;
  -8,-208,-132,  57,  17,  -5, -34,-845,-555;
  -8,-206,-131,  58,  15,  -4, -31,-842,-558;
  -7,-207,-137,  60,  14,  -3, -31,-843,-545;
  -7,-204,-139,  60,  13,  -3, -26,-845,-547;
  -2,-208,-137,  58,  12,  -4, -31,-842,-551;
  -7,-203,-138,  59,  11,  -3, -34,-846,-555;
  -6,-203,-140,  56,  10,  -1, -29,-842,-558;
  -7,-204,-134,  56,  13,  -2, -25,-843,-555;
  -4,-206,-136,  58,  14,  -2, -26,-839,-553;
  -5,-205,-138,  62,  16,  -1, -25,-839,-562;
  -7,-203,-141,  63,  16,  -1, -33,-842,-561;
  -6,-204,-138,  65,  16,   0, -34,-840,-559;
  -5,-205,-138,  66,  15,  -3, -27,-836,-561;
  -6,-204,-139,  66,  13,  -2, -29,-836,-557;
  -8,-205,-142,  65,  12,  -6, -34,-836,-559;
  -4,-203,-138,  66,  12,  -7, -32,-837,-562;
  -3,-206,-134,  63,  12,  -7, -28,-840,-561;
  -7,-204,-135,  59,  12,  -9, -29,-835,-559;
  -6,-204,-137,  55,  11, -10, -34,-842,-545;
  -4,-206,-136,  51,   9,  -9, -35,-843,-553;
  -8,-205,-136,  49,   7,  -9, -31,-836,-549;
  -8,-208,-137,  50,   5, -10, -37,-840,-547;
  -5,-204,-137,  52,   5, -12, -34,-841,-552;
  -8,-194,-131,  55,   5, -11, -34,-843,-550;
  -7,-203,-137,  57,   6, -12, -31,-840,-549;
  -3,-202,-136,  58,   7, -11, -30,-835,-554;
  -3,-204,-138,  58,   9, -10, -29,-841,-543;
  -5,-203,-135,  57,   9, -11, -31,-845,-555;
  -3,-202,-136,  54,   8, -11, -32,-840,-551;
  -2,-203,-139,  50,   8, -14, -30,-842,-553;
  -5,-205,-136,  49,   7, -12, -28,-837,-554;
  -6,-208,-133,  46,   7, -11, -31,-839,-553;
 -11,-204,-136,  45,   6, -14, -30,-840,-558;
  -6,-206,-139,  44,   6, -14, -36,-845,-547;
  -9,-204,-139,  42,   5, -13, -37,-844,-554;
  -7,-206,-139,  43,   5, -13, -35,-845,-561;
  -9,-208,-141,  45,   5, -11, -39,-845,-561;
  -6,-210,-138,  48,   6, -10, -40,-841,-558;
 -10,-205,-139,  52,   8, -10, -31,-846,-559;
  -9,-205,-134,  54,   8,  -8, -35,-844,-554;
  -5,-208,-136,  56,   9,  -7, -27,-836,-555;
  -4,-207,-137,  57,   8,  -6, -33,-850,-553;
  -9,-209,-144,  58,   9,  -7, -28,-845,-557;
 -10,-204,-137,  56,   9,  -6, -33,-846,-554;
  -7,-207,-136,  57,   8,  -5, -32,-845,-551;
  -4,-208,-135,  59,   7,  -6, -33,-841,-553;
  -4,-202,-138,  61,   6,  -6, -35,-841,-547;
  -2,-207,-134,  62,   6,  -6, -30,-838,-541;
  -5,-205,-135,  61,   4,  -8, -31,-840,-547;
  -8,-200,-135,  60,   3,  -6, -34,-837,-545;
  -4,-204,-139,  58,   2,  -8, -32,-837,-546;
  -6,-207,-139,  54,   3,  -9, -35,-835,-542;
  -7,-202,-135,  52,   3,  -9, -33,-836,-544;
  -6,-204,-134,  48,   0,  -8, -31,-839,-547;
  -6,-205,-137,  45,  -2, -10, -35,-840,-556;
  -8,-205,-134,  44,  -4, -11, -32,-840,-550;
  -7,-204,-132,  44,  -7, -10, -34,-839,-553;
  -7,-205,-135,  44,  -7, -11, -33,-842,-548;
  -7,-203,-137,  41,  -8, -11, -28,-840,-554;
  -7,-208,-139,  37,  -9, -11, -34,-847,-559;
  -9,-209,-137,  35,  -8, -12, -35,-844,-559;
  -6,-205,-140,  35,  -5, -12, -38,-850,-552;
 -10,-206,-138,  37,  -1, -12, -36,-846,-549;
  -8,-202,-137,  43,   3, -11, -35,-847,-560;
  -7,-208,-138,  48,   6,  -9, -38,-845,-558;
  -8,-202,-137,  51,   9, -10, -37,-842,-559;
  -8,-206,-137,  55,  14,  -9, -33,-842,-554;
  -5,-213,-154,  55,  15,  -9, -36,-842,-560;
  -4,-208,-139,  56,  17,  -8, -28,-842,-559;
  -7,-204,-141,  55,  19,  -8, -31,-840,-562;
  -6,-205,-136,  51,  19,  -6, -29,-839,-561;
  -3,-205,-137,  50,  19,  -9, -31,-840,-559;
  -5,-204,-138,  51,  17,  -8, -26,-841,-556;
  -5,-206,-138,  52,  16,  -8, -32,-843,-559;
  -9,-202,-139,  54,  13,  -8, -29,-840,-562;
  -5,-203,-134,  53,  10,  -6, -25,-840,-556;
  -4,-207,-136,  54,   9,  -8, -29,-841,-552;
  -2,-205,-136,  54,   7,  -8, -26,-835,-552;
  -2,-205,-138,  56,   5, -10, -28,-840,-552;
  -5,-206,-140,  57,   4, -11, -32,-840,-551;
  -4,-204,-139,  57,   2, -10, -31,-833,-546;
   0,-203,-140,  57,   2, -13, -29,-837,-552;
  -6,-204,-131,  57,   0, -14, -24,-836,-553;
   0,-206,-137,  57,  -1, -13, -24,-834,-554;
  -4,-204,-136,  58,  -2, -15, -28,-833,-550;
  -5,-203,-134,  57,  -3, -15, -34,-834,-553;
  -6,-201,-134,  55,  -3, -17, -29,-826,-544;
  -8,-200,-141,  53,  -2, -16, -33,-834,-546;
  -8,-204,-133,  50,  -1, -16, -33,-833,-555;
  -6,-203,-135,  49,   3, -15, -35,-827,-554;
  -4,-200,-140,  47,   5, -14, -36,-831,-549;
  -6,-204,-136,  47,   9, -13, -38,-829,-544;
 -10,-203,-134,  44,  10, -13, -38,-836,-548;
  -8,-205,-135,  41,  11, -13, -36,-834,-553;
  -7,-203,-136,  38,  10, -11, -36,-840,-553;
  -6,-202,-136,  35,  11, -13, -34,-839,-555;
  -8,-208,-137,  35,  10, -12, -41,-838,-554;
 -10,-206,-134,  35,  10, -10, -32,-835,-548;
  -3,-206,-137,  36,  11, -11, -38,-831,-551;
  -9,-202,-138,  36,  11, -11, -32,-841,-560;
  -8,-204,-138,  37,  11, -11, -31,-837,-552;
  -5,-203,-138,  35,  11, -11, -27,-836,-561;
  -7,-201,-140,  34,  11, -10, -31,-836,-553;
  -6,-203,-139,  33,  12,  -9, -32,-832,-561;
  -8,-203,-137,  33,  14,  -8, -28,-834,-563;
  -6,-204,-139,  33,  14,  -6, -32,-838,-556;
  -7,-201,-137,  33,  15,  -6, -29,-831,-559;
  -5,-205,-138,  31,  14,  -5, -35,-829,-559;
  -7,-201,-137,  28,  13,  -6, -33,-835,-565;
  -7,-203,-135,  25,  12,  -8, -34,-832,-560;
  -5,-204,-137,  25,  11,  -9, -36,-838,-556;
  -9,-205,-139,  23,  11, -11, -40,-840,-567;
  -5,-206,-134,  22,   9, -12, -39,-839,-547;
  -7,-206,-135,  22,   8, -11, -39,-840,-552;
  -9,-202,-135,  23,   6, -14, -36,-839,-555;
  -7,-204,-135,  24,   5, -14, -32,-839,-548;
 -13,-202,-134,  25,   3, -17, -33,-842,-554;
  -8,-206,-137,  24,   0, -16, -36,-841,-549;
  -4,-205,-138,  23,   0, -17, -33,-840,-551;
  -6,-208,-139,  22,  -1, -16, -35,-843,-554;
  -4,-206,-135,  21,  -2, -16, -33,-840,-560;
  -7,-205,-137,  22,  -1, -16, -38,-843,-546;
  -8,-205,-136,  20,  -1, -17, -32,-841,-565;
  -7,-206,-140,  19,   0, -15, -34,-841,-559;
  -7,-205,-134,  19,   3, -13, -33,-843,-558;
  -6,-208,-137,  20,   3, -12, -34,-842,-565;
  -5,-206,-143,  23,   6, -10, -35,-843,-564;
  -5,-205,-144,  24,   8, -10, -30,-848,-571;
  -5,-207,-139,  26,  11,  -9, -26,-844,-562;
  -6,-206,-139,  28,  12,  -9, -35,-846,-562;
  -9,-206,-141,  30,  15,  -6, -31,-843,-563;
  -8,-203,-139,  31,  17,  -6, -29,-841,-566;
  -6,-204,-136,  31,  18,  -6, -34,-844,-564;
  -7,-206,-142,  33,  18,  -4, -26,-847,-560;
  -5,-208,-139,  35,  19,  -5, -27,-846,-568;
  -8,-205,-138,  36,  20,  -7, -31,-847,-560;
  -8,-205,-140,  37,  21,  -8, -32,-841,-562;
  -9,-205,-138,  37,  21,  -8, -35,-845,-569;
  -6,-203,-137,  38,  20,  -9, -29,-842,-562;
  -4,-204,-140,  39,  19,  -9, -30,-841,-558;
  -6,-203,-136,  39,  19, -11, -31,-840,-558;
  -7,-207,-141,  41,  18, -11, -34,-837,-558;
  -6,-204,-134,  41,  17, -12, -34,-837,-565;
  -6,-203,-142,  40,  15, -11, -35,-840,-559;
  -9,-204,-137,  39,  15, -12, -32,-841,-559;
 -11,-204,-140,  37,  13, -12, -35,-835,-561;
  -6,-202,-142,  36,  13, -14, -37,-838,-560;
  -8,-201,-141,  34,  14, -14, -35,-838,-567;
  -7,-205,-139,  34,  13, -14, -36,-837,-564;
  -6,-205,-139,  34,  13, -12, -34,-835,-562;
  -6,-204,-141,  35,  14, -14, -35,-836,-563;
  -7,-200,-139,  33,  15, -14, -36,-830,-563;
  -4,-204,-137,  31,  16, -12, -38,-840,-567;
  -5,-202,-142,  30,  16, -11, -40,-840,-565;
  -7,-205,-130,  30,  18, -13, -42,-838,-567;
  -7,-203,-136,  28,  21, -12, -36,-838,-558;
  -5,-204,-137,  29,  22, -12, -40,-840,-559;
 -10,-205,-138,  28,  22, -11, -40,-841,-564;
  -5,-208,-139,  27,  23, -10, -44,-837,-560;
  -5,-205,-136,  27,  23, -10, -43,-841,-557;
  -5,-203,-137,  27,  23,  -9, -41,-838,-555;
  -9,-202,-137,  28,  21,  -9, -39,-835,-555;
  -7,-205,-139,  30,  20, -11, -43,-840,-554;
 -10,-203,-136,  32,  20, -11, -39,-838,-557;
  -8,-205,-137,  31,  20, -12, -37,-832,-559;
  -8,-204,-135,  32,  20, -13, -41,-835,-560;
  -9,-204,-140,  31,  17, -12, -38,-835,-563;
 -10,-203,-139,  32,  17, -12, -35,-834,-569;
  -8,-206,-139,  33,  17, -13, -35,-840,-564;
  -7,-206,-136,  34,  16, -14, -35,-833,-572;
  -7,-203,-141,  35,  17, -14, -33,-842,-564;
  -6,-206,-137,  33,  17, -13, -39,-836,-570;
  -8,-206,-141,  33,  14, -13, -34,-835,-565;
  -8,-206,-141,  32,  14, -13, -37,-839,-570;
  -7,-204,-139,  32,  13, -12, -30,-842,-565;
  -8,-207,-141,  32,  12, -12, -32,-842,-568;
  -5,-206,-140,  33,  12, -12, -36,-845,-571;
  -5,-206,-139,  34,  11, -13, -30,-839,-566;
  -6,-206,-140,  34,  11, -14, -31,-840,-568;
  -7,-207,-139,  35,  10, -13, -31,-841,-562;
  -7,-205,-136,  37,   8, -13, -37,-838,-561;
  -6,-203,-133,  38,   9, -13, -35,-846,-560;
  -7,-206,-137,  39,   8, -13, -31,-840,-558;
  -8,-206,-137,  41,   7, -16, -33,-843,-558;
  -7,-205,-137,  43,   6, -17, -34,-843,-556;
  -9,-208,-141,  44,   7, -18, -32,-839,-552;
  -8,-207,-136,  44,   6, -18, -37,-841,-549;
  -7,-204,-139,  46,   5, -19, -36,-841,-558;
  -9,-201,-133,  46,   5, -19, -39,-840,-555;
  -7,-202,-136,  47,   5, -18, -40,-840,-559;
  -6,-203,-142,  49,   5, -18, -38,-837,-562;
  -9,-202,-135,  49,   7, -18, -41,-836,-558;
 -10,-206,-139,  49,   7, -18, -39,-833,-565;
  -4,-202,-140,  49,   7, -18, -34,-841,-561;
  -6,-202,-138,  48,   7, -15, -39,-840,-568;
  -9,-203,-139,  49,  10, -17, -36,-837,-570;
  -8,-205,-141,  48,  11, -17, -28,-839,-564;
  -6,-204,-142,  47,  11, -16, -33,-831,-572;
  -9,-205,-139,  48,  12, -16, -30,-838,-567;
  -6,-205,-140,  47,  11, -17, -33,-830,-565;
  -6,-203,-142,  46,  13, -14, -29,-836,-563;
  -4,-204,-134,  44,  14, -17, -32,-834,-571;
  -5,-206,-139,  44,  15, -17, -29,-840,-564;
  -4,-207,-142,  46,  15, -17, -31,-836,-559;
  -7,-203,-140,  49,  16, -16, -36,-847,-566;
  -3,-203,-141,  51,  16, -17, -32,-841,-568;
  -7,-205,-142,  51,  16, -15, -31,-841,-559;
  -2,-203,-139,  53,  15, -15, -27,-838,-566;
  -4,-203,-151,  53,  15, -15, -25,-835,-566;
  -5,-202,-141,  53,  15, -17, -32,-842,-565;
  -4,-206,-141,  55,  13, -16, -24,-839,-566;
  -8,-207,-139,  56,  11, -17, -24,-843,-564;
  -5,-204,-137,  58,  11, -17, -26,-839,-566;
  -3,-206,-137,  58,  11, -18, -25,-837,-569;
  -6,-204,-140,  58,  11, -17, -27,-840,-565;
  -6,-202,-138,  57,  12, -17, -25,-838,-560;
 -10,-205,-135,  57,  13, -17, -33,-841,-561;
  -7,-202,-140,  55,  14, -15, -31,-841,-558;
  -8,-204,-139,  53,  14, -16, -26,-835,-562;
  -7,-203,-138,  54,  15, -16, -26,-834,-561;
  -7,-202,-136,  55,  14, -17, -29,-829,-566;
 -10,-199,-139,  56,  13, -15, -31,-836,-563;
  -7,-201,-138,  55,  12, -15, -28,-827,-564;
  -7,-204,-138,  57,  10, -16, -25,-829,-567;
  -8,-199,-139,  56,  10, -16, -30,-821,-564;
  -7,-201,-139,  56,   9, -16, -33,-831,-569;
  -6,-201,-139,  55,   8, -16, -28,-828,-569;
  -7,-202,-142,  54,   9, -16, -36,-831,-570;
  -6,-202,-141,  52,  10, -15, -32,-836,-568;
  -4,-203,-140,  52,  10, -16, -26,-827,-563;
  -9,-200,-141,  51,  12, -17, -34,-830,-570;
  -8,-205,-139,  50,  12, -17, -30,-829,-569;
  -9,-201,-141,  49,  11, -18, -32,-832,-564;
  -8,-200,-140,  50,  10, -20, -32,-832,-564;
  -5,-201,-143,  50,   8, -21, -32,-828,-563;
  -5,-205,-139,  49,   5, -23, -28,-838,-568;
  -4,-206,-143,  47,   5, -23, -28,-835,-566;
  -4,-205,-140,  46,   6, -22, -28,-833,-566;
  -6,-203,-143,  45,   6, -22, -27,-837,-571;
  -5,-205,-141,  44,   6, -22, -29,-838,-574;
  -5,-202,-140,  45,   8, -21, -32,-840,-568;
  -6,-203,-141,  44,  10, -21, -33,-839,-562;
  -8,-206,-141,  46,  13, -20, -28,-835,-571;
  -4,-207,-138,  47,  15, -18, -30,-839,-568;
  -7,-204,-138,  49,  15, -18, -30,-839,-570;
  -7,-201,-137,  52,  16, -18, -29,-831,-563;
  -4,-202,-139,  54,  17, -18, -29,-832,-562;
  -6,-201,-140,  53,  17, -17, -22,-833,-563;
  -4,-205,-144,  54,  16, -18, -29,-834,-564;
  -4,-199,-137,  52,  15, -19, -25,-830,-561;
  -6,-200,-135,  53,  13, -18, -24,-832,-565;
  -2,-204,-140,  53,  13, -18, -25,-832,-562;
  -3,-197,-136,  53,  12, -17, -27,-831,-565;
  -2,-207,-138,  52,  11, -18, -25,-836,-561;
  -7,-202,-141,  50,  10, -17, -27,-826,-566;
  -8,-202,-138,  50,  10, -16, -24,-831,-570;
  -5,-205,-136,  49,  10, -16, -25,-830,-565;
  -5,-206,-137,  48,  11, -14, -27,-836,-568;
  -3,-206,-142,  46,  10, -16, -23,-830,-565;
  -4,-205,-144,  47,  11, -14, -24,-836,-573;
  -3,-200,-139,  47,  13, -14, -25,-836,-568;
  -3,-202,-140,  48,  13, -13, -25,-835,-568;
  -6,-201,-138,  48,  14, -12, -24,-835,-571;
 -10,-199,-139,  49,  14, -12, -27,-838,-571;
  -8,-201,-138,  49,  14, -12, -27,-838,-573;
  -7,-204,-137,  48,  15,  -9, -31,-836,-571;
 -10,-203,-141,  48,  13, -11, -27,-836,-567;
  -6,-202,-134,  48,  13, -10, -30,-833,-569;
  -5,-200,-135,  49,  12, -12, -25,-830,-571;
  -7,-203,-140,  49,  11, -13, -30,-826,-570;
  -7,-200,-141,  50,  10, -13, -31,-824,-571;
 -10,-201,-140,  49,  10, -14, -33,-825,-571;
  -6,-204,-140,  47,  11, -15, -31,-825,-572;
  -7,-202,-138,  44,  11, -16, -29,-828,-571;
  -8,-201,-143,  40,  11, -17, -27,-826,-564;
  -6,-203,-137,  37,  12, -17, -34,-834,-568;
  -3,-201,-140,  36,  10, -17, -29,-832,-571;
  -4,-208,-142,  35,  10, -18, -31,-833,-566;
  -7,-204,-140,  37,  10, -20, -32,-832,-571;
  -4,-206,-143,  37,   7, -18, -33,-831,-570;
  -2,-203,-140,  39,   6, -19, -26,-840,-567;
  -2,-202,-145,  42,   6, -18, -30,-843,-568;
  -6,-204,-143,  44,   7, -17, -33,-833,-568;
  -8,-201,-139,  46,   8, -15, -30,-834,-567;
  -7,-203,-141,  47,   8, -16, -32,-839,-568;
  -3,-204,-141,  45,   9, -17, -30,-831,-564;
  -7,-204,-139,  44,  11, -16, -27,-839,-561;
  -4,-201,-139,  43,  12, -14, -28,-835,-565;
  -8,-204,-137,  43,  12, -13, -35,-837,-567;
  -5,-205,-137,  44,  15, -13, -33,-840,-562;
  -4,-202,-140,  46,  16, -12, -33,-833,-561;
  -5,-205,-142,  46,  16, -12, -30,-839,-559;
  -7,-204,-142,  47,  16, -14, -30,-838,-565;
  -2,-204,-137,  48,  15, -15, -28,-840,-564;
  -9,-201,-141,  48,  14, -14, -32,-839,-567;
   2,-207,-136,  47,  14, -14, -32,-834,-564;
  -7,-205,-140,  47,  13, -15, -25,-836,-568;
  -6,-201,-140,  48,  13, -15, -29,-834,-565;
  -5,-205,-140,  48,  14, -16, -27,-832,-568;
  -6,-203,-145,  47,  13, -15, -29,-835,-570;
  -3,-203,-145,  47,  13, -14, -24,-830,-567;
  -4,-203,-140,  46,  14, -14, -31,-830,-567;
  -3,-203,-143,  46,  13, -12, -26,-830,-564;
  -6,-204,-140,  44,  15, -13, -23,-838,-574;
  -5,-207,-141,  43,  16, -11, -31,-837,-565;
  -3,-204,-140,  41,  17, -13, -26,-829,-569;
  -3,-203,-142,  41,  16, -11, -29,-838,-570;
  -4,-203,-137,  41,  16, -11, -25,-824,-567;
  -5,-204,-143,  42,  17, -14, -26,-829,-567;
  -5,-202,-139,  43,  17, -11, -27,-833,-567;
  -6,-201,-141,  44,  18, -13, -25,-832,-562;
  -5,-201,-143,  43,  17, -11, -31,-833,-564;
  -5,-205,-139,  42,  17, -13, -30,-834,-565;
  -4,-203,-144,  42,  18, -13, -25,-833,-560;
  -4,-204,-140,  41,  15, -12, -26,-834,-566;
  -4,-203,-139,  42,  15, -12, -28,-840,-566;
  -7,-203,-138,  43,  13, -13, -26,-831,-571;
  -3,-203,-144,  45,  13, -13, -29,-831,-568;
  -6,-203,-138,  48,  13, -13, -30,-838,-565;
  -4,-202,-145,  51,  11, -13, -27,-835,-565;
  -7,-203,-140,  51,  10, -13, -29,-834,-565;
  -6,-204,-139,  51,  11, -13, -29,-836,-568;
  -6,-202,-139,  50,  11, -16, -26,-829,-563;
  -7,-205,-138,  49,  10, -14, -27,-833,-568;
  -4,-203,-141,  49,  10, -14, -31,-837,-572;
  -5,-207,-143,  47,   9, -14, -30,-833,-566;
  -3,-202,-141,  48,   9, -13, -26,-830,-570;
  -7,-207,-141,  47,  10, -15, -26,-830,-565;
  -4,-205,-137,  45,  10, -14, -28,-836,-565;
  -2,-204,-140,  43,  13, -14, -26,-836,-569;
  -2,-207,-140,  43,  13, -14, -28,-836,-577;
  -5,-202,-140,  44,  13, -14, -21,-841,-570;
  -5,-207,-144,  45,  15, -13, -26,-832,-570;
  -7,-202,-141,  46,  15, -12, -24,-833,-571;
  -8,-205,-140,  45,  14, -12, -24,-829,-570;
  -4,-204,-140,  43,  14, -14, -25,-837,-565;
  -5,-201,-142,  43,  13, -15, -29,-831,-567;
  -9,-203,-140,  43,  12, -14, -28,-838,-571;
  -8,-204,-141,  44,  12, -14, -26,-840,-571;
  -2,-207,-136,  44,  11, -15, -34,-833,-568;
  -4,-206,-137,  46,  10, -16, -29,-834,-577;
  -4,-205,-144,  46,   9, -14, -21,-835,-577;
  -4,-203,-142,  45,   7, -15, -30,-830,-576;
  -8,-202,-142,  44,   6, -14, -27,-834,-570;
  -2,-201,-144,  39,   5, -15, -28,-825,-578;
  -5,-205,-142,  36,   4, -16, -26,-823,-584;
  -7,-204,-142,  32,   5, -16, -27,-824,-573;
  -5,-200,-141,  30,   5, -15, -31,-824,-577;
  -5,-204,-144,  27,   6, -18, -27,-828,-581;
  -7,-200,-141,  22,   7, -16, -30,-818,-576;
  -5,-204,-140,  20,   8, -15, -32,-832,-579;
  -6,-201,-143,  20,   9, -17, -25,-828,-580;
  -3,-200,-146,  22,  12, -15, -27,-822,-585;
  -7,-201,-147,  24,  11, -15, -43,-819,-581;
  -3,-201,-144,  24,  12, -18, -32,-821,-584;
 -10,-198,-147,  25,  13, -18, -34,-815,-589;
  -6,-196,-145,  21,  13, -17, -35,-815,-589;
  -9,-196,-149,  15,  14, -17, -32,-810,-589;
  -6,-197,-149,   8,  15, -20, -26,-811,-592;
  -4,-198,-147,   6,  15, -20, -27,-805,-597;
  -7,-193,-145,   3,  14, -21, -29,-811,-594;
  -6,-196,-148,  -1,  15, -21, -31,-803,-593;
  -5,-199,-150,  -4,  14, -25, -30,-800,-601;
  -3,-196,-146,  -6,  13, -25, -29,-801,-601;
  -7,-190,-149, -12,  13, -28, -28,-799,-594;
  -1,-196,-147, -15,  14, -30, -23,-800,-596;
  -2,-197,-149, -18,  16, -33, -26,-802,-592;
  -4,-195,-145, -21,  17, -35, -24,-804,-597;
  -1,-194,-146, -22,  19, -35, -22,-804,-599;
  -2,-199,-147, -26,  22, -38, -20,-803,-599;
  -2,-196,-143, -27,  25, -39, -19,-803,-591;
  -1,-192,-141, -26,  28, -40, -18,-799,-592;
  -2,-193,-141, -24,  31, -41, -18,-799,-586;
  -4,-192,-146, -23,  32, -43, -14,-794,-586;
   0,-191,-144, -23,  30, -44,  -9,-788,-588;
  -1,-191,-149, -22,  28, -44,  -7,-787,-590;
   0,-193,-145, -25,  25, -44, -14,-780,-591;
  -2,-190,-145, -28,  23, -44,  -9,-777,-592;
  -4,-189,-145, -34,  22, -46,  -7,-776,-591;
  -3,-191,-149, -38,  18, -46, -12,-773,-596;
  -1,-186,-147, -43,  15, -45, -10,-771,-593;
   2,-188,-152, -44,  12, -46,  -8,-768,-600;
   0,-186,-147, -47,  10, -47,  -4,-764,-596;
  -2,-185,-149, -50,   9, -45,  -3,-763,-598;
   2,-185,-148, -54,  10, -44,   0,-757,-602;
   2,-185,-150, -62,  13, -44,  -2,-757,-594;
   0,-185,-149, -70,  16, -43,  -4,-750,-608;
  -1,-181,-152, -77,  20, -43,  -6,-750,-603;
   1,-185,-149, -86,  21, -43,  -6,-748,-604;
  -2,-178,-148, -92,  20, -45,  -5,-737,-604;
   1,-181,-148, -99,  20, -47,  -3,-738,-606;
   0,-181,-150,-105,  17, -50,  -7,-732,-608;
   0,-180,-153,-112,  15, -52,  -1,-733,-602;
   0,-179,-147,-119,  14, -54,  -8,-727,-607;
  -2,-177,-152,-125,  11, -55, -13,-733,-608;
   0,-179,-150,-131,   8, -56, -13,-727,-610;
  -4,-178,-151,-136,   7, -57, -18,-724,-614;
  -4,-181,-154,-141,   4, -57, -11,-738,-623;
  -5,-183,-152,-146,   1, -62, -13,-738,-622;
  -1,-181,-154,-151,  -3, -66, -20,-743,-615;
  -2,-182,-157,-153,  -5, -68, -21,-748,-623;
  -3,-183,-154,-157,  -8, -72, -21,-750,-619;
   0,-185,-151,-161,  -8, -78, -22,-750,-618;
  -4,-184,-153,-164,  -7, -83, -22,-753,-618;
  -3,-185,-153,-165,  -5, -86, -24,-757,-612;
  -2,-187,-155,-166,  -1, -93, -24,-758,-607;
  -4,-186,-150,-169,   4,-100, -24,-765,-608;
  -6,-189,-146,-170,   9,-107, -24,-759,-605;
  -2,-190,-148,-170,  13,-116, -29,-763,-598;
  -4,-188,-149,-170,  16,-126, -24,-765,-592;
  -6,-187,-149,-168,  18,-134, -27,-753,-588;
  -5,-185,-144,-165,  21,-143, -29,-751,-589;
  -3,-184,-145,-160,  22,-154, -36,-751,-583;
  -8,-183,-145,-151,  22,-162, -34,-749,-575;
 -10,-185,-140,-145,  20,-173, -35,-739,-571;
 -14,-177,-139,-138,  17,-181, -48,-725,-570;
 -11,-179,-144,-133,  13,-191, -48,-724,-567;
 -14,-176,-136,-129,   8,-199, -47,-717,-570;
 -12,-173,-135,-129,   4,-205, -54,-710,-572;
 -10,-171,-142,-132,   1,-212, -53,-703,-567;
 -11,-168,-142,-135,   1,-215, -49,-693,-572;
 -12,-167,-141,-140,   1,-220, -49,-685,-578;
 -12,-169,-142,-146,   5,-225, -50,-679,-582;
 -11,-164,-144,-155,  12,-226, -47,-677,-583;
  -9,-163,-144,-164,  21,-226, -39,-674,-588;
  -7,-167,-146,-178,  31,-220, -30,-675,-587;
  -5,-166,-146,-195,  45,-217, -23,-672,-590;
   0,-159,-147,-213,  61,-210, -16,-672,-587;
   0,-161,-143,-235,  79,-201, -11,-673,-591;
   2,-166,-147,-256,  97,-191,  -8,-671,-593;
   0,-164,-147,-277, 114,-181,  -5,-680,-595;
   1,-168,-146,-300, 128,-174,  -8,-693,-604;
   1,-168,-151,-320, 139,-165,  -4,-695,-608;
   2,-169,-150,-336, 149,-160,  -7,-704,-610;
   1,-174,-151,-345, 154,-155,  -6,-708,-609;
   0,-173,-154,-348, 159,-149,  -5,-711,-618;
   0,-176,-148,-348, 160,-143,  -5,-712,-617;
   2,-176,-155,-343, 160,-139,  -4,-719,-621;
   0,-178,-153,-339, 159,-135,  -6,-714,-628;
   0,-178,-150,-332, 156,-128,  -4,-712,-616;
   3,-171,-154,-325, 150,-124,  -5,-710,-620;
   0,-171,-153,-316, 145,-121,  -2,-709,-614;
   2,-176,-153,-305, 139,-116,  -2,-703,-608;
   0,-174,-145,-293, 132,-111,   4,-704,-602;
   0,-173,-147,-278, 122,-107,   5,-698,-600;
   3,-170,-145,-264, 112,-103,   5,-696,-593;
   3,-165,-147,-250, 100, -99,  12,-679,-595;
   6,-162,-143,-239,  87, -99,  16,-674,-578;
   7,-162,-148,-231,  73, -98,  19,-670,-583;
   6,-161,-142,-226,  60, -99,  21,-661,-574;
   5,-156,-148,-226,  45,-101,  27,-651,-579;
   8,-159,-139,-229,  31,-104,  25,-657,-578;
   6,-156,-145,-237,  16,-108,  26,-647,-581;
   9,-159,-145,-251,   0,-113,  26,-648,-580;
   6,-160,-145,-267, -16,-120,  24,-648,-588;
  11,-161,-148,-284, -27,-125,  33,-649,-591;
  10,-159,-146,-303, -42,-132,  34,-652,-600;
   7,-161,-153,-321, -54,-137,  38,-660,-605;
   9,-157,-156,-338, -65,-142,  35,-663,-603;
  11,-165,-153,-354, -74,-145,  37,-672,-616;
   9,-168,-151,-367, -81,-148,  35,-687,-613;
  12,-170,-154,-378, -84,-149,  33,-691,-611;
  10,-169,-159,-383, -86,-149,  36,-695,-617;
  10,-174,-156,-382, -83,-147,  35,-696,-631;
  11,-171,-161,-373, -80,-142,  33,-693,-632;
  10,-170,-158,-365, -72,-138,  25,-692,-643;
  10,-168,-163,-355, -65,-133,  21,-695,-644;
   6,-170,-167,-348, -61,-128,  22,-697,-647;
   9,-170,-169,-345, -58,-124,  23,-692,-663;
   8,-171,-169,-343, -56,-122,  28,-693,-668;
   7,-173,-164,-344, -54,-117,  33,-701,-694;
   6,-171,-172,-345, -48,-115,  29,-708,-693;
   5,-173,-172,-343, -42,-113,  23,-712,-702;
   8,-178,-175,-340, -34,-110,  19,-711,-705;
   5,-178,-174,-335, -28,-111,  15,-720,-708;
   3,-175,-176,-330, -22,-113,  11,-722,-708;
   3,-178,-171,-322, -14,-114,   4,-724,-706;
   1,-179,-174,-312,  -7,-113,   0,-720,-701;
   0,-174,-172,-299,   4,-112,  -3,-716,-693;
  -2,-174,-171,-284,  11,-112,  -6,-707,-691;
  -6,-171,-168,-266,  17,-111, -13,-704,-683;
  -1,-174,-165,-251,  20,-111, -21,-695,-682;
  -7,-169,-165,-234,  22,-111, -25,-695,-677;
  -3,-167,-167,-220,  16,-112, -24,-684,-678;
  -1,-165,-167,-209,   7,-112, -22,-679,-675;
  -2,-166,-169,-203,  -4,-111, -14,-672,-682;
  -2,-164,-166,-199, -14,-107, -11,-670,-677;
   0,-165,-170,-199, -21,-102,  -8,-682,-690;
   0,-165,-171,-203, -29, -96,  -2,-672,-691;
   1,-167,-174,-211, -38, -91,   3,-683,-688;
   3,-166,-171,-219, -45, -87,  14,-677,-695;
   9,-170,-175,-224, -52, -81,  21,-678,-694;
   9,-167,-171,-225, -55, -76,  37,-689,-693;
  12,-169,-169,-221, -53, -68,  46,-689,-693;
  15,-169,-171,-216, -49, -62,  48,-693,-693;
  14,-171,-171,-212, -45, -57,  56,-690,-686;
  16,-168,-166,-208, -40, -57,  54,-691,-689;
  16,-173,-168,-203, -36, -57,  61,-693,-688;
  19,-173,-169,-199, -33, -61,  58,-690,-675;
  15,-170,-167,-193, -32, -65,  55,-691,-680;
  14,-169,-168,-187, -31, -70,  55,-692,-686;
  19,-166,-168,-183, -34, -78,  59,-696,-688;
  14,-169,-168,-181, -40, -87,  57,-699,-692;
  14,-171,-170,-174, -46, -95,  60,-698,-694;
  15,-174,-171,-162, -52,-102,  58,-706,-698;
  19,-178,-176,-146, -56,-110,  58,-709,-703;
  15,-179,-174,-129, -56,-119,  57,-718,-716;
  13,-179,-176,-114, -61,-126,  43,-718,-711;
   8,-177,-178, -98, -63,-132,  43,-722,-720;
  10,-177,-176, -85, -68,-135,  36,-720,-719;
   5,-174,-180, -70, -75,-138,  33,-719,-724;
   5,-175,-176, -58, -81,-139,  23,-710,-719;
   3,-174,-181, -49, -88,-139,  19,-710,-730;
   0,-175,-185, -42, -96,-138,   6,-708,-732;
   1,-171,-183, -39,-106,-136,   4,-706,-740;
   1,-173,-189, -37,-115,-133,   3,-711,-750;
   2,-175,-189, -35,-121,-130,   0,-706,-753;
   0,-174,-189, -34,-125,-126,   1,-706,-755;
   0,-175,-189, -28,-127,-116,   1,-712,-757;
   1,-177,-190, -21,-125,-103,   3,-719,-756;
   4,-180,-186, -12,-118, -85,   6,-725,-756;
   2,-180,-189,   3,-108, -72,  17,-729,-765;
   2,-182,-192,  19, -97, -57,  16,-742,-763;
   5,-183,-191,  40, -83, -42,  21,-742,-759;
  11,-184,-191,  63, -68, -30,  30,-738,-753;
  11,-179,-189,  89, -56, -15,  37,-741,-755;
  12,-185,-187, 115, -43,  -1,  40,-742,-757;
  11,-183,-183, 141, -33,  10,  50,-738,-753;
  14,-185,-187, 169, -26,  17,  49,-741,-745;
  12,-180,-184, 188, -22,  22,  50,-740,-745;
  12,-183,-186, 204, -21,  21,  50,-742,-741;
  14,-181,-185, 216, -22,  14,  49,-741,-744;
  12,-180,-185, 222, -22,   7,  52,-738,-740;
   8,-181,-183, 226, -22,   0,  40,-730,-747;
   8,-179,-184, 227, -25,  -4,  39,-728,-747;
  10,-180,-185, 229, -29, -11,  35,-731,-756;
   9,-179,-191, 226, -34, -16,  33,-726,-760;
   8,-175,-189, 223, -42, -23,  33,-724,-758;
   7,-178,-189, 218, -49, -27,  33,-726,-761;
   8,-176,-190, 215, -58, -28,  34,-722,-768;
   7,-177,-189, 214, -65, -27,  35,-719,-762;
  13,-178,-191, 215, -68, -25,  40,-717,-765;
  11,-174,-189, 218, -70, -19,  46,-719,-772;
  11,-176,-191, 220, -69, -10,  48,-714,-774;
  13,-177,-192, 223, -64,  -5,  52,-719,-765;
  15,-176,-190, 224, -57,   3,  54,-718,-772;
  29,-171,-190, 220, -47,   8,  55,-720,-771;
  14,-176,-191, 217, -37,  16,  59,-724,-775;
  17,-178,-192, 213, -26,  21,  58,-726,-772;
  12,-177,-190, 210, -20,  28,  60,-735,-772;
  13,-182,-192, 206, -15,  28,  59,-738,-774;
  10,-183,-191, 203, -10,  20,  55,-742,-780;
  10,-180,-191, 200,  -5,  15,  42,-739,-773;
  12,-183,-190, 203,  -1,  12,  41,-744,-771;
  11,-181,-191, 207,   3,  10,  38,-748,-775;
  10,-184,-191, 215,   5,   8,  35,-747,-773;
  10,-183,-191, 223,   6,   7,  36,-740,-769;
  10,-184,-190, 232,   6,   9,  38,-740,-769;
   9,-184,-192, 241,   5,   9,  30,-742,-775;
   6,-184,-187, 243,   2,  10,  31,-739,-772;
   5,-181,-188, 246,   1,  13,  26,-746,-770;
   8,-181,-192, 246,  -2,  16,  23,-744,-766;
   4,-181,-190, 243,  -1,  22,  26,-750,-766;
   4,-186,-187, 239,  -1,  26,  18,-757,-770;
   1,-183,-189, 232,  -6,  23,  12,-754,-764;
   1,-186,-186, 223, -10,  26,  15,-761,-763;
   3,-185,-191, 212, -12,  30,  11,-763,-756;
   2,-185,-189, 201, -19,  32,  21,-764,-761;
   4,-187,-190, 197, -21,  29,  18,-757,-755;
   5,-187,-188, 198, -18,  32,  16,-748,-757;
   5,-183,-188, 203, -14,  38,  21,-747,-761;
   9,-183,-187, 209,  -8,  38,  28,-744,-750;
   6,-182,-186, 216,   1,  34,  21,-741,-753;
   5,-181,-187, 217,  10,  36,  26,-744,-754;
  13,-181,-189, 213,  16,  36,  30,-728,-754;
  10,-175,-186, 206,  22,  37,  38,-728,-748;
  11,-176,-183, 202,  34,  35,  39,-729,-740;
  10,-178,-180, 202,  48,  33,  30,-727,-732;
   9,-181,-182, 200,  58,  39,  30,-723,-732;
   6,-173,-179, 194,  63,  44,  31,-715,-724;
   8,-177,-181, 189,  68,  49,  24,-719,-717;
   9,-176,-176, 180,  77,  48,  29,-710,-714;
   4,-175,-175, 172,  81,  44,  14,-711,-712;
   2,-174,-180, 158,  80,  46,  13,-718,-712;
   6,-176,-176, 146,  77,  50,  16,-718,-701;
   6,-178,-175, 134,  72,  47,  19,-720,-703;
   2,-177,-173, 124,  67,  37,  15,-726,-700;
  -1,-179,-173, 117,  61,  32,  -3,-735,-692;
   1,-184,-174, 108,  52,  36,  -1,-747,-697;
   1,-183,-168, 105,  38,  43,   9,-751,-692;
   5,-187,-168, 106,  29,  42,  -1,-750,-692;
   2,-189,-167, 114,  24,  44,   7,-762,-684;
  -3,-185,-173, 131,  15,  43,  -8,-758,-694;
   0,-184,-173, 148,   4,  57,   2,-753,-693;
   5,-184,-174, 161, -12,  69,  11,-755,-702;
   5,-185,-176, 170, -28,  70,  25,-747,-703;
   5,-178,-176, 176, -40,  72,  25,-742,-700;
  11,-182,-169, 178, -48,  75,  36,-730,-704;
   9,-183,-180, 182, -55,  73,  37,-731,-711;
  11,-179,-181, 180, -63,  76,  37,-719,-712;
  16,-174,-173, 179, -64,  81,  67,-725,-716;
  10,-172,-175, 181, -65,  72,  45,-710,-723;
  25,-179,-181, 179, -59,  74,  80,-742,-735;
  29,-170,-168, 168, -43,  63,  92,-703,-711;
  21,-177,-187, 162, -45,  67,  86,-722,-721;
  22,-179,-182, 153, -16,  60,  64,-716,-724;
  34,-181,-163, 140,  10,  70, 110,-728,-706;
  25,-182,-172, 127,  17,  61,  83,-740,-714;
   9,-179,-183, 111,  33,  54,  61,-735,-707;
  25,-190,-181, 101,  59,  80,  97,-759,-702;
  25,-187,-166,  95,  69,  81,  83,-758,-700;
  22,-185,-168,  91,  68,  76,  70,-755,-693;
  17,-192,-178,  96,  66,  71,  77,-772,-693;
 -28,-177,-200,  97,  52,  61, -60,-687,-677;
   8,-229,-222, 119,  82,  84,  96,-771,-697;
  36,-197,-119, 149,  61,  73,  47,-788,-715;
  13,-165,-153, 163, -10,  65,  26,-773,-718;
   3,-189,-206, 176, -46,  85,  48,-789,-712;
  -7,-214,-230, 194, -64,  79,  29,-795,-716;
  -5,-187,-198, 197, -33,  71,  -5,-767,-728;
  22,-181,-135, 191, -34,  79,  40,-790,-734;
   2,-186,-188, 182, -94,  71,  14,-773,-733;
 -10,-200,-224, 167,-133,  73,  22,-775,-731;
  -2,-194,-215, 157,-108,  71,  28,-779,-727;
  13,-187,-170, 147, -73,  67,  33,-794,-731;
  10,-191,-164, 135, -90,  65,  16,-796,-734;
 -31,-259,-211, 124,-136,  81, -92,-987,-848;
  28,-212,-150, 121, -56,  85, 120,-761,-682;
  23,-210,-159, 142,-113,  82,  53,-830,-749;
  -5,-192,-218, 148,-134,  75,  30,-820,-747;
   1,-189,-193, 148,-113,  77,  30,-811,-747;
  20,-207,-169, 154, -80,  85,  43,-815,-759;
  18,-205,-164, 156, -75,  80,  45,-813,-766;
  18,-193,-181, 150, -89,  77,  39,-806,-767;
   2,-191,-206, 146, -79,  77,  36,-796,-771;
  11,-199,-182, 141, -40,  73,  35,-797,-771;
  16,-197,-171, 132, -18,  74,  32,-800,-768;
  15,-193,-175, 122, -29,  71,  36,-798,-758;
   6,-195,-192, 113, -41,  68,  31,-807,-750;
   9,-197,-188, 105, -28,  58,  34,-804,-744;
  14,-196,-166, 101,  -9,  51,  30,-799,-735;
  13,-195,-163, 100, -16,  49,  30,-801,-731;
   6,-195,-183,  98, -37,  45,  26,-802,-721;
   1,-195,-193,  98, -42,  38,  20,-801,-715;
   8,-196,-163, 104, -28,  27,  19,-800,-709;
   9,-191,-156, 109, -31,  18,  18,-795,-696;
   3,-192,-169, 114, -52,   6,   4,-795,-696;
  -2,-191,-185, 119, -65,  -3,   3,-791,-693;
  -7,-193,-190, 124, -60, -13,  -4,-796,-700;
   1,-192,-159, 125, -57, -21, -10,-788,-693;
  -1,-192,-161, 127, -74, -25, -23,-785,-697;
  -7,-191,-183, 130, -95, -26, -27,-787,-703;
 -12,-193,-191, 134, -96, -29, -26,-785,-704;
  -8,-196,-180, 139, -92, -34, -34,-785,-712;
  -6,-194,-166, 142, -98, -39, -36,-795,-718;
  -8,-193,-181, 142,-113, -43, -33,-790,-722;
 -11,-193,-189, 140,-117, -47, -31,-791,-723;
 -10,-193,-186, 139,-108, -54, -26,-796,-723;
   0,-193,-167, 141, -99, -62, -24,-791,-723;
   0,-192,-175, 141, -96, -70, -19,-793,-721;
  -6,-191,-185, 144, -90, -75, -17,-789,-731;
  -7,-192,-188, 152, -75, -81, -21,-782,-719;
   2,-191,-182, 165, -51, -81,  10,-783,-715;
   4,-190,-173, 175, -39, -90,   6,-773,-716;
   2,-191,-177, 183, -34, -99,  10,-771,-714;
   4,-189,-180, 189, -25,-104,  13,-767,-702;
   3,-188,-178, 194, -10,-112,  12,-765,-696;
   5,-186,-166, 199,  -4,-117,   9,-762,-690;
   3,-183,-168, 199,  -9,-118,  15,-753,-672;
   3,-184,-172, 196, -15,-117,  12,-746,-664;
   2,-185,-169, 199, -17,-116,   8,-745,-665;
   2,-178,-165, 202, -16,-113,  12,-739,-654;
   4,-177,-160, 201, -21,-106,  13,-736,-652;
  -1,-178,-162, 201, -29,-102,   0,-730,-656;
   2,-177,-172, 197, -33, -94,   1,-724,-656;
  -4,-175,-164, 191, -33, -93,  -7,-720,-662;
   1,-174,-162, 180, -30, -87,  -2,-710,-657;
  -5,-174,-160, 171, -37, -87,  -9,-721,-665;
  -3,-174,-172, 157, -38, -81,  -8,-716,-659;
  -5,-179,-167, 147, -32, -76, -13,-715,-659;
  -2,-177,-162, 141, -27, -72, -13,-724,-657;
   0,-178,-155, 134, -29, -67,  -8,-725,-652;
   0,-179,-155, 133, -37, -66,  -8,-731,-653;
  -5,-176,-170, 133, -40, -57, -19,-724,-649;
   1,-182,-160, 135, -32, -51,  13,-742,-652;
   0,-181,-155, 134, -35, -56,  -2,-743,-653;
  17,-148,-150, 121, -46, -64,  48,-677,-640;
 -14,-148,-190, 127, -42, -48,  14,-753,-649;
   6,-191,-154, 132, -13, -47,   2,-749,-666;
  18,-204,-122, 127, -24, -51,  -1,-749,-660;
   7,-177,-141, 115, -73, -46,   4,-748,-655;
 -11,-176,-189, 114, -82, -42,  -7,-761,-660;
   0,-184,-169, 116, -41, -36,   2,-760,-656;
   6,-196,-130, 122, -22, -30, -20,-762,-660;
   9,-190,-136, 129, -56, -17,   0,-781,-671;
  -2,-181,-171, 135, -79, -12,  -6,-776,-662;
 -13,-194,-196, 141, -56, -10,  -2,-769,-657;
   7,-191,-145, 150, -23,  -6,  -2,-772,-657;
  10,-190,-132, 155, -32,  -5,   0,-784,-675;
   4,-188,-162, 151, -55,  -5,   6,-780,-673;
  -8,-191,-186, 148, -48, -10,  -2,-769,-666;
 -10,-193,-187, 146, -11, -12, -12,-779,-664;
   3,-189,-136, 144,  -3, -13, -13,-778,-663;
   1,-186,-147, 140, -30, -10, -19,-771,-663;
  -7,-191,-175, 139, -46,  -8, -23,-775,-651;
 -14,-188,-185, 140, -46,  -3, -24,-767,-651;
  -9,-189,-170, 145, -29,  -1, -26,-771,-649;
 -13,-199,-149, 144, -39,   2,-166,-881,-703;
  15,-151, -98, 141,   5,   6,  32,-740,-597;
   4,-212,-136, 154, -68,   0, -30,-791,-659;
 -14,-210,-198, 146,-132,  -7, -25,-788,-650;
  -6,-184,-163, 134,-109,  -6, -15,-793,-639;
   8,-180,-110, 133, -57, -11, -25,-799,-643;
  10,-202,-119, 130, -66, -11, -28,-805,-655;
  -6,-209,-176, 130,-116,  -8, -33,-812,-646;
 -21,-198,-211, 137,-118,  -6, -28,-810,-642;
   2,-191,-134, 146, -57,  -4, -30,-814,-644;
   9,-201,-114, 153, -26,  -6, -31,-815,-656;
  -2,-204,-155, 158, -53,  -6, -26,-813,-665;
 -21,-197,-195, 159, -77,  -5, -37,-814,-656;
 -17,-199,-198, 159, -42, -10, -34,-812,-665;
   4,-198,-126, 157,   3, -13, -37,-817,-653;
  -1,-199,-141, 153,  -3, -14, -41,-813,-661;
  -9,-199,-182, 147, -34, -13, -36,-810,-650;
 -22,-197,-193, 150, -30, -19, -27,-811,-647;
 -11,-202,-170, 155,   5, -22, -33,-811,-645;
   1,-198,-132, 162,   9, -22, -25,-819,-645;
  -8,-198,-165, 167, -25, -24, -38,-812,-645;
 -16,-195,-187, 170, -46, -23, -35,-809,-646;
 -20,-197,-180, 172, -24, -22, -37,-814,-640;
  -2,-197,-146, 174,  -2, -21, -36,-809,-642;
  -9,-195,-150, 175, -18, -16, -40,-804,-642;
 -15,-193,-175, 173, -42, -11, -38,-797,-641;
 -21,-193,-181, 171, -32,  -8, -40,-796,-637;
  -7,-193,-158, 168,  -4,  -7, -41,-793,-638;
  -1,-192,-138, 163,  -4,  -6, -44,-789,-632;
 -11,-192,-163, 155, -29,  -7, -39,-784,-631;
 -15,-193,-178, 149, -35,  -5, -35,-789,-624;
 -15,-192,-161, 147, -14,  -8, -35,-790,-635;
  -2,-194,-142, 146,  -2,  -9, -38,-796,-635;
 -10,-194,-154, 146, -17,  -9, -40,-800,-632;
 -15,-192,-174, 149, -32, -10, -39,-796,-626;
 -11,-195,-170, 152, -21, -11, -38,-797,-624;
  -7,-193,-150, 157,  -3, -11, -35,-793,-621;
   0,-191,-139, 159,  -8, -12, -32,-795,-623;
 -11,-189,-170, 159, -24, -13, -29,-790,-627;
 -11,-193,-170, 160, -21, -13, -29,-791,-628;
  -6,-192,-156, 160,  -1, -15, -29,-781,-634;
  -2,-191,-143, 161,   8, -15, -29,-783,-637;
  -2,-192,-146, 157,  -3, -16, -26,-784,-633;
 -12,-191,-175, 154,  -6, -14, -33,-782,-633;
  -9,-191,-165, 154,   9, -14, -25,-779,-630;
  -4,-191,-151, 154,  23, -16, -26,-784,-637;
   1,-192,-141, 152,  16, -15, -22,-777,-624;
  -5,-190,-151, 151,   6, -15, -27,-779,-628;
  -4,-191,-165, 150,   9, -15, -21,-781,-623;
  -5,-189,-148, 147,  23, -16, -21,-780,-625;
   0,-191,-144, 146,  24, -14, -22,-780,-629;
  -1,-191,-149, 143,  13, -13, -22,-777,-628;
  -5,-191,-160, 138,  11, -11, -21,-776,-623;
  -9,-187,-157, 134,  19, -11, -21,-774,-624;
  -1,-188,-146, 128,  25, -11, -23,-777,-617;
   0,-192,-151, 127,  17, -10, -17,-780,-632;
  -4,-191,-157, 128,   7, -10, -21,-776,-622;
   1,-194,-166, 128,  10,  -9, -22,-781,-629;
  -4,-189,-151, 129,  13,  -6, -23,-779,-630;
   0,-192,-150, 129,   7,  -6, -22,-779,-624;
  -3,-190,-155, 127,  -6,  -5, -22,-779,-629;
  -6,-192,-162, 126, -11,  -3, -24,-781,-629;
  -7,-191,-153, 124,  -7,  -3, -23,-783,-632;
  -3,-189,-147, 121,  -7,  -3, -25,-784,-625;
  -3,-188,-151, 117, -13,  -3, -25,-777,-635;
  -9,-191,-158, 112, -17,  -3, -24,-783,-625;
  -6,-192,-160, 108,  -9,  -4, -22,-780,-620;
  -5,-188,-149, 107,   0,  -3, -24,-781,-618;
  -2,-191,-149, 103,   2,  -5, -23,-783,-623;
  -3,-190,-156, 101,   4,  -7, -26,-782,-628;
  -9,-192,-162, 100,  11, -10, -24,-781,-620;
  -6,-189,-153,  96,  30,  -6, -17,-778,-621;
  -2,-194,-152,  99,  28, -10, -16,-787,-630;
  -4,-193,-158, 100,  27, -13, -27,-784,-625;
  -4,-190,-160,  98,  37, -11, -21,-786,-614;
  -3,-193,-157,  96,  50, -12, -18,-787,-616;
  -2,-193,-149,  95,  55, -10, -18,-787,-617;
  -7,-192,-151,  96,  55, -12, -18,-792,-611;
  -3,-194,-157,  99,  58, -12, -18,-793,-621;
  -5,-194,-156, 100,  64, -12, -20,-794,-616;
  -7,-192,-146,  96,  68, -10, -23,-787,-614;
  -3,-194,-148,  97,  58, -15, -25,-796,-616;
 -12,-193,-160,  95,  50, -15, -29,-796,-625;
  -7,-192,-162,  95,  52, -12, -32,-795,-620;
  -4,-195,-148,  90,  58, -13, -31,-795,-619;
  -4,-192,-142,  84,  57,  -9, -25,-791,-611;
  -1,-200,-148,  86,  44,   2, -25,-797,-597;
 -11,-197,-167,  92,  33,   1, -32,-800,-625;
  -2,-194,-151,  90,  50,  -1, -35,-801,-616;
   0,-193,-138,  82,  56,  -4, -24,-794,-621;
  -5,-194,-140,  78,  37,  -5, -28,-795,-627;
 -10,-195,-171,  74,  23,  -6, -29,-794,-624;
  -4,-196,-152,  72,  35,  -4, -25,-798,-617;
   0,-194,-144,  72,  46,  -4, -23,-799,-620;
  -2,-195,-143,  71,  38,  -3, -21,-806,-619;
  -9,-195,-158,  69,  26,  -2, -27,-810,-624;
  -6,-197,-158,  67,  37,  -1, -25,-804,-614;
  -1,-196,-148,  71,  48,  -3, -19,-810,-619;
   0,-196,-141,  72,  49,  -3, -21,-809,-621;
  -3,-197,-153,  72,  38,  -3, -22,-808,-618;
  -5,-199,-157,  73,  36,  -3, -18,-809,-611;
  -4,-200,-144,  72,  46,  -6, -20,-810,-610;
   0,-195,-141,  71,  50,  -5, -21,-801,-609;
   0,-195,-147,  68,  41,  -6, -18,-800,-608;
  -5,-195,-157,  68,  33,  -5, -22,-805,-610;
 -11,-196,-165,  68,  36,  -4, -25,-805,-609;
  -5,-200,-145,  66,  43,  -5, -29,-820,-612;
  -3,-197,-143,  63,  43,  -5, -28,-803,-612;
  -2,-197,-149,  65,  31,  -4, -24,-814,-617;
  -9,-196,-161,  66,  27,  -6, -33,-809,-614;
 -10,-199,-163,  68,  32,  -5, -30,-805,-609;
  -2,-199,-146,  68,  38,  -3, -23,-804,-613;
  -6,-192,-148,  70,  31,   1, -28,-805,-615;
  -7,-195,-158,  69,  24,   2, -22,-804,-624;
  -7,-196,-162,  69,  26,   3, -21,-805,-615;
   0,-196,-149,  68,  31,   0, -23,-813,-619;
   0,-197,-148,  69,  27,  -1, -16,-806,-617;
  -1,-194,-158,  69,  18,  -2, -17,-810,-612;
  -3,-198,-157,  70,  14,  -5, -20,-814,-615;
  -8,-197,-158,  70,  17,  -8, -21,-810,-614;
   0,-197,-147,  73,  18, -13, -22,-813,-617;
  -4,-195,-152,  75,  13, -16, -21,-809,-616;
  -5,-198,-161,  75,  12, -16, -22,-808,-618;
  -6,-196,-160,  72,  18, -18, -20,-805,-618;
  -4,-198,-154,  70,  28, -19, -22,-806,-619;
   0,-196,-149,  71,  32, -19, -21,-805,-624;
  -6,-197,-159,  72,  31, -19, -19,-811,-622;
  -1,-196,-158,  72,  35, -19, -15,-805,-620;
   0,-195,-154,  70,  41, -19, -17,-803,-614;
   0,-196,-147,  68,  42, -19, -17,-807,-608;
  -3,-198,-148,  68,  36, -19, -14,-809,-611;
  -3,-197,-152,  68,  32, -19, -15,-805,-610;
  -5,-199,-155,  69,  33, -20, -21,-810,-604;
   0,-199,-153,  70,  29, -22, -18,-811,-606;
  -3,-196,-144,  71,  20, -21, -19,-816,-608;
  -4,-195,-151,  73,  12, -17, -22,-815,-601;
  -3,-197,-152,  76,   9, -17, -14,-816,-599;
  -5,-199,-152,  79,   9, -17, -15,-811,-601;
   0,-195,-147,  84,   5, -14, -18,-811,-612;
  -3,-198,-148,  88,   0, -13, -15,-813,-610;
  -2,-198,-154,  88,  -2, -12, -14,-814,-607;
  -4,-196,-156,  90,   2, -13, -10,-812,-614;
  -2,-198,-149,  94,   6, -13, -14,-808,-612;
   0,-197,-153,  97,   3, -13, -13,-811,-615;
  -1,-198,-151, 102,   3, -12, -13,-813,-615;
  -4,-194,-158, 105,   6, -13, -17,-802,-612;
  -1,-195,-155, 108,  11, -14, -19,-799,-613;
  -1,-194,-149, 107,  10, -17, -14,-802,-619;
   0,-195,-152, 104,  11, -17, -18,-797,-615;
  -7,-194,-154, 102,  13, -18, -20,-794,-611;
  -4,-194,-151,  99,  19, -19, -24,-797,-615;
   0,-195,-155, 100,  22, -19, -20,-794,-616;
  -2,-194,-149,  99,  24, -22, -23,-798,-618;
  -7,-194,-153,  98,  25, -20, -21,-798,-611;
  -3,-193,-153,  97,  29, -24, -21,-796,-617;
  -6,-193,-153,  97,  33, -23, -18,-798,-613;
  -2,-194,-150,  97,  33, -20, -19,-797,-610;
   0,-195,-152,  98,  33, -20, -20,-795,-614;
  -4,-193,-150, 100,  35, -21, -17,-797,-611;
  -1,-194,-153, 103,  35, -25, -17,-801,-614;
  -5,-194,-150, 103,  37, -24, -20,-794,-615;
  -2,-197,-149, 102,  35, -24, -20,-798,-611;
  -1,-195,-155, 104,  36, -23, -13,-793,-610;
  -3,-196,-153, 103,  37, -25, -17,-795,-612;
   0,-194,-151, 103,  37, -28, -10,-801,-610;
   0,-195,-152, 103,  36, -29,  -9,-804,-611;
   1,-194,-154, 102,  35, -29,  -6,-799,-611;
  -2,-195,-151, 102,  34, -30,  -6,-803,-610;
   0,-196,-151, 105,  36, -29, -10,-809,-607;
   1,-195,-149, 108,  36, -27, -12,-803,-606;
   0,-196,-152, 109,  32, -27, -15,-797,-603;
  -2,-194,-151, 108,  28, -24, -14,-803,-611;
  -3,-197,-154, 104,  26, -23, -14,-803,-603;
  -4,-197,-147, 103,  25, -20, -14,-808,-604;
   0,-196,-152, 101,  24, -16,  -3,-811,-609;
   0,-196,-150, 100,  22, -14,  -6,-811,-607;
   0,-196,-154,  98,  19, -16,  -4,-809,-607;
  -4,-191,-136,  95,  21, -19,  -6,-814,-612;
  -2,-198,-148,  93,  23, -20,  -6,-817,-614;
  -1,-198,-156,  91,  26, -22,  -9,-819,-613;
   0,-199,-156,  90,  27, -25,  -8,-814,-614;
   0,-199,-152,  91,  27, -26,  -9,-818,-611;
  -3,-202,-151,  94,  33, -26,  -7,-816,-615;
   0,-200,-151,  97,  37, -26, -11,-815,-611;
   0,-199,-153, 101,  37, -26,  -7,-810,-615;
  -1,-197,-150, 105,  36, -23, -11,-817,-612;
  -1,-195,-154, 106,  38, -23,  -8,-811,-609;
   0,-195,-150, 104,  39, -22,  -7,-807,-613;
  -1,-200,-151, 103,  34, -20,  -7,-812,-601;
   0,-200,-151, 101,  30, -20,  -5,-813,-605;
   1,-197,-150, 100,  29, -19,  -1,-818,-602;
   1,-200,-153, 101,  27, -16,  -1,-817,-601;
   0,-199,-149, 104,  25, -15,  -1,-815,-598;
   0,-199,-151, 107,  22, -15,  -5,-817,-597;
  -3,-200,-146, 109,  22, -12,  -7,-815,-605;
  -1,-196,-147, 112,  24, -12,  -4,-816,-597;
   0,-199,-154, 115,  26, -10,  -5,-810,-600;
  -1,-199,-148, 119,  26, -10, -12,-814,-601;
   0,-201,-149, 124,  30, -10,  -8,-810,-596;
  -5,-194,-153, 125,  32, -10,  -8,-811,-603;
   0,-199,-155, 125,  33,  -9, -10,-810,-610;
   0,-196,-152, 122,  36, -11,  -6,-810,-614;
   1,-199,-152, 118,  40, -12,  -7,-809,-612;
   2,-198,-151, 116,  44, -11,  -8,-811,-608;
   0,-196,-150, 114,  47, -11,  -4,-809,-606;
   2,-201,-153, 113,  49, -12,  -3,-809,-604;
   1,-201,-153, 114,  48, -10,  -8,-810,-611;
   0,-197,-149, 115,  46,  -9,  -2,-813,-610;
   0,-197,-151, 117,  43,  -8,  -6,-810,-598;
   1,-195,-150, 118,  39,  -6,  -6,-805,-608;
   1,-197,-149, 117,  38,  -5,  -3,-806,-600;
  -1,-195,-148, 116,  35,  -3,  -7,-808,-595;
   0,-197,-145, 117,  31,  -3,  -6,-813,-600;
   0,-195,-146, 119,  31,  -2,  -8,-813,-598;
   1,-199,-151, 121,  32,  -2,   0,-811,-597;
   1,-195,-147, 122,  31,  -3,  -4,-812,-600;
   3,-200,-147, 122,  33,  -5,  -6,-805,-605;
   1,-196,-150, 124,  35,  -7,  -5,-813,-607;
   0,-199,-148, 125,  35,  -9,   0,-815,-603;
   1,-196,-154, 123,  38, -12,  -6,-808,-610;
  -1,-196,-152, 121,  41, -14,  -6,-809,-610;
   1,-199,-153, 118,  45, -15,  -8,-814,-608;
   0,-200,-149, 121,  49, -16,   2,-816,-608;
   3,-196,-146, 124,  52, -18,  -8,-816,-608;
   1,-198,-154, 126,  53, -20,  -2,-813,-613;
   1,-198,-149, 127,  55, -19,  -5,-811,-608;
   0,-195,-151, 127,  57, -16,  -4,-812,-612;
  -1,-200,-153, 128,  59, -16,  -6,-809,-607;
   1,-200,-149, 129,  59, -14, -11,-807,-598;
  -2,-196,-151, 127,  58, -12, -16,-813,-604;
  -2,-198,-148, 127,  55, -12, -20,-808,-602;
  -1,-200,-146, 127,  51, -12, -12,-809,-602;
  -2,-198,-146, 127,  44, -14, -10,-811,-599;
   0,-199,-149, 130,  38, -14,  -4,-813,-603;
   0,-197,-147, 133,  33, -15,  -6,-811,-603;
   0,-198,-152, 137,  30, -17,  -2,-817,-604;
   1,-199,-150, 141,  25, -18,  -1,-808,-604;
  -1,-196,-152, 144,  22, -18,  -3,-811,-611;
   0,-196,-148, 145,  18, -17,  -2,-808,-610;
   0,-198,-151, 145,  19, -15,   0,-811,-603;
   4,-197,-152, 144,  19, -18,   4,-811,-614;
   2,-197,-150, 138,  19, -19,  -1,-808,-612;
   1,-196,-152, 132,  22, -19,   1,-812,-604;
  -1,-197,-154, 126,  27, -20,   2,-812,-607;
   4,-199,-152, 120,  29, -20,  -4,-816,-605;
   2,-197,-146, 119,  30, -19,  -2,-816,-599;
   0,-198,-147, 115,  28, -17,  -1,-817,-597;
  -1,-199,-148, 108,  24, -16,  -4,-817,-593;
   1,-201,-146, 106,  22, -16,  -6,-816,-587;
   0,-201,-147, 103,  19, -17,  -2,-824,-587;
   1,-201,-144, 101,  12, -18,  -4,-828,-584;
  -1,-197,-148, 100,   4, -19,  -1,-822,-589;
  -2,-202,-143, 102,  -3, -21,   1,-822,-586;
  -1,-202,-147, 104,  -9, -24,  -1,-827,-586;
   0,-202,-143, 104, -13, -26,   0,-833,-588;
   3,-204,-146, 101, -19, -28,   1,-821,-596;
   2,-200,-145,  98, -23, -30,  -1,-830,-583;
   1,-202,-149,  97, -21, -30,   1,-828,-586;
   2,-203,-143,  98, -16, -31,   1,-830,-589;
   2,-203,-142, 100, -11, -34,  13,-829,-589;
   1,-201,-148, 100,  -8, -34,   4,-826,-580;
   2,-203,-142, 101,  -7, -36,   7,-826,-581;
   0,-201,-141, 102,  -6, -38,   4,-833,-576;
   1,-204,-143, 102,  -5, -41,  -2,-825,-580;
   0,-204,-127, 102,  -4, -41,   6,-834,-575;
   2,-203,-143, 100,  -5, -40,  -4,-834,-574;
   1,-204,-145,  98,  -3, -39,   2,-825,-579;
   1,-200,-145,  94,  -2, -38,  -4,-823,-578;
   0,-201,-143,  93,  -2, -38,  -1,-819,-574;
   3,-200,-142,  90,  -4, -36,   4,-829,-570;
   1,-200,-140,  89,  -6, -36,   3,-830,-564;
   4,-202,-138,  91,  -9, -34,   7,-825,-572;
   3,-200,-140,  93, -10, -35,   5,-830,-565;
   1,-201,-138,  94, -11, -34,   4,-826,-561;
   3,-204,-138,  96, -12, -34,   6,-830,-566;
   3,-201,-140,  97, -13, -33,   6,-826,-562;
   1,-198,-138,  97, -14, -32,  11,-826,-557;
   3,-197,-138,  96, -15, -32,  17,-822,-561;
   1,-198,-134,  95, -17, -29,  14,-826,-561;
   4,-202,-143,  93, -16, -27,  14,-826,-554;
   2,-201,-139,  91, -15, -26,  12,-824,-561;
   1,-199,-139,  87, -15, -25,   9,-818,-553;
   2,-200,-143,  83, -13, -23,   1,-823,-557;
   2,-200,-139,  77,  -9, -21,   5,-818,-564;
   1,-201,-139,  71,  -7, -17,   2,-818,-562;
   2,-202,-136,  66,  -6, -15,  -3,-824,-562;
   1,-196,-138,  60,  -6, -15,  -5,-824,-560;
   1,-202,-139,  56,  -6, -14,  -8,-818,-561;
   0,-200,-142,  54,  -6, -12,  -9,-818,-566;
   0,-197,-139,  53,  -8, -11, -12,-823,-572;
   0,-199,-138,  52,  -9, -13,  -7,-820,-568;
   1,-200,-142,  52, -11, -12,  -8,-821,-563;
   0,-198,-141,  52, -14, -14,  -3,-824,-571;
   1,-196,-140,  51, -17, -15,  -5,-820,-568;
   0,-200,-139,  49, -20, -15,  -7,-818,-573;
   3,-205,-143,  46, -24, -15,  -9,-823,-566;
   1,-203,-140,  44, -26, -13, -11,-829,-563;
   1,-202,-144,  43, -26, -11,  -6,-833,-564;
   0,-203,-141,  44, -25,  -9,  -6,-837,-569;
   1,-204,-144,  46, -23,  -7,  -5,-836,-573;
   2,-207,-145,  47, -19,  -5,   0,-837,-566;
   1,-201,-139,  51, -17,  -2,  -2,-836,-566;
   1,-203,-139,  57, -14,  -2,  -5,-833,-571;
   0,-202,-143,  61, -12,  -1,  -6,-829,-574;
   1,-202,-142,  61,  -9,  -2,  -2,-824,-573;
   1,-202,-142,  59,  -5,  -3,  -7,-824,-574;
   1,-200,-140,  56,  -1,  -3,  -5,-822,-579;
   1,-201,-143,  53,   4,  -4,  -1,-814,-575;
   3,-200,-139,  50,   5,  -5,  -4,-822,-578;
  -2,-199,-142,  45,   5,  -6,  -9,-819,-575;
   0,-200,-143,  40,   5,  -6,  -9,-818,-573;
  -2,-200,-144,  37,   2,  -9, -10,-821,-576;
   1,-201,-143,  33,   0,  -6,  -8,-825,-575;
   0,-201,-141,  30,  -3,  -4,  -7,-822,-575;
   0,-201,-140,  28,  -5,  -1, -11,-828,-572;
   0,-203,-143,  28,  -6,   2, -14,-831,-570;
   0,-204,-144,  25,  -9,   4, -13,-823,-574;
   0,-202,-142,  22, -11,   6, -12,-821,-572;
  -2,-200,-139,  20,  -9,   8,  -9,-829,-570;
   0,-200,-142,  21, -10,  10, -11,-828,-568;
  -3,-200,-137,  24, -10,  11,  -9,-833,-568;
   0,-205,-142,  28, -11,  11,  -9,-822,-569;
   0,-203,-144,  30, -11,  11,  -9,-826,-573;
   1,-201,-144,  32, -10,   9,  -8,-827,-578;
   0,-200,-141,  33,  -9,   7,  -9,-823,-577;
   0,-201,-142,  32,  -6,   7, -12,-825,-579;
  -2,-203,-142,  31,  -3,   7, -12,-826,-582;
  -1,-199,-138,  33,  -1,   7, -11,-825,-585;
  -1,-200,-147,  35,   2,   7,  -8,-825,-584;
  -2,-202,-144,  35,   8,   8, -10,-822,-586;
   2,-202,-147,  35,  16,  10, -13,-823,-591;
  -1,-204,-145,  32,  22,  10, -11,-824,-590;
   0,-201,-146,  28,  26,  10, -11,-823,-591;
   0,-199,-144,  27,  30,   9, -11,-822,-589;
   0,-206,-145,  26,  34,  10, -10,-825,-586;
   0,-200,-146,  27,  33,   9, -13,-825,-589;
  -2,-202,-146,  30,  35,   9, -12,-830,-581;
  -4,-201,-145,  32,  36,  11, -16,-825,-583;
  -4,-202,-140,  34,  34,   8, -16,-821,-580;
  -2,-199,-144,  34,  31,  10, -14,-818,-576;
  -4,-199,-146,  32,  30,  13, -18,-821,-577;
  -4,-201,-144,  31,  29,  13, -16,-817,-577;
  -6,-202,-143,  29,  28,  18, -23,-820,-576;
  -3,-199,-143,  29,  28,  20, -22,-818,-579;
  -4,-201,-145,  30,  27,  22, -21,-826,-574;
   0,-201,-141,  28,  27,  23, -21,-819,-581;
  -2,-202,-142,  29,  28,  23, -17,-826,-578;
  -3,-202,-143,  28,  28,  21, -13,-828,-576;
  -2,-202,-145,  29,  28,  21, -13,-828,-579;
  -2,-202,-142,  30,  27,  19, -13,-825,-576;
  -2,-200,-141,  32,  29,  18, -14,-817,-577;
  -1,-200,-135,  34,  30,  16, -18,-821,-570;
   0,-199,-140,  36,  32,  16, -17,-825,-579;
   0,-203,-144,  38,  32,  13, -13,-825,-582;
   0,-204,-147,  39,  33,  15, -14,-824,-579;
  -4,-199,-145,  38,  34,  14, -18,-822,-581;
  -1,-203,-144,  37,  35,  12, -18,-823,-584;
  -6,-200,-144,  34,  36,  11, -20,-826,-583;
   0,-201,-144,  33,  38,   9, -18,-823,-585;
  -3,-203,-142,  35,  40,  10, -27,-824,-587;
  -1,-202,-146,  36,  41,  10, -21,-821,-582;
  -6,-201,-146,  36,  42,   9, -24,-825,-584;
  -4,-200,-147,  37,  45,  11, -16,-827,-589;
   0,-201,-145,  43,  47,  11, -21,-828,-592;
  -2,-199,-145,  47,  49,  10, -13,-825,-588;
   1,-201,-149,  47,  50,  11, -11,-819,-594;
  -3,-199,-146,  46,  50,  11, -11,-816,-590;
   0,-200,-143,  45,  49,  12,  -9,-818,-587;
  -1,-198,-145,  44,  47,  11,  -9,-814,-587;
   0,-198,-144,  41,  44,   8,  -9,-816,-587;
  -3,-200,-144,  39,  43,   7, -13,-817,-580;
  -2,-202,-144,  36,  41,   9, -12,-814,-579;
  -4,-200,-142,  35,  39,   9, -13,-821,-580;
  -1,-202,-141,  38,  35,  10, -15,-820,-576;
  -3,-199,-145,  38,  32,  11, -18,-815,-577;
  -3,-199,-148,  38,  29,  11, -18,-816,-581;
  -3,-201,-146,  40,  27,  11, -19,-813,-576;
  -2,-200,-143,  40,  27,  13, -21,-812,-584;
  -2,-197,-142,  41,  27,  11, -19,-817,-585;
  -5,-198,-144,  42,  25,  12, -16,-820,-581;
   0,-197,-147,  41,  25,   9, -20,-817,-582;
  -1,-197,-145,  39,  24,   8, -19,-812,-587;
  -2,-200,-143,  37,  25,   5, -17,-813,-589;
  -4,-196,-146,  32,  24,   5, -14,-812,-588;
  -5,-199,-146,  30,  24,   3, -13,-815,-586;
   0,-198,-143,  28,  23,   5, -16,-812,-581;
  -1,-199,-143,  28,  22,   3, -14,-818,-579;
   0,-203,-145,  28,  21,   4, -12,-814,-577;
   0,-200,-143,  32,  19,   2, -12,-822,-582;
   1,-199,-143,  36,  18,  -1,  -8,-822,-588;
   0,-201,-146,  39,  16,  -3, -13,-821,-583;
   1,-201,-149,  42,  17,  -5, -12,-822,-580;
  -1,-203,-143,  48,  20,  -6,  -9,-821,-586;
   0,-202,-147,  54,  21,  -6,  -8,-819,-590;
   0,-203,-145,  59,  24,  -5, -14,-823,-589;
  -1,-202,-141,  62,  24,  -7,  -9,-823,-590;
  -1,-195,-145,  62,  23,  -9, -11,-816,-589;
   0,-201,-145,  62,  23, -10, -10,-818,-585;
  -1,-198,-142,  63,  21, -12,  -6,-820,-585;
  -2,-199,-144,  63,  21, -12, -12,-819,-580;
  -1,-195,-146,  64,  21, -13, -18,-820,-584;
  -3,-201,-142,  63,  21, -14, -16,-815,-579;
  -3,-198,-144,  65,  20, -13, -17,-815,-578;
  -1,-198,-138,  63,  20, -13, -13,-815,-576;
   0,-200,-144,  64,  18, -11, -14,-813,-575;
   7,-197,-150,  62,  18, -14, -15,-810,-575;
   0,-199,-142,  63,  19, -12,  -6,-815,-573;
  -1,-196,-142,  62,  19, -12,  -5,-816,-570;
   1,-200,-144,  62,  18, -11,  -5,-814,-574;
   0,-199,-144,  62,  20, -11,  -5,-819,-575;
   0,-200,-144,  60,  21, -14,  -4,-821,-574;
   1,-200,-139,  61,  21, -13,  -7,-824,-573;
  -1,-200,-139,  61,  21, -16, -12,-823,-577;
   0,-204,-146,  58,  22, -16,  -8,-824,-581;
  -1,-200,-141,  57,  22, -17, -10,-826,-576;
  -3,-200,-140,  56,  22, -15, -12,-825,-576;
  -1,-203,-146,  55,  20, -15,  -8,-831,-575;
   0,-203,-144,  55,  21, -15, -12,-833,-582;
   1,-203,-150,  54,  22, -12, -12,-831,-586;
   1,-202,-147,  55,  22,  -9, -14,-823,-577;
   0,-200,-144,  55,  22,  -7,  -7,-833,-587;
   0,-200,-146,  55,  23,  -5,  -5,-830,-586;
   1,-201,-145,  54,  23,  -3,  -8,-825,-592;
   0,-203,-142,  54,  20,  -2,  -4,-831,-586;
  -1,-203,-145,  53,  19,  -5,  -5,-828,-586;
   0,-201,-146,  56,  16,  -6,  -3,-825,-587;
   0,-200,-144,  57,  12,  -6,  -5,-825,-584;
   0,-203,-147,  57,  10,  -6,  -1,-831,-587;
   0,-201,-148,  57,   9,  -6,  -9,-834,-591;
   1,-203,-144,  54,  11,  -8, -10,-822,-587;
   1,-203,-144,  52,  13,  -7,  -9,-830,-589;
   0,-198,-144,  48,  17,  -7, -17,-832,-584;
   0,-201,-150,  45,  23,  -8, -12,-828,-597;
  -2,-202,-145,  47,  28,  -7, -15,-830,-590;
  -4,-202,-142,  49,  32,  -6, -21,-830,-589;
  -3,-201,-145,  52,  34,  -4, -16,-828,-590;
  -4,-203,-145,  54,  33,  -6, -15,-829,-592;
   0,-204,-147,  52,  34,  -5, -19,-830,-592;
   0,-202,-130,  53,  32,  -5, -15,-832,-592;
  -3,-201,-144,  52,  30,  -3, -12,-825,-589;
   0,-201,-142,  53,  28,  -3, -15,-822,-583;
  -2,-199,-146,  55,  24,  -4, -12,-818,-589;
  -3,-201,-148,  57,  20,  -4,  -9,-822,-585;
   0,-200,-141,  55,  16,  -2, -12,-819,-580;
   0,-201,-144,  51,  12,  -2,  -5,-819,-579;
   2,-203,-143,  47,  10,  -1,  -1,-815,-574;
   1,-203,-144,  43,   9,   0,  -6,-817,-576;
   0,-200,-144,  40,  10,   2,  -8,-822,-578;
   0,-200,-142,  38,  11,   0, -12,-822,-578;
   0,-200,-146,  36,  13,   3, -13,-815,-579;
   1,-201,-145,  34,  14,   3,  -7,-819,-579;
   0,-199,-145,  32,  16,   1, -13,-826,-583;
   0,-201,-140,  31,  19,  -1, -12,-823,-588;
  -1,-196,-146,  29,  20,  -4, -14,-816,-579;
  -1,-201,-143,  29,  22,  -4, -13,-818,-584;
   0,-200,-146,  27,  23,  -5, -12,-817,-591;
  -1,-198,-147,  26,  24,  -5,  -9,-818,-593;
  -2,-196,-144,  26,  24,  -2, -16,-819,-592;
  -1,-200,-147,  29,  23,  -2,  -9,-821,-592;
  -1,-202,-148,  30,  24,  -4,  -8,-825,-588;
   0,-201,-147,  32,  21,  -3, -13,-823,-590;
  -1,-203,-146,  32,  21,  -3,  -8,-824,-591;
  -1,-201,-145,  34,  21,  -4, -15,-830,-581;
  -2,-202,-146,  33,  19,  -2,  -9,-831,-585;
  -1,-204,-145,  36,  17,  -1, -13,-840,-585;
   0,-202,-144,  38,  15,  -2,  -9,-834,-585;
  -3,-202,-143,  43,  16,  -1,  -9,-829,-586;
  -1,-205,-143,  44,  15,  -2,  -8,-821,-593;
  -2,-199,-143,  42,  14,  -1,  -6,-818,-586;
   0,-201,-143,  38,  14,  -3,  -6,-828,-593;
   0,-201,-146,  34,  15,  -3, -11,-823,-587;
   1,-204,-146,  30,  17,  -4, -13,-820,-587;
  -2,-202,-147,  24,  18,  -2, -16,-821,-585;
  -2,-203,-148,  22,  19,  -4, -12,-827,-589;
  -1,-202,-148,  20,  19,  -3, -11,-829,-591;
  -3,-204,-143,  18,  19,  -8, -13,-830,-596;
  -1,-204,-153,  15,  17,  -8, -14,-831,-589;
   0,-206,-145,  11,  15, -11, -19,-841,-595;
  -3,-204,-151,   5,  14, -11, -13,-836,-595;
   0,-207,-146,   2,  13, -12, -14,-843,-593;
  -1,-208,-149,   0,  13, -11, -14,-830,-602;
   0,-206,-150,  -4,  14, -13,  -9,-843,-601;
   5,-214,-144,  -7,  13, -12, -14,-842,-598;
   0,-205,-147, -11,  13, -12, -13,-847,-607;
  -2,-204,-150, -14,  13, -12, -16,-849,-599;
   0,-209,-148, -16,  10, -11, -13,-844,-604;
  -3,-205,-150, -20,  12, -10, -11,-853,-605;
  -1,-206,-150, -21,  15, -11, -15,-848,-609;
  -5,-206,-150, -26,  17, -11, -17,-847,-610;
  -3,-206,-148, -30,  19, -12, -15,-847,-614;
  -1,-207,-154, -37,  20, -16, -15,-849,-622;
  -2,-207,-155, -48,  21, -17, -11,-852,-628;
  -2,-208,-157, -60,  22, -20, -10,-857,-631;
  -2,-211,-158, -70,  22, -24, -13,-860,-627;
   0,-209,-153, -82,  20, -25, -11,-861,-626;
  -3,-210,-157, -91,  21, -26, -17,-859,-625;
   0,-209,-157,-100,  22, -28, -16,-856,-626;
  -1,-210,-158,-109,  25, -25, -11,-864,-638;
  -2,-212,-155,-117,  30, -24,  -8,-874,-634;
   0,-213,-156,-123,  36, -22,  -8,-871,-627;
   0,-215,-158,-127,  43, -21, -12,-866,-631;
   3,-212,-156,-125,  50, -21,  -9,-870,-638;
   0,-211,-158,-126,  56, -19, -12,-863,-635;
  -4,-210,-157,-126,  61, -17,  -5,-868,-633;
   1,-211,-155,-126,  62, -18,  -7,-861,-626;
   0,-211,-155,-128,  59, -19,  -4,-860,-630;
   0,-207,-156,-132,  57, -19,  -6,-859,-628;
   1,-209,-158,-137,  57, -19,  -1,-861,-632;
   0,-208,-156,-146,  57, -19,   5,-854,-632;
   3,-210,-156,-156,  57, -16,   5,-856,-639;
   0,-207,-155,-166,  57, -13,   3,-855,-640;
   1,-207,-155,-176,  60, -13,   3,-855,-631;
   0,-212,-160,-185,  63, -11,  -2,-855,-639;
  -2,-207,-156,-194,  64, -10,  -8,-861,-644;
   0,-209,-160,-204,  67,  -9, -17,-870,-641;
   0,-214,-159,-210,  71, -10, -10,-870,-645;
  -1,-211,-161,-215,  73,  -8, -10,-869,-638;
   3,-212,-160,-216,  75,  -5,  -4,-866,-654;
   0,-212,-161,-220,  74,  -3,  -5,-869,-647;
   0,-215,-162,-224,  76,  -1,   1,-862,-658;
   1,-216,-163,-227,  77,   1,   4,-862,-660;
   1,-209,-169,-231,  75,   2,   5,-870,-657;
   3,-212,-169,-234,  75,   4,   6,-863,-661;
   2,-214,-165,-237,  76,   7,  12,-862,-658;
   2,-211,-166,-236,  76,  10,   6,-867,-664;
   2,-210,-154,-237,  75,  11,   4,-869,-661;
   0,-209,-165,-239,  69,  13,   7,-867,-664;
   3,-211,-165,-247,  66,  14,  12,-871,-665;
   0,-211,-166,-258,  65,  13,  12,-864,-665;
   2,-209,-165,-267,  68,  17,   7,-862,-666;
   1,-211,-169,-275,  65,  17,   8,-868,-657;
   2,-213,-166,-283,  65,  15,   2,-870,-666;
   0,-212,-164,-288,  60,  13,   1,-870,-665;
   1,-213,-166,-290,  58,  11,   4,-862,-682;
   3,-210,-172,-289,  60,  13,   9,-863,-686;
   3,-211,-178,-285,  61,  14,   7,-864,-697;
   3,-210,-175,-283,  64,  15,  20,-860,-713;
   5,-213,-176,-283,  68,  16,  21,-863,-715;
   7,-209,-183,-284,  75,  18,  21,-859,-721;
   4,-210,-180,-289,  84,  20,  19,-860,-726;
   8,-211,-179,-293,  98,  22,  31,-858,-720;
   7,-208,-179,-295, 113,  24,  25,-868,-720;
   8,-211,-175,-294, 129,  24,  21,-861,-708;
   7,-211,-176,-292, 140,  30,  28,-855,-710;
   7,-209,-179,-290, 153,  30,  18,-852,-703;
   6,-203,-175,-287, 170,  34,  18,-841,-704;
   5,-206,-177,-281, 185,  39,  21,-832,-700;
   8,-202,-174,-272, 196,  39,  18,-821,-703;
   2,-198,-182,-269, 201,  38,   8,-812,-708;
   3,-194,-180,-269, 202,  39,   4,-806,-713;
   0,-194,-173,-271, 202,  38,  -6,-796,-707;
  -1,-195,-176,-273, 199,  39,  -9,-798,-710;
  -2,-193,-172,-270, 194,  40, -11,-801,-706;
   0,-190,-172,-273, 189,  41, -10,-798,-709;
  -2,-194,-172,-278, 185,  42, -21,-795,-711;
  -8,-189,-177,-287, 179,  41, -25,-784,-708;
   0,-193,-177,-299, 175,  46, -22,-783,-708;
  -3,-192,-174,-304, 170,  50, -18,-790,-711;
  -3,-193,-174,-304, 166,  50, -15,-787,-714;
   0,-191,-175,-296, 161,  55, -19,-789,-711;
  -1,-196,-180,-282, 152,  57, -13,-791,-714;
  -2,-193,-181,-265, 146,  50, -11,-799,-711;
  -4,-193,-178,-252, 142,  43, -15,-789,-712;
  -2,-192,-174,-247, 136,  41, -20,-787,-710;
  -9,-191,-169,-251, 130,  41, -23,-787,-706;
  -5,-195,-183,-254, 119,  48, -22,-796,-707;
  -1,-193,-182,-259, 115,  50, -10,-790,-710;
  -7,-192,-170,-262, 113,  50, -27,-784,-699;
  -5,-190,-169,-254, 104,  62, -17,-783,-700;
   2,-190,-178,-242,  87,  66, -20,-780,-701;
  -8,-192,-179,-227,  66,  65, -13,-772,-709;
   2,-192,-175,-207,  53,  63,  -6,-775,-709;
  -6,-187,-172,-187,  36,  52, -25,-762,-710;
   0,-190,-178,-162,   5,  61, -18,-766,-719;
  -2,-186,-179,-139, -24,  66, -13,-767,-723;
   0,-189,-185,-120, -43,  65,  -1,-763,-727;
   0,-189,-183,-108, -53,  48,  -7,-777,-750;
  -3,-185,-172,-101, -63,  36, -31,-754,-733;
  -1,-186,-182, -90, -85,  57, -19,-761,-739;
   1,-187,-188, -83,-102,  64,  -3,-755,-737;
  14,-190,-188, -82,-105,  51,  63,-778,-740;
  -8,-182,-178, -90,-104,  18, -35,-740,-733;
  -5,-184,-180, -91,-108,  26, -23,-743,-726;
  -5,-185,-184, -86,-115,  32, -20,-751,-729;
  12,-186,-179, -83,-114,  24,  50,-759,-751;
  -3,-182,-172, -90,-108,  -7, -23,-739,-724;
  -5,-181,-186, -84,-112,   5, -29,-748,-732;
  -3,-185,-190, -74,-110,  14, -14,-750,-734;
  19,-192,-185, -58,-100,   9,  68,-781,-742;
 -13,-183,-179, -52,-100, -30, -46,-744,-725;
 -11,-182,-188, -36,-106, -20, -45,-745,-733;
  -4,-184,-192, -15,-103,  -1, -22,-741,-736;
   0,-185,-181,   2, -94,   2, -16,-744,-741;
   6,-184,-177,  13, -92,  -9,  19,-759,-773;
 -13,-179,-187,  12, -86, -36, -53,-731,-750;
 -14,-177,-200,  14, -84, -16, -43,-722,-757;
  -3,-182,-194,  12, -70,   5, -25,-732,-757;
  -1,-179,-180,   6, -60,   5, -13,-735,-753;
   3,-179,-178,  -8, -62,   0, -18,-734,-758;
  -6,-176,-195, -25, -63, -17, -24,-735,-759;
  -5,-177,-190, -40, -34, -18, -30,-729,-753;
   0,-180,-182, -44, -15,   8, -16,-743,-758;
   4,-186,-181, -49, -18,  25,   4,-742,-755;
   3,-187,-186, -54, -22,  26,   6,-750,-744;
   1,-184,-192, -58, -12,  29,   5,-749,-744;
   1,-184,-183, -60,   4,  27,  12,-745,-738;
   5,-188,-180, -65,   8,  15,   1,-753,-746;
  -2,-182,-174, -72,  10,   7, -21,-740,-730;
  -5,-183,-190, -69,  -6,  34,  -1,-751,-733;
   1,-184,-192, -70, -12,  48,  14,-750,-733;
   5,-187,-177, -70,  -5,  50,  16,-763,-728;
   5,-183,-165, -75,  -7,  42,  18,-754,-735;
   7,-186,-154, -82, -14,  31,  21,-754,-733;
   0,-186,-195, -87, -14,  22,  13,-750,-730;
  13,-188,-187, -91,  -3,   6,  36,-758,-757;
   1,-182,-170,-100,  12, -19, -18,-739,-730;
   7,-183,-179,-101,   8,  -5,  -3,-744,-733;
   2,-180,-189, -99,  12,   7,  12,-746,-733;
   2,-179,-184,-102,  33,  -2,  11,-737,-736;
   5,-182,-174,-108,  50, -15,   7,-737,-729;
   5,-180,-174,-115,  52, -20,   9,-739,-734;
  -1,-179,-184,-122,  57, -28,   7,-737,-733;
   1,-183,-191,-135,  71, -37,  -1,-740,-735;
   2,-182,-177,-147,  85, -44,   3,-729,-734;
   2,-181,-175,-159,  89, -52,  -6,-737,-739;
   1,-183,-177,-173,  85, -59, -10,-738,-743;
  -1,-181,-188,-184,  87, -58,  -7,-740,-737;
  -4,-183,-192,-194,  98, -61, -13,-737,-734;
   0,-179,-180,-200, 106, -61, -13,-739,-738;
   0,-181,-179,-203, 104, -59,  -4,-743,-738;
   0,-183,-188,-204, 103, -58, -10,-742,-737;
 -13,-184,-198,-203, 107, -75, -34,-748,-742;
 -12,-182,-183,-200, 126, -75, -46,-741,-735;
  -2,-177,-169,-191, 111, -48, -33,-733,-733;
  -7,-184,-188,-178,  91, -27, -24,-746,-736;
 -13,-182,-194,-169,  91, -23, -23,-743,-730;
  -6,-182,-191,-159, 101, -25, -26,-741,-728;
  -2,-180,-167,-150,  93, -28, -31,-740,-727;
  -6,-179,-178,-142,  71, -26, -37,-737,-725;
 -13,-177,-192,-134,  55, -24, -24,-733,-725;
 -11,-176,-190,-125,  55, -22, -23,-726,-721;
  -3,-179,-178,-118,  54, -26, -22,-723,-718;
  -3,-179,-173,-111,  34, -28, -20,-723,-720;
  -3,-178,-186,-103,  15, -27, -21,-717,-719;
  -9,-176,-192, -95,   7, -24, -11,-720,-722;
  -2,-177,-185, -87,   8, -26,  -6,-718,-714;
   0,-174,-172, -79,  11, -29,  -2,-712,-717;
   0,-173,-175, -67,  -2, -26,  -2,-710,-715;
   0,-173,-187, -56, -20, -21,  11,-709,-714;
   2,-175,-188, -45, -21, -22,  11,-706,-711;
   5,-175,-178, -34,  -9, -26,  18,-705,-716;
   2,-173,-168, -17,  -4, -36,  16,-712,-733;
   1,-174,-175, -10,  -5, -40,  -3,-697,-713;
   0,-171,-191,  -3, -24, -26,   6,-697,-714;
   2,-173,-191,   4, -23, -21,  15,-698,-708;
   4,-169,-173,  17,  -9, -18,  10,-688,-703;
   9,-163,-152,  32,  -4, -15,  11,-677,-703;
   2,-170,-175,  51, -18, -10,   9,-671,-700;
  -7,-166,-189,  70, -21,  -6,   4,-675,-696;
  -1,-163,-182,  92,  -6,   2,  -2,-667,-694;
   5,-165,-164, 111,   8,   8,   0,-670,-697;
   7,-163,-151, 131,   7,   7,  11,-665,-689;
  -4,-159,-180, 151,  -7,   7,  -9,-650,-685;
  -7,-158,-185, 169,  -3,  16, -15,-648,-679;
  -4,-155,-171, 188,  15,  24, -16,-653,-678;
  -3,-154,-152, 204,  18,  27, -17,-647,-671;
  -7,-157,-172, 214,  -3,  29, -19,-644,-675;
 -11,-159,-180, 225, -23,  31, -28,-652,-675;
  -7,-156,-173, 234, -22,  28, -30,-640,-663;
  -6,-158,-163, 239, -20,  25, -29,-653,-673;
  -3,-156,-156, 238, -31,  24, -39,-646,-666;
 -11,-158,-178, 234, -46,  21, -36,-655,-667;
 -10,-162,-176, 234, -46,  18, -32,-655,-668;
  -4,-161,-169, 235, -35,  15, -39,-650,-666;
  -3,-160,-152, 243, -33,  13, -25,-658,-664;
   2,-159,-159, 253, -42,  12, -19,-652,-666;
 -10,-169,-173, 271, -63,  19, -33,-664,-673;
  -3,-160,-162, 288, -34,   8, -16,-662,-665;
  -2,-156,-152, 302, -29,   1, -14,-661,-658;
   2,-164,-158, 317, -42,   1, -11,-659,-657;
  -2,-168,-171, 332, -52,   0,  -2,-658,-666;
   0,-159,-169, 343, -49,  -1,  -5,-661,-671;
   3,-159,-159, 351, -50,  -4,  -1,-656,-682;
   4,-162,-163, 354, -68,  -7,  -2,-666,-687;
   1,-164,-171, 354, -86,  -8,  -2,-671,-689;
   1,-167,-182, 354, -91, -10,  -6,-671,-693;
  -1,-162,-166, 350, -90, -13,  -5,-691,-690;
   0,-171,-155, 347, -96, -15,  -9,-692,-677;
   0,-172,-164, 344,-112, -15,  -9,-700,-673;
  -4,-174,-173, 344,-121, -18,  -9,-706,-665;
  -4,-177,-176, 350,-120, -21,  -9,-716,-671;
  -1,-177,-157, 357,-121, -23, -16,-718,-662;
   1,-179,-159, 368,-134, -26, -11,-719,-658;
   2,-173,-165, 382,-148, -30, -16,-721,-660;
  -4,-175,-171, 395,-154, -33, -13,-720,-655;
  -2,-176,-160, 408,-155, -37, -15,-714,-653;
   0,-177,-156, 417,-162, -41, -18,-712,-659;
  -3,-176,-163, 425,-175, -44, -21,-717,-659;
  -5,-177,-169, 429,-185, -47, -25,-714,-659;
 -19,-185,-159, 434,-182, -50, -23,-722,-660;
  -6,-178,-166, 438,-197, -47, -36,-721,-673;
 -13,-166,-171, 439,-191, -56, -24,-721,-662;
  -9,-172,-176, 440,-179, -61, -30,-711,-664;
  -2,-183,-163, 446,-166, -61, -34,-716,-664;
  -2,-176,-157, 453,-162, -58, -28,-709,-666;
 -10,-172,-168, 457,-163, -56, -27,-712,-658;
 -12,-174,-171, 463,-156, -52, -35,-712,-649;
  -7,-177,-168, 469,-145, -50, -34,-716,-651;
  -6,-172,-157, 475,-140, -48, -41,-710,-653;
 -10,-170,-154, 479,-142, -47, -42,-702,-657;
  -9,-170,-172, 485,-141, -45, -32,-706,-654;
  -7,-170,-167, 488,-130, -45, -24,-700,-653;
  -2,-169,-156, 489,-116, -43, -17,-694,-651;
   0,-168,-153, 491,-108, -39, -22,-695,-651;
  -5,-168,-160, 492,-102, -36, -22,-694,-642;
  -6,-165,-164, 491, -91, -32, -23,-690,-642;
  -3,-166,-159, 491, -80, -26, -22,-691,-635;
   0,-167,-154, 491, -77, -24, -15,-695,-635;
  -2,-170,-152, 492, -80, -21, -16,-695,-634;
   0,-171,-157, 500, -81, -17, -13,-694,-629;
  -4,-170,-157, 510, -78, -18,  -7,-698,-622;
  -1,-165,-152, 519, -74, -20, -18,-687,-626;
  -1,-166,-146, 529, -74, -23, -21,-682,-628;
  -3,-164,-149, 535, -74, -26, -26,-676,-616;
  -5,-164,-154, 538, -69, -27, -21,-667,-612;
  -2,-160,-148, 538, -59, -27, -18,-658,-602;
  -1,-160,-148, 532, -50, -30, -19,-655,-602;
   0,-156,-147, 525, -43, -30, -19,-642,-598;
  -3,-153,-148, 519, -37, -25, -20,-638,-592;
  -2,-154,-144, 512, -28, -21, -18,-637,-588;
   1,-155,-145, 504, -17, -20, -18,-634,-586;
  -1,-155,-141, 501, -11, -21, -19,-632,-576;
  -1,-153,-144, 498,  -8, -20, -21,-627,-569;
  -4,-155,-143, 496,  -6, -16, -19,-631,-571;
  -2,-152,-142, 498,  -1, -12, -21,-625,-569;
  -2,-152,-135, 503,   5,  -4, -14,-620,-575;
  -1,-150,-141, 504,  11,   1,  -7,-615,-574;
   0,-149,-148, 501,  17,   7,  -8,-619,-580;
   0,-150,-146, 491,  28,  12,  -5,-617,-577;
   0,-146,-145, 475,  40,  11,  -6,-619,-589;
   1,-149,-143, 458,  49,  11,  -1,-616,-588;
   2,-149,-141, 437,  53,   7,  -4,-618,-584;
  -1,-151,-149, 415,  54,   4,  -8,-622,-586;
   1,-151,-165, 392,  60,   0,  -6,-634,-586;
   1,-155,-145, 370,  63,  -3,  -9,-637,-592;
   1,-159,-147, 353,  62,  -8, -10,-647,-593;
   0,-160,-149, 342,  60,  -9,  -7,-657,-594;
   0,-165,-153, 332,  58, -11,  -2,-668,-597;
  -2,-167,-148, 330,  59, -12,  -8,-691,-596;
   0,-168,-150, 326,  58, -11, -12,-698,-602;
  -3,-170,-152, 321,  58, -11, -13,-705,-606;
  -2,-173,-152, 317,  55, -10, -17,-715,-605;
  -4,-175,-152, 315,  53,  -8, -15,-721,-606;
   0,-181,-147, 314,  48,  -7, -11,-721,-606;
   0,-180,-146, 313,  42,  -4, -17,-735,-608;
  -3,-182,-152, 309,  39,  -7, -21,-744,-600;
  -3,-188,-152, 306,  36,  -6, -19,-751,-612;
  -4,-188,-149, 305,  36,  -5, -17,-761,-603;
  -2,-190,-147, 302,  38,  -8, -18,-769,-610;
  -1,-190,-151, 300,  38,  -8, -19,-775,-607;
   0,-191,-149, 299,  40,  -9, -17,-786,-605;
  -6,-193,-155, 294,  43, -10, -21,-791,-603;
  -7,-190,-148, 288,  45, -11, -17,-802,-605;
  -5,-198,-147, 283,  47, -11, -21,-801,-606;
  -4,-199,-144, 279,  49, -12, -20,-811,-599;
  -3,-201,-147, 276,  46, -10, -21,-820,-601;
  -2,-203,-144, 278,  45,  -9, -21,-835,-595;
  -5,-204,-145, 284,  44,  -8, -23,-828,-594;
  -1,-202,-146, 290,  43,  -7, -22,-830,-590;
  -3,-202,-144, 300,  43,  -3, -22,-835,-586;
  -3,-204,-144, 312,  47,  -1, -14,-824,-589;
  -4,-198,-146, 324,  52,   4, -16,-817,-584;
   0,-195,-147, 333,  58,   7, -15,-810,-584;
   0,-195,-144, 340,  65,  13, -11,-801,-591;
   0,-195,-145, 344,  69,  19,  -6,-799,-586;
  -1,-196,-145, 345,  74,  25,  -2,-794,-581;
   0,-192,-144, 346,  77,  32,  -4,-794,-586;
   1,-192,-144, 346,  80,  40,   2,-788,-581;
   2,-190,-145, 344,  81,  44,  -1,-783,-582;
   1,-189,-143, 342,  84,  51,  -1,-782,-586;
   2,-192,-145, 336,  87,  54,   0,-777,-586;
   0,-189,-146, 328,  89,  57,   1,-784,-587;
   1,-191,-146, 317,  92,  59,  -2,-785,-586;
   0,-190,-149, 307,  93,  61,  -3,-786,-588;
   0,-192,-148, 298,  96,  60,   0,-785,-585;
   0,-192,-149, 287,  97,  59,  -5,-790,-588;
   0,-192,-147, 277,  98,  59, -10,-786,-592;
  -2,-191,-147, 263,  98,  57,  -7,-779,-593;
   1,-192,-148, 248,  97,  56,  -9,-776,-593;
   1,-191,-145, 232,  99,  55,  -6,-781,-593;
  -1,-188,-147, 219,  99,  53,  -4,-777,-592;
   1,-191,-149, 205,  97,  55,  -7,-780,-594;
  -2,-190,-149, 191,  97,  56,  -7,-784,-588;
   1,-192,-148, 178,  99,  59,  -5,-783,-590;
   1,-191,-147, 167, 102,  60,  -8,-792,-592;
   0,-193,-141, 154, 105,  63,  -4,-797,-587;
   1,-195,-141, 146, 109,  66,  -2,-799,-585;
  -1,-192,-146, 140, 115,  68,   0,-806,-583;
   2,-198,-144, 138, 124,  72,  -2,-810,-578;
   4,-197,-146, 138, 130,  74,  -5,-817,-578;
   2,-201,-139, 142, 136,  76,   1,-820,-576;
   1,-200,-139, 147, 143,  78,   0,-820,-570;
   2,-198,-140, 154, 149,  78,   0,-813,-565;
   4,-200,-137, 162, 152,  79,  -1,-815,-561;
   1,-195,-136, 171, 156,  78,  -5,-808,-555;
  -1,-197,-133, 176, 158,  76, -16,-807,-550;
   0,-197,-138, 179, 158,  76, -16,-809,-552;
  -1,-197,-134, 180, 157,  75, -20,-805,-548;
  -1,-196,-135, 177, 157,  73, -22,-804,-541;
   0,-195,-137, 172, 155,  71, -24,-805,-553;
  -5,-198,-140, 163, 153,  73, -29,-812,-554;
  -4,-199,-137, 151, 151,  73, -23,-823,-548;
  -2,-203,-131, 142, 149,  75, -23,-832,-550;
  -4,-204,-134, 133, 146,  77, -27,-843,-555;
  -3,-208,-135, 127, 141,  78, -22,-856,-553;
  -2,-212,-140, 124, 137,  78, -24,-866,-551;
  -7,-212,-136, 125, 134,  79, -25,-865,-556;
  -9,-214,-139, 128, 130,  80, -27,-872,-553;
  -9,-215,-142, 136, 128,  83, -35,-872,-563;
  -8,-212,-140, 143, 127,  84, -35,-873,-554;
  -9,-209,-139, 151, 128,  85, -37,-867,-546;
  -5,-211,-140, 160, 131,  88, -39,-865,-553;
  -6,-209,-135, 168, 133,  89, -40,-858,-559;
 -12,-203,-139, 173, 135,  89, -37,-842,-558;
 -10,-202,-136, 176, 137,  91, -41,-831,-558;
  -8,-201,-138, 179, 138,  92, -46,-823,-555;
 -10,-197,-140, 178, 138,  93, -51,-811,-558;
 -11,-195,-138, 171, 137,  96, -46,-813,-559;
 -13,-193,-139, 160, 135,  97, -51,-808,-563;
 -12,-194,-140, 148, 131,  98, -46,-798,-562;
  -9,-200,-131, 136, 127, 100, -53,-795,-564;
 -13,-195,-138, 123, 121,  99, -52,-801,-561;
 -11,-195,-137, 110, 115,  96, -47,-801,-563;
 -11,-197,-137,  96, 109,  94, -46,-807,-550;
 -13,-197,-141,  82, 103,  93, -47,-811,-548;
  -9,-199,-136,  72, 100,  91, -50,-821,-553;
 -10,-200,-134,  64,  95,  86, -44,-831,-558;
  -7,-199,-137,  61,  92,  83, -49,-829,-540;
 -10,-206,-134,  61,  91,  80, -42,-831,-548;
 -13,-205,-137,  60,  90,  77, -49,-840,-552;
  -8,-207,-136,  61,  90,  75, -40,-840,-545;
  -7,-207,-139,  62,  88,  74, -40,-842,-542;
  -7,-205,-135,  63,  89,  72, -46,-846,-544;
  -8,-209,-133,  65,  91,  72, -44,-842,-543;
 -10,-206,-137,  63,  91,  70, -50,-843,-542;
 -12,-209,-137,  62,  91,  69, -45,-845,-545;
 -12,-204,-135,  59,  89,  66, -47,-847,-552;
 -11,-206,-138,  58,  88,  64, -50,-857,-554;
 -16,-206,-135,  58,  84,  63, -55,-853,-544;
 -16,-207,-136,  58,  81,  62, -56,-845,-548;
 -13,-206,-136,  56,  76,  59, -59,-848,-549;
 -14,-205,-136,  53,  72,  56, -61,-848,-545;
 -13,-209,-135,  53,  67,  55, -62,-844,-547;
  -7,-204,-136,  48,  66,  51, -57,-844,-549;
 -14,-206,-136,  45,  63,  49, -62,-841,-537;
 -14,-209,-132,  42,  61,  46, -62,-846,-544;
 -12,-208,-132,  41,  59,  45, -52,-848,-532;
 -12,-207,-134,  39,  56,  44, -50,-844,-534;
 -13,-208,-135,  37,  54,  41, -53,-846,-535;
 -12,-208,-132,  35,  49,  40, -53,-851,-532;
 -10,-208,-133,  34,  44,  37, -49,-851,-534;
 -14,-205,-134,  33,  40,  35, -50,-848,-530;
 -10,-207,-132,  33,  37,  33, -49,-849,-535;
 -10,-206,-133,  34,  34,  33, -47,-850,-538;
 -10,-205,-134,  37,  32,  28, -45,-848,-538;
 -13,-206,-133,  38,  31,  26, -47,-855,-538;
  -9,-205,-133,  37,  28,  25, -43,-845,-537;
  -7,-207,-130,  35,  27,  22, -48,-852,-536;
 -12,-206,-137,  32,  25,  19, -47,-846,-536;
 -10,-206,-132,  29,  22,  18, -47,-844,-541;
 -13,-207,-131,  28,  21,  16, -45,-850,-543;
 -11,-211,-134,  28,  19,  14, -40,-853,-534;
 -11,-206,-135,  29,  19,  12, -46,-852,-537;
 -11,-207,-133,  30,  17,  10, -40,-857,-537;
 -10,-207,-134,  31,  16,  10, -43,-848,-537;
 -10,-211,-136,  31,  14,   6, -41,-860,-534;
 -10,-208,-131,  33,  13,   7, -44,-859,-536;
  -8,-212,-130,  34,  13,   4, -41,-858,-539;
  -7,-211,-132,  37,  11,   2, -45,-855,-537;
 -11,-209,-132,  40,   8,   1, -44,-858,-529;
 -10,-208,-130,  43,   7,  -2, -49,-851,-532;
 -10,-206,-133,  44,   5,  -3, -49,-857,-535;
 -10,-205,-130,  45,   0,  -6, -49,-850,-533;
  -9,-207,-133,  45,  -1,  -8, -46,-850,-542;
 -11,-205,-137,  43,  -2, -10, -43,-845,-534;
  -8,-208,-137,  40,  -3, -11, -45,-847,-539;
 -10,-207,-137,  35,  -6, -11, -49,-849,-541;
 -13,-206,-132,  31,  -7, -13, -48,-846,-537;
  -8,-208,-132,  29,  -6, -13, -45,-845,-545;
 -10,-208,-134,  26,  -7, -14, -46,-846,-540;
  -7,-211,-134,  26,  -6, -15, -44,-847,-535;
 -10,-205,-133,  27,  -6, -16, -44,-847,-543;
 -10,-211,-135,  26,  -6, -17, -39,-851,-548;
  -9,-209,-136,  25,  -5, -19, -42,-852,-547;
  -9,-209,-135,  23,  -5, -19, -37,-854,-542;
  -8,-204,-138,  23,  -6, -18, -34,-849,-549;
  -6,-208,-135,  25,  -8, -20, -35,-851,-547;
  -6,-209,-134,  26,  -8, -19, -33,-847,-551;
  -9,-205,-135,  26,  -8, -20, -32,-855,-554;
  -6,-203,-137,  29,  -9, -20, -31,-856,-546;
  -8,-206,-131,  30,  -7, -21, -30,-853,-541;
  -5,-208,-132,  31,  -6, -22, -32,-851,-540;
  -3,-207,-137,  33,  -6, -20, -29,-849,-537;
  -3,-211,-132,  35,  -5, -20, -31,-846,-537;
  -5,-207,-139,  37,  -2, -19, -29,-852,-543;
  -6,-205,-132,  38,   0, -18, -30,-853,-542;
  -4,-207,-133,  39,   1, -16, -35,-852,-542;
  -6,-214,-130,  40,   3, -17, -35,-858,-540;
  -2,-207,-135,  44,   2, -17, -32,-857,-534;
  -5,-208,-132,  47,   1, -17, -37,-857,-544;
  -7,-209,-137,  52,   0, -16, -34,-858,-539;
  -8,-207,-136,  54,  -3, -17, -37,-848,-540;
  -7,-206,-134,  57,  -4, -18, -36,-844,-540;
  -8,-204,-134,  56,  -5, -18, -37,-850,-551;
  -5,-208,-136,  54,  -5, -19, -35,-846,-546;
  -6,-208,-135,  52,  -5, -19, -34,-851,-543;
  -9,-206,-135,  50,  -6, -18, -35,-847,-542;
  -6,-222,-132,  49,  -5, -18, -37,-850,-543;
  -7,-208,-138,  49,  -5, -19, -36,-848,-541;
  -7,-203,-134,  48,  -3, -17, -33,-854,-538;
  -8,-205,-136,  47,  -3, -15, -38,-850,-535;
 -10,-208,-130,  46,  -2, -16, -36,-847,-538;
  -9,-205,-133,  44,  -1, -15, -45,-848,-536;
  -8,-209,-130,  44,  -1, -17, -41,-847,-536;
  -8,-204,-136,  43,   1, -16, -36,-849,-537;
  -6,-209,-136,  44,   3, -15, -36,-844,-537;
  -9,-207,-133,  45,   3, -16, -34,-852,-540;
  -6,-206,-132,  47,   2, -16, -37,-841,-536;
  -4,-207,-135,  50,   2, -17, -36,-846,-536;
 -10,-206,-133,  52,   0, -17, -36,-841,-540;
 -11,-201,-136,  56,  -1, -19, -39,-842,-541;
  -9,-202,-135,  56,  -3, -20, -41,-839,-538;
  -9,-206,-134,  55,  -4, -21, -33,-839,-543;
 -10,-201,-139,  54,  -5, -19, -37,-842,-553;
  -8,-204,-134,  53,  -7, -19, -30,-846,-547;
  -5,-207,-136,  52,  -6, -18, -35,-850,-557;
  -4,-213,-134,  51,  -6, -17, -31,-849,-550;
  -4,-207,-138,  51,  -8, -17, -31,-861,-547;
  -6,-208,-135,  52,  -9, -17, -32,-855,-547;
  -2,-210,-137,  53,  -9, -17, -29,-857,-556;
  -5,-210,-135,  54,  -9, -19, -33,-858,-543;
  -5,-210,-135,  53,  -9, -18, -27,-854,-550;
  -7,-209,-134,  54,  -9, -19, -28,-857,-548;
  -7,-207,-134,  55,  -8, -19, -29,-848,-540;
  -3,-207,-134,  56,  -7, -20, -27,-854,-552;
  -5,-209,-136,  57,  -6, -19, -33,-850,-542;
  -6,-207,-136,  54,  -4, -18, -28,-853,-538;
  -4,-212,-136,  54,  -3, -17, -31,-852,-541;
  -5,-208,-130,  54,  -2, -17, -28,-852,-540;
  -6,-209,-138,  53,   0, -15, -30,-856,-546;
  -2,-213,-133,  54,   2, -15, -32,-854,-543;
  -6,-208,-136,  55,   6, -13, -27,-847,-545;
  -3,-207,-138,  56,   6, -12, -29,-853,-541;
  -4,-210,-135,  56,   9, -11, -23,-857,-547;
  -3,-210,-137,  58,  11,  -8, -26,-844,-552;
  -5,-208,-135,  57,  14,  -7, -23,-846,-547;
  -3,-208,-133,  57,  19,  -4, -22,-850,-545;
  -3,-209,-133,  58,  23,  -3, -24,-850,-546;
  -1,-206,-131,  58,  25,  -3, -21,-849,-545;
  -2,-205,-137,  57,  26,  -1, -24,-846,-545;
  -3,-205,-135,  59,  28,   1, -17,-845,-549;
  -4,-210,-136,  57,  31,   3, -20,-846,-545;
  -2,-209,-137,  57,  32,   1, -22,-851,-539;
  -5,-210,-137,  57,  35,   2, -21,-845,-540;
  -5,-207,-135,  57,  36,   3, -29,-845,-545;
  -7,-209,-134,  56,  36,   2, -26,-854,-538;
  -6,-206,-134,  57,  35,   2, -29,-851,-543;
  -5,-208,-133,  57,  35,   3, -31,-852,-540;
  -8,-209,-133,  61,  34,   2, -32,-855,-540;
  -7,-207,-133,  61,  33,   2, -29,-853,-533;
  -6,-208,-134,  64,  35,   4, -28,-847,-544;
  -6,-208,-135,  66,  35,   5, -29,-850,-543;
  -6,-208,-135,  69,  37,   6, -27,-854,-539;
  -7,-206,-135,  69,  38,   8, -27,-849,-537;
  -6,-208,-133,  68,  39,   7, -32,-844,-534;
  -7,-206,-136,  65,  40,   8, -32,-849,-548;
  -6,-207,-137,  63,  41,  11, -33,-850,-546;
  -6,-210,-138,  59,  41,  12, -26,-855,-542;
  -3,-208,-137,  59,  41,  12, -32,-855,-544;
  -4,-206,-132,  59,  41,  12, -31,-856,-542;
  -8,-209,-134,  62,  42,  12, -31,-851,-534;
  -5,-208,-134,  64,  39,  12, -28,-856,-540;
  -8,-208,-131,  66,  41,  12, -28,-852,-540;
  -6,-210,-135,  67,  38,  13, -24,-850,-543;
  -7,-210,-138,  66,  40,  12, -31,-853,-550;
  -5,-209,-135,  67,  40,  13, -26,-857,-541;
  -5,-208,-137,  69,  40,  15, -25,-854,-550;
  -4,-209,-136,  71,  41,  14, -30,-851,-543;
  -6,-210,-135,  75,  41,  13, -26,-846,-538;
  -5,-205,-137,  76,  42,  14, -39,-851,-550;
  -7,-206,-135,  76,  43,  13, -29,-844,-547;
  -5,-206,-140,  77,  45,  13, -29,-846,-549;
  -4,-208,-135,  76,  46,  13, -29,-845,-549;
  -4,-207,-137,  75,  48,  15, -35,-845,-548;
  -4,-205,-144,  74,  51,  15, -34,-851,-548;
  -8,-204,-136,  74,  52,  16, -32,-844,-546;
  -6,-206,-132,  73,  55,  16, -31,-845,-545;
  -9,-206,-135,  73,  57,  16, -35,-847,-540;
 -11,-207,-132,  73,  58,  17, -37,-851,-550;
  -6,-208,-130,  70,  56,  17, -38,-853,-541;
  -8,-210,-135,  69,  56,  18, -40,-846,-537;
  -5,-206,-132,  67,  56,  16, -42,-847,-541;
 -10,-207,-134,  65,  55,  14, -36,-852,-539;
  -7,-210,-132,  65,  55,  15, -39,-854,-537;
 -12,-207,-132,  66,  55,  15, -43,-855,-537;
  -9,-210,-133,  66,  54,  16, -40,-858,-533;
  -8,-208,-132,  69,  54,  14, -34,-856,-534;
  -8,-207,-132,  70,  52,  13, -35,-851,-539;
 -10,-211,-133,  71,  50,  14, -42,-858,-536;
  -9,-207,-131,  74,  49,  13, -39,-852,-534;
  -8,-207,-132,  74,  49,  12, -37,-852,-533;
 -12,-206,-132,  77,  46,  13, -45,-851,-534;
  -8,-207,-135,  78,  45,  12, -42,-850,-536;
  -6,-210,-136,  76,  45,  12, -39,-850,-537;
 -10,-206,-133,  78,  43,  11, -34,-846,-540;
 -12,-205,-134,  78,  42,   9, -36,-850,-540;
  -7,-207,-131,  79,  42,   7, -37,-855,-538;
  -6,-207,-133,  78,  42,   8, -40,-851,-537;
  -9,-210,-131,  77,  41,   7, -37,-842,-538;
  -5,-208,-135,  78,  40,   7, -35,-849,-536;
  -8,-207,-138,  76,  40,   8, -39,-849,-539;
  -8,-205,-134,  76,  40,   6, -35,-848,-540;
  -4,-208,-133,  76,  39,   8, -35,-845,-546;
 -12,-208,-136,  74,  39,   8, -33,-845,-533;
  -8,-208,-134,  73,  38,   8, -35,-855,-541;
  -8,-207,-137,  71,  38,   9, -37,-848,-539;
  -7,-210,-132,  69,  38,   9, -38,-848,-531;
  -7,-211,-135,  67,  38,   8, -40,-852,-537;
  -7,-209,-137,  66,  37,  10, -40,-855,-537;
  -9,-206,-131,  66,  37,   8, -35,-846,-542;
 -10,-210,-133,  66,  39,  10, -36,-845,-541;
  -7,-210,-134,  65,  39,   9, -42,-852,-534;
 -11,-205,-136,  63,  39,  11, -37,-845,-541;
 -10,-208,-134,  61,  39,  11, -38,-850,-543;
  -6,-211,-132,  61,  40,  11, -37,-854,-544;
  -8,-210,-137,  63,  40,  10, -38,-855,-537;
  -9,-206,-134,  67,  41,  11, -40,-851,-533;
  -7,-207,-127,  69,  41,  10, -41,-845,-538;
  -7,-209,-134,  69,  44,   7, -38,-848,-540;
 -11,-204,-133,  68,  44,   8, -39,-844,-535;
  -9,-206,-133,  65,  45,   9, -39,-851,-535;
 -10,-204,-128,  61,  46,   8, -44,-844,-536;
  -6,-204,-135,  55,  46,   9, -38,-841,-527;
  -7,-210,-134,  50,  46,   9, -33,-846,-530;
 -11,-206,-131,  47,  47,   7, -42,-843,-533;
 -12,-205,-131,  43,  47,   7, -43,-844,-531;
  -9,-208,-134,  40,  45,   7, -40,-851,-532;
  -9,-207,-134,  38,  43,   5, -45,-851,-531;
 -12,-206,-130,  35,  41,   2, -36,-840,-529;
  -8,-206,-130,  33,  40,   1, -45,-843,-533;
  -9,-208,-128,  33,  36,  -2, -35,-854,-534;
  -8,-208,-128,  33,  34,  -3, -37,-852,-529;
  -9,-207,-136,  34,  33,  -5, -38,-850,-534;
  -6,-207,-132,  35,  30,  -4, -37,-850,-532;
 -11,-205,-127,  34,  28,  -5, -37,-855,-535;
  -5,-208,-131,  33,  27,  -6, -34,-848,-536;
  -5,-211,-132,  31,  26,  -4, -33,-857,-537;
  -9,-210,-136,  32,  26,  -2, -41,-850,-537;
  -7,-207,-133,  31,  27,  -1, -39,-856,-536;
  -7,-206,-133,  31,  25,  -1, -40,-851,-532;
  -4,-214,-134,  32,  28,   1, -39,-852,-541;
  -7,-208,-133,  33,  28,   3, -37,-852,-540;
  -5,-210,-132,  34,  28,   4, -36,-851,-539;
  -7,-208,-132,  34,  28,   5, -37,-852,-535;
  -6,-210,-131,  36,  28,   6, -33,-857,-534;
 -13,-205,-133,  37,  29,   7, -31,-859,-535;
  -8,-210,-131,  40,  31,   6, -35,-858,-533;
  -7,-215,-130,  41,  30,   6, -34,-856,-528;
  -9,-206,-128,  45,  29,   5, -38,-860,-526;
  -7,-209,-131,  46,  30,   7, -39,-857,-528;
  -8,-208,-130,  48,  32,   5, -38,-861,-526;
  -6,-209,-133,  49,  34,   5, -38,-856,-522;
 -12,-207,-132,  51,  33,   4, -37,-856,-524;
  -9,-208,-131,  50,  33,   5, -36,-859,-529;
  -7,-210,-127,  48,  33,   5, -41,-858,-532;
  -7,-213,-130,  46,  33,   5, -43,-862,-528;
 -11,-206,-133,  45,  32,   6, -39,-855,-535;
  -9,-210,-134,  42,  32,   4, -41,-863,-532;
  -6,-208,-131,  42,  32,   6, -43,-858,-532;
  -8,-208,-132,  41,  33,   7, -43,-859,-527;
 -10,-211,-133,  42,  34,   7, -44,-859,-533;
  -1,-205,-133,  42,  34,  10, -37,-858,-528;
  -5,-208,-129,  42,  34,  10, -37,-856,-536;
  -7,-209,-133,  42,  35,  12, -37,-853,-531;
  -8,-207,-132,  41,  36,  11, -33,-854,-535;
  -9,-209,-129,  41,  37,  12, -33,-855,-530;
  -5,-212,-133,  39,  36,  12, -35,-856,-535;
  -5,-209,-136,  39,  36,  13, -34,-851,-533;
  -8,-210,-135,  38,  35,  12, -39,-850,-530;
 -11,-209,-131,  40,  35,  12, -36,-856,-533;
  -9,-207,-134,  42,  34,  10, -41,-856,-540;
  -7,-212,-132,  44,  34,  10, -49,-854,-538;
 -11,-207,-133,  47,  33,   9, -49,-855,-539;
 -13,-206,-130,  49,  33,   9, -50,-845,-535;
  -9,-209,-133,  48,  33,   9, -49,-850,-539;
 -13,-206,-132,  48,  32,  10, -49,-848,-540;
 -12,-206,-133,  46,  34,   8, -52,-853,-537;
 -11,-207,-136,  43,  32,   6, -50,-850,-537;
  -9,-208,-136,  40,  31,   7, -48,-853,-534;
 -10,-208,-135,  36,  29,   6, -52,-855,-535;
 -11,-208,-131,  35,  28,   7, -54,-857,-532;
 -12,-209,-130,  33,  27,   7, -53,-858,-533;
 -10,-213,-134,  33,  26,   6, -48,-861,-538;
 -15,-210,-131,  35,  26,   7, -50,-862,-534;
 -12,-211,-130,  38,  26,   6, -49,-861,-531;
  -9,-212,-130,  43,  22,   6, -47,-863,-531;
 -10,-209,-131,  49,  20,   6, -47,-861,-532;
  -9,-208,-133,  52,  20,   5, -52,-861,-531;
 -10,-209,-132,  54,  18,   3, -52,-855,-525;
 -12,-204,-129,  53,  18,   1, -51,-858,-531;
 -13,-207,-131,  51,  17,   1, -47,-849,-531;
 -14,-208,-129,  49,  18,  -1, -50,-852,-530;
 -11,-205,-131,  47,  18,   0, -51,-846,-534;
 -14,-206,-132,  44,  19,  -1, -50,-855,-526;
 -11,-209,-132,  42,  19,  -2, -47,-856,-531;
 -11,-210,-130,  41,  20,  -2, -45,-856,-532;
 -11,-210,-133,  41,  20,  -3, -50,-858,-529;
 -10,-210,-130,  42,  21,  -4, -46,-862,-533;
 -10,-209,-131,  42,  22,  -4, -48,-861,-531;
  -8,-211,-131,  43,  22,  -5, -41,-855,-533;
 -11,-209,-133,  43,  22,  -6, -43,-857,-533;
  -6,-210,-130,  44,  21,  -6, -44,-864,-527;
 -11,-210,-131,  43,  21,  -7, -45,-859,-528;
 -12,-209,-130,  42,  21,  -8, -43,-860,-529;
  -8,-214,-132,  43,  21, -10, -39,-857,-526;
 -10,-209,-131,  42,  21, -10, -43,-860,-530;
 -10,-207,-132,  44,  20, -10, -42,-857,-527;
  -6,-207,-130,  46,  20, -10, -47,-859,-531;
 -11,-209,-132,  46,  18, -11, -45,-856,-526;
  -9,-209,-134,  48,  17, -12, -47,-857,-528;
 -10,-207,-128,  48,  16, -11, -48,-858,-525;
 -11,-208,-132,  48,  15, -13, -46,-850,-531;
 -13,-207,-132,  49,  15, -14, -45,-856,-528;
 -10,-207,-133,  48,  14, -12, -46,-851,-526;
  -9,-209,-131,  49,  14, -14, -49,-855,-529;
 -10,-208,-131,  48,  12, -14, -48,-855,-525;
 -12,-207,-130,  46,  12, -14, -49,-850,-532;
 -10,-206,-133,  46,  11, -13, -42,-860,-534;
  -9,-208,-132,  47,  11, -14, -48,-856,-524;
  -8,-212,-131,  48,   8, -15, -48,-855,-529;
  -8,-212,-128,  47,   6, -14, -46,-858,-525;
  -9,-208,-129,  47,   5, -15, -46,-862,-531;
 -10,-207,-131,  48,   3, -15, -47,-862,-526;
 -10,-209,-131,  49,   1, -16, -42,-858,-526;
 -10,-209,-134,  51,   1, -17, -46,-860,-536;
  -8,-211,-131,  52,  -1, -17, -42,-863,-530;
  -7,-210,-136,  54,  -4, -15, -39,-859,-534;
  -9,-209,-134,  56,  -3, -13, -36,-857,-539;
  -7,-208,-132,  57,  -3, -16, -44,-856,-526;
 -10,-208,-134,  57,  -4, -15, -42,-856,-533;
 -10,-208,-135,  57,  -4, -16, -44,-855,-534;
  -7,-210,-136,  58,  -5, -15, -45,-858,-533;
 -10,-208,-135,  58,  -5, -16, -46,-856,-533;
  -7,-207,-131,  60,  -4, -16, -44,-854,-530;
 -10,-210,-132,  60,  -2, -16, -44,-853,-533;
 -12,-205,-130,  61,   0, -16, -43,-855,-530;
 -10,-209,-130,  62,   2, -15, -46,-860,-527;
  -9,-211,-134,  62,   2, -15, -50,-860,-531;
 -15,-210,-130,  60,   3, -15, -45,-858,-524;
 -10,-211,-129,  59,   4, -13, -47,-862,-533;
 -11,-208,-133,  59,   6, -12, -47,-860,-529;
 -11,-208,-132,  60,   4, -12, -46,-866,-534;
  -8,-212,-132,  63,   6, -13, -41,-860,-532;
 -11,-210,-131,  66,   6, -13, -45,-856,-541;
  -9,-210,-136,  69,   7, -13, -46,-861,-529;
 -11,-209,-134,  70,   7, -14, -46,-854,-540;
 -10,-208,-131,  69,   6, -13, -45,-850,-541;
  -9,-208,-133,  67,   6, -13, -40,-850,-536;
 -12,-213,-126,  63,   5, -15, -43,-854,-539;
 -12,-211,-133,  60,   5, -15, -41,-855,-537;
  -8,-209,-133,  57,   5, -15, -48,-860,-540;
