  -8,-205,-139,  29,   5, -29, -43,-845,-562;
 -10,-206,-140,  30,   7, -27, -49,-847,-561;
 -13,-206,-139,  32,  10, -27, -42,-849,-563;
 -11,-207,-136,  34,  13, -25, -46,-844,-565;
 -13,-205,-141,  37,  15, -24, -46,-845,-558;
 -11,-209,-141,  39,  19, -22, -44,-847,-564;
  -9,-204,-137,  37,  19, -23, -44,-842,-559;
  -9,-207,-142,  34,  16, -22, -42,-844,-558;
 -11,-203,-139,  31,  13, -23, -40,-846,-557;
  -9,-205,-140,  30,  10, -24, -46,-851,-556;
  -8,-206,-138,  30,   7, -26, -46,-845,-563;
  -7,-208,-137,  31,   2, -25, -40,-843,-560;
  -8,-205,-138,  33,  -1, -27, -43,-838,-560;
 -11,-205,-137,  35,  -2, -26, -46,-841,-558;
  -9,-206,-141,  37,  -4, -26, -42,-836,-563;
  -9,-205,-139,  37,  -4, -28, -47,-839,-557;
 -11,-204,-136,  39,  -4, -29, -45,-830,-559;
  -9,-205,-141,  38,  -2, -27, -44,-833,-561;
  -8,-203,-139,  34,   2, -26, -42,-832,-569;
 -10,-201,-138,  31,   5, -24, -42,-827,-567;
  -6,-204,-138,  24,   6, -24, -43,-836,-567;
  -8,-200,-139,  21,  10, -23, -36,-833,-563;
  -9,-203,-143,  17,  12, -21, -39,-830,-564;
  -6,-203,-138,  14,  12, -18, -42,-829,-565;
 -10,-199,-138,  12,  12, -19, -37,-839,-568;
 -14,-202,-139,  14,  11, -18, -35,-838,-569;
  -9,-206,-138,  15,  11, -19, -37,-842,-565;
  -9,-206,-140,  18,  10, -19, -32,-841,-572;
  -6,-205,-139,  22,   8, -18, -38,-841,-569;
  -7,-205,-143,  24,   6, -19, -32,-838,-571;
  -4,-205,-144,  28,   6, -19, -38,-840,-571;
 -10,-205,-139,  30,   5, -18, -35,-839,-571;
  -7,-207,-138,  32,   4, -18, -34,-840,-568;
  -9,-202,-141,  35,   4, -17, -35,-840,-570;
  -5,-204,-136,  36,   4, -19, -37,-840,-570;
  -6,-204,-141,  39,   4, -18, -30,-838,-556;
  -8,-202,-136,  39,   4, -18, -32,-832,-558;
  -8,-200,-136,  39,   5, -18, -38,-835,-551;
  -5,-204,-135,  39,   9, -16, -37,-832,-555;
 -11,-206,-138,  36,   9, -14, -30,-832,-558;
  -7,-203,-142,  35,   9, -15, -36,-834,-557;
  -5,-205,-136,  34,   9, -15, -40,-837,-552;
  -8,-203,-138,  35,  10, -15, -37,-839,-557;
  -9,-203,-138,  36,  11, -16, -33,-838,-565;
  -5,-202,-137,  39,  11, -14, -39,-840,-560;
  -9,-203,-138,  41,  12, -15, -42,-840,-567;
  -8,-202,-141,  40,  13, -13, -40,-838,-562;
  -6,-201,-140,  38,  15, -11, -40,-835,-564;
  -7,-206,-137,  35,  16, -10, -31,-848,-566;
  -9,-207,-142,  32,  16,  -9, -29,-839,-570;
  -6,-204,-140,  32,  17,  -7, -31,-836,-565;
  -3,-204,-139,  31,  18,  -7, -30,-836,-563;
  -9,-205,-137,  32,  19,  -7, -31,-841,-568;
 -10,-204,-142,  33,  20,  -7, -31,-840,-571;
  -6,-209,-138,  32,  21,  -6, -36,-837,-569;
  -6,-203,-140,  34,  20,  -6, -38,-842,-565;
  -3,-207,-141,  35,  19,  -7, -31,-842,-567;
  -9,-203,-141,  37,  21,  -7, -34,-842,-567;
  -9,-204,-143,  40,  20,  -9, -36,-843,-568;
  -8,-203,-139,  43,  22, -11, -37,-839,-563;
  -8,-204,-137,  44,  22, -12, -33,-838,-568;
  -8,-203,-139,  45,  23, -11, -39,-830,-566;
  -7,-205,-138,  44,  23, -12, -36,-834,-564;
  -7,-205,-138,  43,  23, -12, -38,-836,-567;
  -9,-201,-142,  43,  25, -12, -37,-837,-571;
  -5,-198,-140,  44,  24, -11, -38,-840,-567;
  -8,-201,-139,  43,  26, -12, -38,-834,-567;
 -10,-204,-140,  44,  25,  -9, -44,-835,-563;
  -9,-200,-139,  43,  26,  -9, -32,-837,-560;
 -11,-202,-135,  43,  26, -10, -43,-831,-558;
  -6,-206,-140,  41,  27,  -9, -30,-838,-562;
  -6,-201,-135,  41,  27,  -8, -38,-837,-560;
 -10,-205,-139,  42,  25,  -9, -39,-839,-556;
  -8,-206,-138,  46,  25,  -9, -33,-840,-559;
  -9,-203,-138,  45,  25, -10, -39,-842,-563;
  -7,-203,-143,  48,  24, -11, -34,-831,-568;
  -6,-204,-140,  48,  23, -11, -34,-837,-564;
  -8,-202,-139,  47,  20, -10, -36,-836,-564;
 -10,-203,-144,  46,  21, -10, -37,-841,-566;
  -6,-201,-138,  44,  19, -11, -38,-837,-571;
  -7,-207,-140,  43,  19, -11, -39,-838,-574;
 -11,-202,-138,  42,  19, -10, -39,-830,-569;
 -10,-204,-143,  39,  20,  -9, -38,-835,-570;
  -9,-205,-140,  39,  20,  -9, -36,-842,-572;
  -8,-207,-140,  40,  19,  -8, -41,-839,-576;
  -7,-204,-140,  41,  20,  -8, -35,-838,-573;
  -7,-206,-142,  45,  21,  -8, -40,-840,-571;
  -6,-201,-137,  48,  21,  -8, -43,-835,-571;
 -10,-204,-143,  49,  22,  -8, -40,-838,-572;
  -9,-200,-141,  51,  21,  -9, -41,-837,-570;
 -10,-201,-138,  53,  23,  -9, -40,-835,-569;
  -9,-203,-137,  53,  23, -10, -36,-836,-567;
  -8,-209,-138,  50,  22,  -9, -45,-833,-566;
 -10,-204,-140,  49,  23,  -9, -43,-833,-569;
  -6,-204,-132,  49,  21, -10, -45,-830,-567;
 -11,-201,-141,  49,  19, -10, -46,-834,-566;
 -11,-201,-139,  50,  19, -11, -41,-830,-564;
  -9,-204,-140,  51,  19, -10, -43,-826,-562;
  -9,-201,-142,  53,  18, -12, -45,-828,-564;
  -7,-202,-135,  54,  17, -15, -45,-816,-568;
  -9,-203,-140,  52,  16, -16, -41,-820,-565;
  -8,-202,-134,  50,  15, -16, -46,-825,-558;
  -8,-203,-124,  47,  13, -17, -44,-822,-565;
  -8,-200,-135,  45,  11, -20, -42,-825,-560;
 -10,-201,-140,  42,  11, -20, -38,-826,-569;
  -7,-200,-141,  40,  11, -20, -41,-835,-561;
  -9,-201,-138,  38,  10, -20, -37,-829,-563;
  -6,-204,-139,  35,  10, -20, -38,-829,-572;
 -11,-202,-138,  34,   8, -20, -43,-834,-571;
  -8,-205,-138,  33,   8, -19, -38,-839,-564;
  -9,-204,-142,  34,   9, -17, -35,-834,-573;
  -8,-203,-142,  35,  10, -18, -37,-839,-570;
   6,-207,-136,  36,  11, -18, -37,-841,-578;
  -6,-206,-143,  38,  12, -16, -38,-841,-579;
 -10,-203,-139,  40,  11, -14, -35,-840,-571;
  -8,-203,-143,  39,  12, -13, -40,-841,-572;
 -10,-205,-142,  39,  14, -12, -34,-851,-576;
 -10,-204,-141,  40,  12, -12, -39,-846,-570;
 -10,-207,-141,  42,  14, -12, -36,-842,-567;
  -9,-203,-137,  45,  13, -13, -37,-844,-564;
 -10,-206,-142,  46,  13, -12, -38,-849,-566;
  -6,-204,-141,  49,  14, -12, -42,-840,-560;
  -6,-207,-136,  51,  15, -12, -37,-845,-556;
 -10,-207,-142,  52,  15, -10, -37,-839,-565;
  -8,-206,-141,  53,  14, -11, -39,-839,-562;
 -10,-203,-140,  54,  13, -12, -36,-839,-566;
  -8,-205,-140,  53,  13, -11, -39,-838,-566;
  -8,-204,-141,  53,  14, -11, -37,-835,-561;
  -5,-203,-140,  52,  12, -12, -35,-838,-566;
  -8,-203,-135,  52,  11, -13, -35,-830,-569;
  -5,-202,-144,  53,  11, -13, -40,-825,-567;
  -6,-202,-137,  54,  10, -14, -34,-827,-564;
  -6,-202,-139,  55,  11, -12, -35,-828,-570;
  -8,-201,-142,  54,  10, -13, -35,-824,-575;
  -8,-201,-140,  54,   8, -13, -33,-824,-573;
  -8,-202,-143,  51,   7, -15, -38,-819,-574;
  -6,-203,-139,  48,   6, -15, -33,-822,-575;
 -10,-199,-140,  44,   5, -16, -33,-826,-572;
  -7,-203,-145,  42,   4, -15, -33,-830,-574;
  -5,-205,-141,  41,   4, -15, -32,-828,-573;
  -8,-202,-143,  40,   3, -17, -35,-829,-579;
  -7,-202,-143,  42,   5, -17, -31,-831,-569;
  -6,-200,-143,  44,   6, -17, -41,-835,-574;
  -9,-203,-139,  44,   8, -18, -39,-829,-571;
 -11,-203,-141,  44,   8, -20, -39,-829,-571;
  -2,-207,-140,  45,  10, -19, -35,-834,-566;
  -9,-203,-139,  44,   9, -19, -38,-828,-570;
  -9,-204,-140,  43,  10, -18, -42,-836,-563;
 -10,-204,-137,  43,  11, -16, -34,-837,-563;
  -5,-208,-141,  43,  11, -17, -35,-835,-566;
  -9,-205,-138,  44,  11, -15, -38,-837,-561;
  -7,-201,-140,  47,  11, -15, -35,-837,-563;
  -9,-203,-138,  49,  11, -14, -37,-838,-562;
  -8,-203,-138,  52,  11, -16, -32,-835,-561;
  -9,-203,-138,  53,  11, -15, -38,-831,-565;
  -9,-203,-141,  55,  10, -15, -36,-831,-567;
  -5,-199,-134,  54,  10, -13, -37,-835,-567;
  -7,-202,-141,  55,  10, -13, -37,-835,-566;
  -9,-200,-141,  54,  10, -13, -37,-830,-568;
  -9,-201,-143,  53,   9, -14, -34,-834,-571;
 -10,-202,-142,  53,  10, -13, -33,-833,-575;
  -7,-206,-142,  52,   8, -12, -29,-830,-565;
  -7,-204,-141,  53,  11, -11, -33,-828,-584;
  -5,-203,-142,  51,  12, -13, -32,-828,-569;
  -3,-202,-139,  51,  11, -10, -33,-830,-568;
  -6,-202,-142,  51,  13, -11, -31,-827,-573;
  -7,-202,-139,  51,  13, -11, -34,-830,-571;
  -8,-199,-144,  50,  14, -12, -34,-825,-566;
  -6,-204,-141,  50,  15, -10, -32,-831,-571;
 -10,-203,-141,  49,  16, -10, -39,-834,-563;
  -7,-200,-141,  47,  16, -11, -34,-835,-568;
  -6,-200,-140,  44,  18, -10, -34,-835,-567;
  -5,-204,-138,  43,  19, -10, -36,-833,-567;
  -8,-203,-140,  43,  19, -10, -31,-832,-566;
  -7,-202,-140,  43,  20, -11, -36,-836,-570;
  -9,-203,-137,  45,  22,  -9, -37,-837,-569;
  -7,-204,-139,  48,  23, -11, -36,-839,-569;
  -9,-206,-140,  50,  21, -11, -38,-835,-568;
  -9,-206,-145,  52,  21, -12, -31,-831,-567;
 -10,-200,-141,  52,  19, -13, -35,-830,-566;
  -8,-206,-139,  52,  17, -12, -32,-829,-573;
  -7,-204,-140,  54,  16, -14, -29,-837,-574;
  -8,-205,-143,  55,  16, -14, -36,-836,-567;
  -9,-200,-140,  55,  17, -13, -40,-826,-564;
 -10,-202,-139,  56,  17, -14, -43,-834,-563;
  -9,-204,-140,  57,  16, -15, -37,-830,-570;
  -4,-202,-140,  55,  15, -14, -32,-838,-568;
  -8,-206,-142,  55,  15, -13, -38,-830,-566;
  -6,-204,-141,  57,  15, -13, -32,-825,-569;
  -9,-202,-141,  58,  15, -13, -36,-831,-569;
  -6,-204,-142,  58,  15, -11, -33,-831,-571;
  -8,-202,-138,  59,  15, -11, -38,-829,-570;
  -6,-201,-142,  60,  16, -11, -35,-826,-567;
  -8,-201,-139,  59,  15, -11, -37,-826,-571;
  -8,-201,-144,  59,  18, -10, -33,-827,-573;
  -8,-204,-141,  57,  16, -11, -33,-828,-563;
 -10,-202,-143,  55,  16, -11, -36,-823,-569;
 -10,-198,-138,  55,  15, -10, -44,-833,-578;
 -10,-203,-142,  54,  14,  -9, -37,-831,-572;
  -5,-204,-142,  53,  15, -11, -37,-830,-563;
  -7,-202,-140,  53,  14, -11, -37,-834,-570;
  -7,-202,-139,  52,  14, -12, -33,-830,-571;
  -4,-207,-142,  51,  12, -13, -38,-828,-569;
  -5,-205,-140,  51,  12, -12, -33,-831,-574;
  -7,-206,-140,  51,  13, -13, -33,-840,-576;
  -6,-203,-138,  52,  12, -12, -37,-830,-559;
  -6,-205,-135,  52,  12, -12, -38,-831,-573;
  -6,-205,-139,  52,  14, -13, -37,-833,-569;
  -6,-204,-137,  54,  14, -11, -31,-832,-565;
  -8,-199,-139,  55,  14, -10, -39,-837,-569;
  -6,-203,-139,  56,  14, -12, -38,-839,-564;
  -7,-205,-140,  57,  14, -10, -43,-832,-567;
  -8,-206,-139,  58,  14,  -9, -43,-836,-563;
  -5,-202,-139,  54,  13,  -9, -40,-830,-565;
 -11,-204,-142,  52,  13,  -9, -37,-833,-571;
  -7,-204,-141,  51,  13, -10, -41,-831,-566;
  -7,-201,-141,  54,  14,  -8, -36,-836,-568;
  -3,-205,-138,  58,  16,  -9, -39,-837,-569;
  -5,-203,-142,  60,  17, -10, -45,-837,-570;
  -9,-202,-138,  60,  16, -10, -37,-834,-575;
  -7,-201,-143,  59,  16, -10, -41,-828,-569;
 -10,-203,-140,  60,  17, -12, -37,-830,-569;
  -7,-204,-140,  61,  17, -11, -42,-835,-575;
  -9,-202,-137,  61,  18, -11, -43,-827,-572;
  -8,-202,-140,  61,  18, -12, -42,-831,-569;
  -7,-202,-144,  58,  19, -11, -44,-825,-569;
 -10,-205,-142,  56,  20, -10, -44,-823,-567;
 -10,-202,-141,  55,  20, -11, -41,-821,-567;
  -8,-202,-140,  54,  21, -10, -44,-825,-572;
  -9,-202,-138,  52,  21, -12, -37,-822,-568;
  -9,-200,-138,  52,  20, -11, -35,-821,-569;
  -7,-199,-139,  50,  20, -13, -40,-831,-564;
 -10,-202,-142,  48,  20, -15, -38,-820,-570;
  -8,-199,-143,  47,  20, -17, -35,-823,-564;
  -5,-201,-145,  46,  19, -17, -38,-826,-571;
  -9,-203,-139,  45,  18, -18, -34,-828,-566;
 -10,-203,-140,  46,  17, -18, -34,-831,-567;
  -8,-203,-140,  44,  16, -18, -35,-831,-564;
  -6,-202,-139,  43,  16, -18, -31,-832,-568;
  -4,-205,-139,  42,  15, -18, -34,-825,-568;
  -7,-202,-141,  41,  15, -18, -32,-834,-570;
  -6,-205,-139,  41,  13, -17, -29,-829,-567;
  -6,-203,-144,  41,  14, -15, -31,-836,-574;
  -4,-207,-137,  40,  13, -15, -33,-837,-580;
  -5,-204,-142,  40,  13, -14, -37,-837,-577;
  -6,-206,-140,  42,  14, -13, -37,-839,-574;
  -9,-203,-142,  44,  13, -13, -33,-837,-570;
  -7,-202,-145,  46,  14, -12, -32,-831,-568;
  -8,-203,-144,  47,  14, -12, -29,-836,-564;
  -6,-201,-143,  48,  12, -12, -33,-835,-569;
  -7,-205,-139,  49,  13, -13, -26,-832,-571;
  -9,-201,-137,  48,  13, -13, -34,-833,-570;
  -9,-200,-141,  46,  12, -15, -33,-831,-569;
  -7,-205,-146,  45,  13, -15, -34,-831,-569;
 -11,-203,-140,  42,  13, -13, -37,-833,-569;
  -5,-204,-140,  40,  12, -14, -38,-833,-566;
  -8,-202,-142,  40,  12, -15, -37,-831,-563;
  -5,-204,-137,  38,  12, -14, -37,-835,-565;
  -4,-205,-144,  39,  11, -14, -36,-836,-566;
  -5,-202,-141,  39,  11, -14, -35,-833,-568;
  -6,-204,-138,  40,  11, -14, -31,-832,-566;
  -7,-204,-141,  42,  12, -14, -32,-836,-562;
  -7,-202,-142,  42,  13, -16, -38,-832,-572;
 -11,-206,-139,  42,  13, -16, -37,-833,-573;
  -6,-203,-143,  42,  13, -15, -36,-837,-573;
  -6,-204,-144,  41,  15, -15, -38,-832,-567;
  -1,-203,-143,  42,  15, -13, -37,-829,-569;
 -11,-199,-138,  42,  14, -15, -34,-828,-573;
  -4,-206,-141,  43,  14, -17, -39,-832,-574;
  -6,-201,-142,  44,  15, -15, -39,-837,-570;
  -5,-205,-141,  47,  15, -15, -36,-836,-571;
  -7,-203,-140,  48,  15, -16, -36,-839,-569;
 -10,-202,-140,  49,  15, -16, -34,-840,-567;
  -9,-202,-143,  49,  14, -16, -30,-831,-568;
  -9,-203,-141,  51,  16, -16, -32,-823,-571;
  -5,-201,-140,  49,  14, -17, -35,-832,-571;
  -6,-203,-143,  48,  16, -18, -37,-824,-566;
  -6,-204,-143,  48,  15, -17, -34,-829,-570;
  -7,-202,-141,  47,  16, -18, -32,-834,-568;
  -9,-202,-139,  46,  16, -17, -39,-829,-568;
  -5,-199,-138,  45,  16, -18, -31,-827,-571;
  -7,-201,-143,  45,  17, -20, -39,-838,-563;
  -5,-202,-139,  45,  17, -19, -35,-827,-566;
  -7,-205,-138,  45,  16, -20, -36,-830,-568;
  -8,-200,-139,  45,  17, -20, -30,-833,-568;
 -11,-203,-141,  45,  15, -20, -30,-830,-572;
  -6,-203,-144,  45,  16, -21, -33,-838,-568;
  -1,-211,-142,  47,  17, -21, -32,-830,-574;
  -6,-201,-142,  49,  15, -20, -33,-835,-570;
  -9,-199,-139,  50,  14, -21, -34,-833,-579;
  -6,-204,-139,  49,  14, -21, -39,-832,-574;
  -4,-202,-145,  48,  14, -21, -29,-830,-570;
  -7,-201,-141,  49,  13, -22, -34,-839,-569;
  -7,-204,-141,  48,  13, -21, -28,-834,-572;
  -4,-205,-138,  47,  14, -21, -34,-832,-566;
  -6,-203,-142,  47,  14, -21, -30,-835,-564;
  -1,-204,-140,  48,  14, -20, -33,-834,-571;
  -8,-201,-143,  49,  14, -19, -30,-840,-570;
  -5,-206,-140,  51,  13, -18, -29,-834,-571;
  -6,-206,-141,  51,  14, -18, -31,-830,-566;
  -7,-200,-144,  52,  15, -16, -37,-827,-568;
  -8,-203,-139,  55,  14, -16, -33,-827,-570;
  -5,-204,-140,  54,  13, -18, -34,-827,-572;
  -6,-202,-138,  52,  13, -16, -32,-830,-567;
  -7,-202,-138,  52,  11, -15, -29,-823,-571;
  -6,-201,-143,  51,  13, -18, -31,-823,-570;
  -5,-201,-139,  49,  12, -16, -34,-829,-572;
  -9,-200,-140,  49,  13, -15, -33,-828,-567;
  -9,-202,-141,  47,  12, -16, -38,-829,-571;
  -2,-202,-138,  45,  11, -16, -29,-830,-565;
  -3,-201,-141,  44,  13, -17, -30,-834,-569;
  -5,-202,-140,  43,  13, -20, -24,-822,-568;
  -3,-205,-140,  41,  13, -18, -24,-831,-570;
  -7,-201,-138,  41,  11, -19, -27,-836,-570;
  -6,-201,-141,  40,  12, -19, -28,-829,-571;
  -7,-204,-141,  42,  12, -18, -28,-830,-568;
  -8,-204,-142,  43,  13, -18, -30,-834,-571;
  -5,-203,-141,  44,  12, -20, -30,-831,-569;
  -8,-201,-144,  46,  12, -18, -31,-837,-573;
  -7,-204,-142,  49,  11, -18, -32,-829,-573;
  -4,-206,-143,  49,  10, -18, -33,-827,-578;
  -7,-202,-144,  47,  11, -18, -30,-828,-570;
  -2,-204,-140,  48,  10, -16, -29,-830,-575;
  -3,-203,-144,  49,  11, -15, -38,-834,-574;
  -6,-203,-140,  49,  12, -15, -28,-834,-571;
  -5,-204,-143,  49,  11, -15, -25,-831,-572;
  -4,-204,-143,  50,  13, -14, -27,-834,-572;
  -3,-202,-139,  50,  13, -15, -27,-829,-572;
  -3,-203,-140,  50,  13, -13, -27,-837,-572;
  -4,-205,-145,  49,  12, -11, -24,-836,-570;
  -4,-203,-144,  50,  14, -13, -27,-833,-570;
  -4,-204,-140,  52,  13, -13, -25,-831,-573;
  -5,-204,-142,  54,  13, -12, -32,-835,-570;
  -4,-202,-139,  57,  13, -12, -25,-826,-570;
  -4,-201,-143,  61,  12, -13, -24,-833,-567;
  -4,-200,-141,  61,  15, -12, -23,-829,-565;
  -6,-198,-144,  60,  14, -12, -21,-826,-571;
  -2,-204,-139,  60,  14, -12, -22,-823,-579;
  -7,-201,-141,  58,  12, -12, -26,-825,-563;
  -3,-201,-140,  55,  12, -12, -23,-825,-567;
  -7,-203,-140,  55,  12, -13, -26,-832,-568;
  -6,-201,-136,  54,  12, -14, -27,-832,-567;
  -7,-203,-139,  53,  15, -12, -26,-827,-570;
  -6,-203,-141,  52,  14, -11, -27,-827,-567;
  -7,-204,-140,  52,  15,  -9, -23,-835,-571;
  -5,-202,-136,  50,  14, -10, -29,-831,-570;
  -5,-203,-140,  50,  15,  -9, -29,-826,-566;
  -5,-203,-141,  50,  16,  -9, -23,-831,-571;
  -8,-201,-143,  49,  14,  -8, -34,-835,-572;
  -8,-203,-141,  49,  15,  -8, -30,-838,-572;
  -7,-200,-141,  49,  16,  -8, -33,-830,-576;
  -7,-204,-142,  49,  16, -10, -30,-834,-577;
  -5,-202,-144,  49,  15, -10, -28,-829,-575;
  -7,-202,-141,  49,  17,  -8, -35,-832,-570;
  -6,-203,-144,  51,  18,  -9, -31,-829,-576;
  -4,-203,-140,  50,  18,  -6, -30,-830,-570;
  -6,-204,-147,  51,  18,  -7, -29,-829,-574;
  -4,-203,-140,  54,  20,  -6, -30,-826,-577;
  -5,-204,-142,  55,  20,  -6, -31,-835,-572;
  -6,-202,-146,  56,  20,  -5, -29,-831,-576;
  -5,-201,-140,  59,  19,  -6, -34,-822,-575;
  -6,-201,-139,  60,  19,  -7, -28,-829,-567;
  -6,-203,-141,  60,  18,  -6, -29,-822,-567;
  -8,-200,-143,  59,  19,  -7, -29,-823,-565;
  -6,-198,-142,  54,  19,  -7, -27,-826,-567;
  -4,-200,-141,  51,  18,  -8, -32,-821,-574;
  -4,-204,-142,  49,  17,  -9, -28,-822,-564;
  -8,-201,-140,  50,  17, -11, -22,-825,-566;
  -1,-204,-141,  50,  17, -11, -25,-822,-569;
  -4,-203,-137,  48,  15, -12, -24,-825,-570;
  -6,-200,-137,  47,  14, -12, -26,-828,-571;
  -5,-199,-142,  44,  13, -13, -29,-821,-576;
  -3,-203,-142,  42,  13, -13, -27,-822,-569;
  -2,-203,-146,  43,  13, -13, -26,-829,-579;
  -4,-202,-140,  42,  12, -12, -29,-829,-573;
  -4,-204,-141,  44,  14, -12, -34,-830,-577;
  -7,-204,-139,  43,  14, -12, -31,-830,-581;
  -7,-204,-143,  45,  13, -11, -31,-830,-579;
  -9,-205,-141,  48,  15,  -9, -29,-828,-571;
  -4,-204,-142,  51,  14, -10, -28,-835,-574;
  -5,-205,-144,  52,  13,  -9, -35,-833,-575;
  -5,-203,-142,  53,  13, -10, -31,-833,-577;
  -6,-205,-139,  53,  13, -10, -29,-838,-572;
  -8,-203,-143,  51,  15,  -9, -35,-830,-574;
  -7,-199,-142,  50,  15,  -7, -27,-836,-574;
  -7,-204,-139,  48,  16,  -8, -30,-837,-570;
  -6,-204,-144,  48,  16,  -7, -24,-829,-569;
  -9,-202,-140,  49,  17,  -8, -30,-836,-575;
  -6,-205,-140,  50,  19,  -7, -34,-840,-570;
  -9,-204,-141,  53,  18,  -5, -31,-830,-570;
  -5,-204,-141,  53,  18,  -5, -32,-829,-570;
  -7,-202,-141,  54,  19,  -4, -30,-831,-572;
  -4,-204,-140,  57,  19,  -3, -32,-829,-570;
  -8,-201,-137,  57,  19,  -5, -26,-827,-569;
 -10,-203,-143,  59,  19,  -5, -31,-829,-569;
  -6,-204,-143,  59,  19,  -6, -33,-829,-574;
  -7,-203,-140,  58,  18,  -5, -32,-823,-579;
  -9,-199,-143,  58,  18,  -5, -29,-830,-577;
  -7,-202,-143,  58,  20,  -5, -33,-828,-574;
  -4,-202,-142,  56,  19,  -5, -35,-824,-567;
  -4,-202,-143,  56,  19,  -5, -28,-826,-575;
  -5,-201,-141,  57,  19,  -3, -33,-831,-581;
  -6,-203,-144,  57,  18,  -4, -30,-825,-573;
  -6,-199,-142,  57,  18,  -5, -31,-820,-573;
  -9,-203,-144,  57,  17,  -5, -26,-824,-570;
  -8,-199,-143,  55,  14,  -6, -30,-822,-573;
  -7,-203,-142,  56,  13,  -8, -29,-821,-573;
  -6,-203,-140,  56,  13,  -9, -36,-823,-572;
  -8,-202,-139,  54,  11,  -8, -30,-826,-571;
  -7,-201,-138,  54,  11,  -9, -36,-826,-575;
  -4,-201,-141,  52,  10, -11, -36,-823,-574;
  -9,-202,-144,  51,   9, -12, -37,-827,-573;
  -8,-201,-143,  49,   7, -13, -36,-837,-568;
  -8,-202,-139,  50,   6, -13, -38,-832,-569;
 -10,-205,-138,  51,   6, -13, -36,-831,-572;
  -6,-205,-140,  55,   7, -14, -34,-835,-569;
  -9,-201,-140,  56,   7, -13, -33,-839,-576;
  -9,-203,-142,  58,   9, -13, -35,-828,-571;
  -4,-204,-144,  57,   9, -14, -33,-839,-575;
  -6,-203,-138,  59,   9, -12, -35,-833,-576;
  -4,-205,-142,  61,  10, -10, -36,-831,-570;
 -10,-204,-144,  62,  10, -10, -32,-834,-578;
  -8,-203,-141,  65,  11, -10, -36,-830,-571;
  -4,-203,-142,  65,  10,  -8, -35,-832,-573;
  -7,-201,-141,  64,  10,  -9, -30,-826,-577;
  -8,-202,-140,  64,   8,  -8, -24,-829,-571;
  -8,-200,-141,  64,   9,  -7, -34,-829,-571;
  -8,-203,-145,  63,   8,  -8, -32,-826,-570;
  -7,-199,-140,  64,   6,  -8, -36,-827,-570;
  -5,-201,-138,  66,   8,  -7, -30,-827,-573;
  -9,-200,-139,  70,   8,  -9, -29,-824,-573;
  -8,-198,-140,  71,   7, -10, -32,-827,-565;
  -1,-201,-143,  70,   7, -10, -33,-822,-569;
  -7,-198,-144,  68,   7, -10, -28,-822,-569;
  -2,-202,-142,  66,   7, -11, -31,-819,-573;
  -5,-200,-139,  62,   7, -13, -32,-824,-570;
  -6,-203,-142,  57,   6, -13, -32,-825,-571;
  -4,-201,-141,  54,   7, -12, -31,-837,-567;
  -5,-201,-138,  52,   6, -11, -30,-831,-569;
  -8,-202,-138,  51,   8, -11, -32,-836,-573;
  -7,-202,-139,  51,   8, -13, -31,-827,-570;
  -8,-202,-144,  50,   8, -14, -38,-835,-571;
  -6,-201,-141,  49,   9, -13, -33,-838,-573;
  -6,-201,-141,  51,  10, -14, -35,-837,-571;
  -8,-203,-143,  53,  11, -15, -33,-833,-570;
  -4,-204,-141,  57,  10, -13, -36,-835,-573;
 -10,-203,-143,  60,  10, -12, -30,-833,-571;
  -6,-204,-140,  63,  10, -12, -32,-833,-572;
  -8,-202,-137,  64,  10, -12, -31,-838,-571;
  -8,-200,-141,  64,   9, -10, -35,-831,-570;
  -6,-201,-142,  64,  10, -10, -33,-833,-571;
  -9,-204,-143,  64,   9,  -9, -31,-836,-570;
  -5,-202,-141,  65,  10,  -8, -35,-836,-574;
  -7,-203,-141,  68,  11,  -9, -32,-828,-573;
  -7,-204,-139,  68,  12,  -7, -26,-831,-571;
  -3,-203,-144,  68,  11,  -6, -29,-822,-568;
  -4,-200,-141,  68,  11,  -7, -35,-823,-570;
 -10,-198,-140,  69,  11,  -6, -32,-825,-572;
  -6,-203,-142,  70,  11,  -8, -26,-830,-573;
  -4,-202,-145,  71,  10,  -7, -34,-822,-567;
  -2,-202,-145,  70,   9,  -7, -27,-822,-571;
  -7,-201,-135,  67,   8,  -7, -27,-823,-574;
  -7,-202,-138,  65,   7,  -7, -29,-827,-569;
  -8,-200,-140,  61,   7,  -9, -31,-823,-577;
  -3,-202,-141,  58,   6, -10, -34,-820,-574;
  -8,-198,-144,  57,   7, -11, -28,-829,-570;
  -7,-204,-138,  56,   7, -10, -29,-828,-567;
  -2,-201,-138,  56,   6, -11, -29,-822,-571;
  -7,-203,-145,  55,   5, -12, -26,-827,-571;
  -7,-202,-140,  56,   5, -12, -29,-828,-571;
  -5,-203,-137,  56,   6, -11, -23,-836,-572;
  -8,-202,-140,  55,   6, -11, -27,-832,-578;
  -5,-203,-143,  56,   6, -12, -38,-825,-573;
  -5,-206,-140,  56,   8, -11, -28,-833,-573;
  -5,-203,-140,  56,   9,  -9, -30,-828,-574;
 -10,-199,-139,  56,  10, -11, -30,-830,-565;
  -9,-201,-141,  57,  11,  -9, -33,-829,-571;
  -2,-205,-140,  57,  11,  -8, -36,-836,-566;
  -4,-203,-139,  56,  14,  -7, -33,-827,-574;
  -8,-202,-145,  55,  14,  -7, -36,-832,-568;
  -9,-204,-143,  54,  14,  -7, -33,-829,-570;
  -9,-205,-140,  57,  14,  -7, -30,-836,-570;
  -8,-201,-143,  58,  15,  -7, -32,-835,-576;
  -8,-202,-138,  60,  15,  -6, -34,-834,-571;
  -7,-202,-145,  62,  16,  -6, -30,-826,-571;
  -5,-202,-139,  63,  16,  -4, -28,-831,-568;
  -6,-206,-143,  64,  14,  -5, -34,-830,-571;
  -8,-202,-137,  64,  13,  -5, -28,-832,-572;
  -2,-202,-142,  63,  15,  -5, -37,-829,-573;
  -6,-203,-137,  64,  14,  -6, -32,-824,-572;
  -6,-199,-140,  62,  16,  -4, -34,-831,-574;
  -6,-202,-139,  62,  17,  -5, -39,-828,-570;
  -8,-202,-142,  60,  18,  -4, -32,-823,-570;
  -3,-205,-142,  59,  19,  -4, -33,-821,-568;
  -8,-203,-139,  57,  18,  -5, -34,-836,-569;
  -8,-203,-143,  57,  18,  -6, -34,-826,-573;
  -7,-203,-141,  57,  19,  -5, -31,-829,-571;
  -3,-200,-141,  56,  18,  -8, -34,-831,-566;
  -9,-199,-140,  57,  17,  -7, -29,-829,-565;
  -7,-201,-144,  56,  15, -10, -31,-829,-567;
  -6,-204,-143,  55,  15,  -9, -26,-837,-569;
  -5,-200,-139,  55,  15,  -9, -33,-832,-569;
  -7,-205,-138,  54,  12, -12, -34,-833,-567;
  -8,-204,-142,  53,  11, -13, -33,-830,-565;
  -7,-203,-140,  52,  10, -13, -28,-824,-567;
  -5,-202,-148,  53,  10, -13, -32,-835,-568;
  -6,-202,-141,  53,  10, -14, -36,-827,-571;
  -6,-206,-138,  52,   8, -14, -29,-834,-569;
  -7,-204,-138,  52,   8, -14, -34,-834,-569;
  -5,-205,-140,  53,   6, -13, -34,-838,-570;
  -9,-206,-137,  53,   6, -14, -33,-836,-569;
  -9,-204,-138,  54,   5, -13, -36,-839,-565;
  -8,-202,-137,  56,   6, -13, -26,-836,-568;
  -7,-204,-140,  58,   5, -12, -34,-837,-566;
  -8,-205,-137,  60,   6, -12, -29,-834,-562;
 -11,-203,-140,  61,   5, -12, -37,-833,-568;
  -6,-205,-142,  60,   8, -12, -37,-838,-568;
  -6,-203,-136,  58,   7, -10, -35,-841,-566;
  -5,-205,-142,  58,   9, -12, -31,-836,-565;
  -8,-204,-141,  58,   8, -10, -31,-834,-568;
  -6,-205,-138,  56,   9, -10, -42,-837,-566;
  -6,-206,-139,  54,  10,  -9, -34,-837,-562;
  -9,-202,-140,  53,  11,  -9, -34,-835,-569;
  -7,-205,-140,  52,  12, -10, -30,-831,-568;
  -8,-203,-141,  52,  11,  -9, -34,-838,-568;
  -6,-204,-141,  53,  10,  -9, -29,-837,-569;
  -7,-204,-144,  53,  11, -11, -29,-837,-565;
  -7,-203,-140,  53,  12, -11, -37,-833,-563;
  -2,-204,-135,  53,  12, -10, -32,-842,-568;
  -7,-202,-137,  54,  14, -11, -35,-831,-569;
  -3,-206,-138,  55,  15, -11, -32,-837,-568;
  -7,-205,-137,  57,  14, -10, -35,-838,-566;
 -10,-206,-141,  59,  14, -10, -29,-837,-566;
  -8,-203,-139,  60,  14,  -9, -31,-836,-572;
  -7,-204,-140,  62,  12, -12, -34,-836,-569;
  -4,-203,-141,  65,  11, -11, -36,-836,-572;
  -7,-201,-144,  66,   9, -10, -37,-836,-570;
  -4,-201,-138,  68,   9, -11, -39,-832,-572;
  -5,-205,-140,  70,   8, -11, -32,-832,-567;
  -5,-198,-146,  71,   8, -10, -32,-824,-564;
  -8,-203,-140,  72,   7, -10, -38,-834,-571;
  -5,-200,-140,  70,   7, -12, -36,-827,-567;
  -6,-205,-140,  68,   7, -12, -40,-829,-570;
  -7,-201,-137,  65,   8, -12, -34,-827,-567;
  -6,-200,-139,  60,   7, -13, -24,-824,-565;
  -6,-202,-141,  58,   7, -14, -30,-826,-569;
  -6,-203,-141,  56,   6, -15, -33,-836,-562;
  -6,-203,-139,  56,   7, -16, -40,-833,-565;
  -6,-202,-141,  53,   6, -15, -32,-836,-570;
  -5,-200,-143,  53,   5, -15, -30,-836,-564;
  -3,-206,-141,  52,   5, -16, -30,-833,-568;
  -5,-205,-140,  51,   6, -17, -32,-837,-563;
  -6,-205,-143,  50,   6, -17, -33,-841,-574;
  -5,-205,-146,  52,   4, -17, -31,-837,-569;
  -2,-206,-139,  54,   3, -16, -27,-839,-565;
  -6,-203,-139,  57,   4, -15, -35,-839,-562;
  -5,-205,-141,  57,   2, -16, -28,-836,-570;
  -5,-206,-139,  60,   1, -15, -26,-839,-569;
  -7,-201,-142,  63,   1, -15, -28,-842,-570;
  -3,-205,-137,  64,   0, -14, -28,-831,-570;
  -3,-205,-137,  65,   0, -15, -26,-840,-571;
  -5,-201,-138,  66,   0, -15, -24,-835,-573;
  -4,-205,-140,  68,   0, -17, -26,-836,-571;
  -4,-199,-138,  66,   1, -16, -27,-825,-569;
  -5,-201,-142,  64,   1, -16, -28,-832,-578;
  -3,-202,-141,  62,   2, -16, -29,-833,-570;
  -4,-203,-138,  61,   2, -17, -29,-822,-569;
  -5,-202,-141,  59,   1, -15, -24,-826,-573;
  -4,-204,-144,  56,   0, -17, -24,-829,-575;
  -6,-203,-141,  53,   1, -16, -26,-834,-574;
  -4,-204,-143,  51,   1, -16, -35,-831,-580;
  -7,-203,-142,  48,   1, -18, -20,-836,-571;
  -8,-202,-140,  47,   2, -19, -27,-832,-572;
  -4,-204,-143,  45,   3, -19, -26,-832,-574;
  -4,-206,-143,  46,   3, -20, -26,-834,-574;
  -4,-205,-140,  47,   5, -19, -26,-839,-574;
  -6,-203,-145,  49,   5, -22, -28,-835,-575;
  -6,-201,-142,  51,   6, -23, -29,-833,-576;
  -5,-203,-146,  50,   6, -23, -27,-831,-572;
  -7,-200,-140,  52,   7, -24, -25,-826,-575;
  -5,-202,-142,  51,   7, -24, -28,-825,-577;
  -6,-199,-141,  49,   8, -26, -26,-821,-576;
  -4,-202,-145,  46,   8, -28, -23,-821,-576;
  -8,-197,-144,  43,   7, -28, -26,-816,-576;
  -5,-195,-144,  40,   5, -28, -26,-821,-583;
  -4,-200,-146,  33,   4, -29, -27,-817,-590;
  -7,-199,-143,  30,   3, -31, -24,-819,-585;
  -6,-199,-148,  25,   5, -31, -23,-818,-589;
  -3,-198,-144,  22,   7, -33, -23,-822,-588;
  -2,-200,-144,  20,   8, -34, -24,-815,-587;
   0,-201,-148,  18,  12, -34, -18,-816,-594;
  -2,-196,-148,  19,  14, -35, -17,-814,-595;
  -2,-203,-148,  16,  17, -35, -10,-814,-589;
   0,-201,-148,  14,  19, -34, -10,-809,-589;
   0,-199,-143,  12,  23, -35, -10,-806,-592;
  -2,-197,-145,   8,  25, -33, -10,-805,-590;
  -2,-195,-147,   6,  31, -33,  -7,-806,-590;
  -1,-193,-149,   3,  35, -34,  -8,-799,-586;
   0,-193,-149,   0,  39, -33,  -6,-801,-584;
   0,-192,-146,  -3,  39, -34, -11,-792,-589;
  -1,-194,-151,  -6,  41, -33, -13,-793,-581;
  -1,-194,-143, -10,  41, -34, -10,-781,-587;
   0,-193,-149, -14,  39, -35, -15,-789,-589;
  -1,-190,-145, -19,  36, -33, -13,-777,-585;
   1,-186,-145, -24,  33, -36, -13,-776,-595;
  -3,-188,-146, -30,  31, -34, -16,-770,-590;
  -4,-186,-150, -34,  32, -35, -13,-761,-588;
  -5,-183,-151, -40,  33, -35, -16,-766,-598;
  -4,-185,-149, -45,  33, -35, -24,-756,-594;
  -3,-184,-146, -54,  34, -35, -18,-751,-589;
  -3,-182,-148, -61,  35, -30, -20,-752,-590;
  -4,-185,-150, -70,  34, -30, -26,-750,-591;
  -3,-184,-143, -77,  35, -30, -23,-751,-591;
  -4,-182,-144, -87,  35, -30, -20,-746,-594;
  -6,-180,-141, -95,  34, -31, -22,-745,-589;
  -2,-181,-149,-101,  34, -30, -21,-751,-590;
  -2,-181,-146,-109,  31, -31, -19,-746,-588;
   0,-183,-146,-114,  29, -31, -18,-749,-594;
  -3,-181,-147,-123,  26, -30, -22,-751,-595;
  -8,-184,-146,-131,  23, -31, -16,-750,-597;
   0,-185,-149,-141,  19, -33, -20,-748,-605;
  -1,-183,-157,-148,  17, -33, -22,-751,-608;
  -3,-185,-150,-154,  13, -34, -20,-758,-610;
  -1,-185,-150,-157,  12, -37, -21,-764,-609;
  -6,-187,-151,-159,  10, -37, -23,-762,-614;
  -7,-186,-149,-164,  11, -36, -24,-764,-610;
  -5,-190,-151,-165,  10, -36, -28,-767,-611;
  -4,-190,-154,-167,  11, -37, -25,-766,-616;
  -4,-188,-153,-167,  11, -39, -32,-769,-614;
  -4,-187,-151,-166,  10, -37, -29,-766,-609;
  -4,-188,-152,-167,   8, -39, -25,-762,-611;
  -6,-185,-152,-169,   6, -38, -26,-759,-611;
  -5,-187,-150,-170,   3, -41, -24,-758,-603;
  -6,-183,-151,-174,  -1, -41, -19,-757,-605;
   0,-183,-148,-177,  -5, -40, -19,-748,-594;
   0,-183,-152,-180,  -9, -43, -14,-747,-597;
   0,-181,-146,-183, -14, -44,  -9,-739,-593;
   0,-181,-147,-188, -19, -47, -10,-736,-591;
   1,-179,-147,-195, -22, -49,  -5,-734,-592;
   1,-177,-150,-200, -21, -51,  -3,-725,-592;
   1,-175,-144,-205, -21, -56,  -2,-722,-597;
   1,-173,-144,-211, -18, -57,   0,-716,-598;
   1,-171,-151,-218, -17, -59,  -2,-714,-592;
   1,-172,-147,-226, -12, -63,   1,-709,-594;
   1,-175,-149,-233,  -8, -66,  -1,-709,-589;
   1,-170,-147,-240,  -4, -70,  -6,-711,-598;
   2,-174,-145,-248,   0, -74,  -7,-703,-594;
   0,-170,-150,-253,   3, -77,  -9,-702,-597;
   2,-173,-148,-259,   5, -82,  -5,-703,-599;
   1,-172,-149,-267,   7, -93,  -4,-700,-604;
   0,-169,-151,-275,   8, -98,  -5,-701,-610;
  -1,-170,-156,-286,  10,-106,  -4,-705,-611;
   2,-173,-152,-297,  12,-112,  -2,-700,-613;
   1,-170,-152,-309,  15,-118,  -8,-702,-622;
   0,-172,-151,-320,  19,-128,  -5,-706,-616;
  -2,-170,-154,-328,  23,-135,  -8,-704,-627;
  -1,-171,-155,-336,  25,-140, -12,-701,-617;
   0,-171,-153,-338,  28,-145, -11,-699,-617;
   0,-170,-152,-338,  33,-147,  -7,-698,-618;
   0,-171,-154,-336,  37,-150, -14,-697,-627;
  -3,-169,-152,-331,  43,-152, -18,-693,-617;
  -5,-164,-156,-325,  49,-152, -18,-684,-614;
  -2,-163,-150,-318,  54,-149, -22,-676,-608;
  -4,-164,-149,-313,  57,-148, -26,-668,-605;
  -4,-164,-145,-305,  61,-147, -32,-660,-604;
  -8,-160,-148,-301,  61,-144, -29,-661,-599;
  -4,-157,-145,-297,  62,-140, -24,-645,-597;
  -5,-156,-150,-296,  60,-135, -25,-641,-601;
  -7,-153,-143,-296,  65,-130, -28,-632,-594;
  -5,-151,-146,-297,  70,-127, -34,-619,-592;
  -4,-149,-149,-302,  73,-121, -20,-609,-593;
   1,-144,-150,-310,  77,-116, -27,-601,-592;
   0,-145,-150,-318,  80,-110, -18,-600,-591;
  -2,-145,-141,-327,  83,-108,  -9,-595,-585;
   0,-144,-144,-334,  88,-103,  -9,-594,-581;
   2,-143,-143,-341,  94, -98,  -3,-581,-578;
   3,-142,-142,-346, 102, -92,   0,-573,-570;
   4,-142,-140,-350, 109, -87,   3,-583,-567;
   1,-139,-143,-350, 118, -83,   6,-574,-567;
   2,-147,-132,-351, 124, -78,  13,-573,-559;
   3,-138,-136,-351, 129, -75,  10,-571,-549;
   3,-137,-136,-349, 131, -72,   5,-574,-536;
   4,-139,-134,-347, 130, -73,   7,-570,-536;
   1,-137,-135,-345, 126, -72,   8,-573,-540;
   4,-140,-133,-348, 119, -76,   0,-572,-544;
   0,-136,-137,-353, 110, -82,   0,-575,-545;
   0,-139,-133,-363,  97, -90,  -2,-575,-541;
  -1,-140,-139,-376,  81,-101,  -3,-584,-560;
   0,-144,-143,-389,  64,-111,  -5,-586,-564;
   0,-144,-140,-401,  46,-123,  -7,-594,-577;
   0,-144,-144,-412,  29,-131, -11,-601,-580;
   1,-152,-148,-419,  15,-142,  -9,-619,-598;
   1,-155,-153,-425,   4,-149,  -2,-630,-605;
   1,-158,-154,-428,  -4,-157,  -2,-645,-607;
   3,-163,-154,-431, -13,-161,   2,-670,-613;
  -1,-164,-156,-424, -19,-165,   5,-678,-627;
   3,-171,-157,-411, -24,-170,  14,-695,-633;
   4,-172,-164,-391, -30,-175,  12,-703,-652;
   2,-178,-166,-368, -35,-178,  12,-718,-660;
   2,-181,-172,-340, -42,-183,   7,-725,-672;
   1,-183,-170,-312, -51,-187,  -2,-738,-679;
  -3,-183,-171,-283, -60,-190,  -3,-751,-701;
  -4,-187,-169,-256, -71,-190, -11,-749,-701;
  -3,-184,-171,-236, -84,-191, -13,-750,-704;
  -4,-187,-176,-218, -93,-188, -23,-756,-707;
  -5,-188,-175,-201,-101,-182, -22,-763,-709;
  -6,-187,-173,-187,-104,-176, -26,-767,-712;
  -9,-190,-174,-173,-103,-165, -33,-770,-706;
  -8,-190,-175,-158,-102,-155, -41,-766,-707;
 -11,-190,-177,-144, -98,-145, -36,-764,-703;
  -8,-191,-173,-126, -92,-134, -29,-770,-714;
  -3,-190,-175,-106, -83,-124, -17,-770,-715;
   0,-188,-177, -82, -74,-115,  -8,-767,-714;
   1,-187,-178, -59, -60,-106,   2,-762,-724;
   2,-186,-177, -38, -46, -96,   7,-756,-723;
   2,-187,-181, -21, -35, -86,  15,-762,-733;
   4,-185,-183,  -8, -27, -80,  21,-758,-729;
   7,-187,-181,   1, -24, -78,  20,-759,-733;
   8,-188,-184,   6, -23, -79,  28,-759,-744;
   9,-188,-189,   8, -21, -82,  37,-759,-747;
  13,-186,-188,  10, -20, -88,  45,-757,-738;
  10,-183,-186,  12, -20, -93,  47,-755,-754;
  13,-183,-188,  19, -19, -98,  44,-755,-753;
  12,-187,-187,  26, -18,-104,  45,-752,-751;
  10,-187,-183,  34, -19,-113,  40,-753,-750;
  10,-186,-185,  42, -24,-120,  36,-750,-750;
   7,-184,-182,  45, -33,-129,  25,-747,-743;
   4,-185,-184,  43, -43,-136,  21,-751,-742;
   4,-185,-182,  39, -57,-140,  13,-746,-732;
   1,-183,-180,  33, -71,-146,   8,-742,-727;
   1,-181,-179,  28, -89,-149,   4,-738,-723;
   0,-182,-183,  22,-104,-151,  -1,-735,-726;
   0,-181,-179,  19,-116,-150,  -1,-737,-724;
   0,-179,-179,  20,-123,-141,  -9,-724,-720;
   0,-180,-179,  21,-128,-134, -10,-723,-718;
  -2,-178,-176,  26,-129,-123, -18,-721,-718;
  -6,-177,-178,  31,-126,-111, -18,-720,-713;
  -4,-175,-180,  38,-124, -98, -15,-712,-714;
  -2,-173,-179,  46,-119, -89, -16,-707,-707;
  -2,-174,-174,  54,-112, -79, -14,-702,-716;
   0,-171,-174,  60,-106, -69,  -8,-703,-716;
   2,-173,-179,  66,-101, -63, -11,-701,-709;
  -2,-172,-179,  70, -97, -57,  -4,-696,-715;
   3,-176,-174,  74, -93, -52,  -3,-702,-714;
   0,-175,-179,  81, -93, -50,  -7,-709,-726;
  -1,-177,-180,  85, -93, -51,  -2,-715,-727;
   0,-175,-189,  89, -92, -55,   2,-715,-729;
   0,-178,-186,  93, -91, -58,   1,-722,-743;
   0,-178,-187,  96, -94, -61,   0,-729,-756;
   0,-179,-191,  94, -94, -63,   9,-737,-754;
   0,-181,-191,  90, -96, -64,   4,-740,-766;
   2,-182,-186,  82, -92, -64,  -5,-746,-771;
  -1,-184,-190,  69, -89, -61, -10,-756,-771;
  -3,-185,-190,  52, -91, -56, -16,-754,-767;
  -9,-186,-194,  34, -94, -52, -24,-754,-766;
  -9,-186,-190,  17,-101, -48, -27,-757,-766;
 -10,-186,-190,   3,-106, -41, -33,-754,-753;
  -9,-181,-182,  -9,-113, -32, -42,-747,-749;
  -6,-183,-181, -16,-121, -26, -34,-747,-741;
 -14,-180,-183, -18,-134, -20, -41,-749,-732;
  -8,-183,-184, -16,-147, -16, -31,-742,-728;
  -7,-182,-179,  -8,-158, -10, -27,-741,-731;
  -7,-183,-183,   5,-166,  -5, -25,-736,-724;
  -1,-183,-181,  22,-172,  -1,  -8,-739,-727;
   0,-179,-184,  44,-176,   2,  -2,-740,-734;
   2,-181,-184,  66,-172,   4,   9,-735,-743;
   7,-179,-180,  88,-163,   8,  21,-728,-745;
  10,-181,-187, 111,-153,  12,  35,-735,-746;
   8,-180,-187, 129,-141,  12,  41,-736,-758;
  12,-183,-190, 144,-125,  14,  52,-727,-750;
  15,-179,-187, 150,-109,  18,  51,-737,-761;
  15,-182,-187, 148, -95,  17,  52,-739,-762;
  14,-180,-188, 135, -88,  14,  49,-736,-754;
  10,-180,-190, 120, -82,   5,  33,-739,-763;
   2,-179,-185, 106, -80,  -5,  30,-734,-753;
   6,-178,-189,  92, -81, -11,  23,-741,-761;
   3,-185,-184,  79, -89, -19,  11,-746,-752;
   1,-183,-189,  66,-103, -28,   6,-748,-754;
   4,-182,-188,  62,-116, -37,   1,-752,-742;
  -1,-185,-184,  62,-127, -52,  -6,-755,-746;
  -2,-190,-181,  68,-141, -57,  -8,-763,-741;
  -2,-187,-181,  78,-159, -58, -13,-761,-739;
   0,-188,-185,  95,-164, -55,  -7,-770,-752;
  -4,-189,-181, 112,-163, -58,  -7,-774,-750;
  -2,-189,-187, 129,-159, -56, -13,-770,-750;
   0,-190,-187, 149,-154, -52,  -7,-770,-752;
   0,-186,-188, 164,-144, -46, -10,-768,-751;
  -1,-188,-186, 173,-134, -39,  -3,-755,-741;
   5,-185,-184, 176,-124, -34,   0,-755,-750;
   2,-183,-186, 178,-116, -33,   7,-744,-753;
   3,-180,-190, 178,-105, -24,   4,-734,-752;
  10,-179,-189, 177, -93, -16,  19,-733,-763;
   9,-178,-185, 172, -79, -17,  25,-720,-768;
  11,-176,-193, 165, -67, -17,  35,-720,-771;
  10,-173,-188, 158, -52, -21,  41,-716,-773;
  14,-178,-192, 151, -42, -26,  43,-721,-772;
  12,-181,-189, 140, -33, -32,  48,-717,-764;
   8,-173,-191, 133, -21, -43,  39,-714,-769;
   7,-175,-189, 123, -22, -43,  31,-725,-770;
   7,-173,-193, 114, -21, -44,  35,-724,-771;
   1,-179,-193, 104, -20, -45,  18,-724,-775;
   7,-179,-190,  93, -16, -40,   9,-739,-771;
   1,-182,-188,  82, -17, -39,   0,-742,-767;
   0,-188,-185,  73, -26, -36, -11,-761,-762;
  -7,-191,-190,  65, -34, -33, -21,-775,-758;
  -9,-193,-188,  63, -38, -25, -45,-813,-768;
  -6,-185,-173,  62, -38, -18, -29,-784,-737;
  -7,-197,-186,  78, -57,  -9, -29,-801,-750;
  -7,-202,-195, 103, -55,   1, -20,-805,-756;
 -13,-194,-197, 129, -41,   3, -39,-803,-755;
 -10,-211,-180, 153, -36,  14, -34,-797,-757;
  -9,-193,-180, 175, -43,  21, -38,-794,-754;
  -6,-197,-191, 197, -50,  30, -33,-788,-752;
  -7,-193,-190, 220, -46,  36, -20,-780,-750;
  -8,-189,-191, 241, -38,  33, -35,-776,-757;
 -15,-184,-184, 249, -46,  37, -39,-751,-759;
  -7,-196,-191, 256, -53,  47, -27,-753,-739;
   1,-186,-185, 273, -63,  48, -16,-762,-753;
  -3,-175,-178, 281, -63,  42, -20,-754,-757;
   0,-185,-181, 281, -68,  40, -26,-749,-752;
  -3,-190,-192, 270, -73,  52,  -7,-755,-743;
   1,-187,-182, 257, -76,  48,   8,-755,-748;
   2,-182,-177, 246, -67,  45,   0,-750,-735;
  18,-149,-188, 227, -63,  53,  45,-672,-658;
  -1,-192,-218, 249, -83,  55,  39,-770,-720;
  22,-201,-151, 265, -42,  43,  30,-772,-732;
  21,-191,-146, 265, -22,  39,  18,-773,-728;
   7,-178,-184, 256, -47,  46,  21,-773,-710;
   2,-192,-206, 247, -59,  50,  42,-791,-711;
   0,-200,-194, 242, -27,  37,  29,-786,-711;
  12,-190,-142, 236,  -1,  37,  -6,-769,-714;
  16,-187,-158, 233, -16,  54,  39,-781,-706;
   0,-191,-197, 233, -54,  47,  24,-778,-707;
  -3,-193,-207, 240, -52,  44,  29,-778,-705;
   0,-189,-180, 252, -23,  41,  10,-769,-697;
  15,-184,-150, 263, -26,  39,  28,-765,-711;
  -2,-190,-175, 272, -62,  28,   3,-777,-688;
 -10,-187,-198, 283, -85,  26, -13,-762,-703;
   2,-189,-187, 279, -75,  37,  23,-777,-710;
   6,-186,-170, 263, -78,  25,  -6,-766,-707;
   4,-190,-167, 246,-101,  14,  -5,-762,-706;
  -7,-189,-186, 237,-139,  23,  -5,-781,-696;
  -3,-189,-192, 239,-147,  28,  11,-788,-697;
   1,-193,-176, 240,-130,  17,   8,-796,-692;
   9,-195,-154, 245,-127,  12,  -4,-793,-693;
   0,-195,-185, 254,-142,  12,  -3,-795,-692;
  -7,-195,-195, 260,-143,  16,  -7,-805,-700;
  -7,-196,-177, 264,-113,  14,  -8,-810,-692;
   4,-192,-155, 269, -91,  11,  -9,-791,-702;
  -3,-195,-174, 261, -98,  11, -17,-787,-704;
 -12,-189,-191, 250, -96,   5, -29,-784,-695;
 -12,-192,-180, 239, -69,   1, -23,-788,-694;
 -11,-141,-182, 223, -51,  -9, -60,-740,-631;
  -7,-205,-193, 227, -34, -11,   3,-784,-692;
  10,-214,-143, 235, -12, -19, -19,-795,-711;
  -2,-192,-163, 231, -20, -34, -18,-785,-694;
 -13,-174,-189, 227, -31, -43, -20,-782,-689;
 -15,-193,-200, 229,  -5, -49, -24,-793,-693;
  -1,-201,-171, 232,  29, -52, -17,-790,-694;
   5,-199,-150, 235,  32, -52,  -8,-794,-691;
  -7,-188,-177, 241,  14, -63, -17,-789,-702;
 -13,-194,-192, 248,  24, -69, -19,-785,-690;
  -5,-198,-186, 256,  61, -72, -25,-779,-693;
  -2,-190,-154, 261,  82, -76, -31,-788,-690;
  -3,-187,-167, 271,  67, -71, -39,-789,-684;
 -15,-194,-191, 283,  53, -63, -32,-787,-685;
 -16,-196,-189, 280,  67, -67, -36,-782,-681;
  -5,-189,-163, 263,  81, -76, -36,-780,-679;
   0,-189,-147, 245,  62, -74, -44,-785,-668;
 -14,-193,-178, 228,  36, -71, -36,-792,-667;
 -14,-195,-185, 217,  30, -66, -32,-796,-665;
  -7,-196,-170, 208,  41, -60, -29,-804,-663;
  -1,-199,-150, 204,  36, -57, -27,-812,-675;
   0,-200,-151, 206,   9, -59, -23,-817,-671;
 -13,-201,-183, 212,  -4, -57, -27,-813,-668;
  -9,-199,-181, 227,   8, -55, -26,-818,-682;
  -2,-202,-157, 242,  22, -50, -24,-820,-675;
   1,-199,-156, 262,  12, -42, -24,-817,-693;
 -12,-200,-187, 277,   3, -33, -21,-818,-690;
  -4,-196,-183, 287,  21, -27, -13,-804,-696;
  -1,-194,-172, 285,  40, -25, -11,-799,-704;
   0,-193,-160, 270,  46, -25, -13,-798,-705;
  -1,-192,-165, 251,  46, -20, -12,-794,-699;
  -5,-193,-179, 231,  56, -18, -17,-796,-692;
   0,-196,-169, 214,  72, -15, -20,-793,-672;
   0,-195,-156, 202,  77, -11, -13,-797,-658;
   0,-193,-152, 201,  68,  -6, -17,-798,-647;
  -4,-194,-160, 210,  59,  -2, -23,-799,-641;
  -4,-193,-164, 222,  63,   1, -24,-790,-637;
  -9,-191,-156, 231,  64,   2, -29,-781,-636;
  -8,-191,-154, 233,  53,   5, -33,-776,-638;
  -9,-189,-154, 228,  41,   5, -43,-781,-640;
 -12,-191,-166, 222,  38,   6, -47,-775,-643;
 -11,-189,-154, 211,  44,   2, -53,-775,-642;
 -11,-188,-153, 199,  38,   3, -53,-773,-639;
 -13,-189,-153, 189,  22,   1, -58,-777,-641;
 -13,-192,-162, 180,  13,   0, -62,-780,-640;
 -16,-197,-172, 174,  13,  -1, -57,-787,-638;
 -10,-195,-156, 169,  10,  -2, -55,-792,-639;
  -9,-192,-150, 167,   6,   0, -55,-787,-649;
 -11,-192,-162, 168,  -3,   1, -50,-788,-642;
 -10,-193,-167, 169,  -4,   1, -40,-794,-651;
 -12,-191,-165, 171,   1,  -1, -36,-785,-655;
  -6,-191,-158, 171,   8,   1, -31,-788,-651;
  -7,-193,-158, 171,   9,   3, -27,-791,-654;
  -2,-194,-160, 168,   8,   5, -22,-791,-652;
  -8,-195,-164, 167,  16,   4, -24,-794,-644;
  -3,-193,-159, 168,  25,   3, -20,-790,-642;
  -4,-193,-157, 171,  26,   1, -21,-794,-635;
  -5,-191,-161, 173,  21,  -1, -15,-790,-629;
  -4,-190,-164, 172,  20,  -3, -23,-783,-633;
  -3,-191,-158, 170,  23,  -6, -25,-786,-631;
  -3,-189,-151, 168,  25, -10, -24,-783,-633;
  -3,-190,-151, 167,  19, -12, -31,-783,-626;
  -7,-190,-152, 166,  14, -13, -26,-780,-625;
  -5,-192,-157, 167,  15, -11, -28,-780,-621;
  -6,-187,-158, 165,  20, -14, -21,-780,-626;
  -2,-194,-154, 162,  23, -11, -26,-777,-619;
  -7,-194,-155, 162,  22,  -9, -27,-785,-615;
  -4,-190,-161, 166,  21, -10, -13,-784,-629;
  -2,-192,-156, 165,  32, -10, -10,-782,-635;
  -2,-190,-159, 164,  39,  -7, -10,-784,-634;
  -1,-191,-154, 160,  48,  -7,  -6,-785,-637;
  -1,-192,-157, 150,  53,  -6,  -9,-782,-631;
  -2,-192,-156, 140,  58,  -4,  -7,-790,-624;
   1,-192,-156, 135,  60,  -1,  -5,-797,-618;
   0,-193,-152, 130,  65,   3,   0,-802,-620;
  -1,-197,-153, 129,  63,   2,  -5,-801,-615;
   1,-198,-154, 129,  64,   5,  -3,-810,-608;
   0,-196,-150, 130,  65,   8,  -4,-802,-608;
  -1,-194,-149, 131,  67,  10,  -7,-803,-613;
   1,-196,-145, 128,  69,  15,  -5,-801,-606;
   1,-193,-148, 130,  66,  18, -14,-809,-600;
   0,-195,-148, 136,  63,  20, -19,-804,-593;
  -3,-193,-151, 139,  62,  21, -13,-801,-606;
  -6,-194,-151, 137,  57,  20, -21,-801,-604;
   0,-195,-151, 128,  55,  18, -21,-802,-595;
  -3,-194,-144, 122,  50,  15, -21,-802,-597;
  -3,-196,-151, 115,  40,  15, -26,-795,-587;
  -5,-194,-153, 114,  34,  13, -32,-802,-595;
 -10,-195,-129, 112,  31,  16, -35,-801,-595;
  -8,-194,-141, 115,  27,  15, -31,-801,-594;
  -6,-192,-149, 115,  18,  13, -35,-800,-593;
  -7,-194,-149, 112,  14,  13, -31,-797,-585;
  -9,-196,-153, 112,  15,  12, -35,-799,-593;
  -9,-195,-150, 111,  18,  11, -32,-800,-599;
  -4,-193,-150, 109,  17,   9, -36,-804,-594;
  -7,-194,-152, 104,  17,   7, -39,-801,-603;
  -5,-195,-162,  98,  23,   5, -36,-801,-606;
  -7,-196,-147,  95,  31,   5, -31,-807,-598;
 -10,-196,-151,  95,  38,   2, -32,-808,-606;
 -10,-197,-150,  97,  42,   0, -37,-802,-604;
  -8,-194,-150, 100,  47,   0, -32,-804,-609;
  -9,-193,-152, 101,  52,  -3, -37,-806,-615;
  -8,-197,-151, 102,  55,  -4, -36,-807,-611;
  -4,-197,-148, 104,  57,  -3, -32,-805,-609;
  -7,-194,-150, 106,  58,  -4, -32,-805,-606;
  -9,-196,-151, 106,  60,  -2, -36,-804,-602;
  -8,-196,-151, 113,  62,   3, -25,-807,-606;
  -4,-195,-149, 119,  62,   3, -33,-811,-610;
 -42,-248,-154, 118,  60,  -1, -43,-833,-623;
  16,-209,-113, 117,  97, -23, -34,-731,-565;
 -12,-221,-162, 121,  27,   7, -11,-816,-600;
 -25,-172,-190, 121,  28,  -3, -35,-805,-608;
 -17,-181,-175, 119,  61,  -9, -37,-804,-605;
   0,-212,-133, 110,  59, -11, -41,-801,-608;
  -3,-210,-144, 102,  15, -12, -36,-809,-607;
 -19,-187,-180,  96,  -2,  -9, -43,-801,-607;
 -19,-189,-180,  96,  23, -11, -33,-809,-608;
  -8,-206,-150,  99,  40, -11, -36,-801,-609;
   2,-206,-134,  99,  18,  -8, -24,-804,-612;
 -13,-192,-170,  99,  -4,  -6, -32,-810,-611;
 -15,-195,-185, 102,   8,  -6, -25,-808,-628;
  -9,-201,-167, 105,  39, -10, -21,-810,-632;
   3,-201,-136, 102,  42, -11, -21,-815,-627;
  -5,-197,-157,  97,  22, -11, -25,-812,-626;
 -12,-197,-179,  95,  24,  -8, -22,-825,-626;
  -6,-202,-171,  95,  53,  -7, -18,-821,-621;
   0,-203,-147,  94,  68,  -7, -16,-822,-630;
   4,-199,-130,  91,  68,  -7, -15,-823,-621;
  -9,-198,-169,  93,  48,  -3, -13,-818,-623;
 -11,-200,-178,  97,  39,  -1, -14,-823,-625;
  -1,-203,-155, 102,  55,  -1, -14,-823,-621;
   3,-200,-136, 106,  68,   0, -16,-820,-619;
   5,-195,-139, 106,  44,  -2, -18,-820,-630;
 -11,-200,-175, 100,  22,  -5, -25,-817,-628;
  -8,-202,-165,  95,  22,  -7, -25,-827,-618;
  -1,-202,-145,  91,  35,  -8, -18,-819,-634;
   2,-200,-139,  89,  25,  -9, -24,-829,-630;
  -4,-199,-154,  87,   2,  -8, -24,-829,-630;
  -9,-202,-169,  88,  -4,  -9, -22,-825,-629;
  -4,-201,-156,  88,  12,  -8, -23,-821,-633;
   0,-199,-143,  90,  26,  -6, -25,-817,-632;
  -1,-200,-153,  94,  21,  -3, -28,-816,-641;
 -10,-196,-167,  97,  17,  -1, -23,-817,-635;
  -4,-198,-161, 102,  32,  -2, -19,-816,-630;
   0,-198,-147, 106,  51,  -3, -19,-819,-632;
   2,-197,-148, 108,  48,  -5, -11,-811,-631;
  -1,-197,-159, 109,  37,  -6, -16,-814,-626;
  -6,-197,-165, 108,  41, -10, -14,-812,-629;
   0,-197,-151, 109,  55, -13,  -8,-812,-627;
   1,-200,-140, 109,  57, -15, -14,-817,-622;
   1,-200,-151, 107,  46, -18, -11,-815,-617;
  -9,-198,-162, 107,  39, -20, -19,-814,-614;
   2,-200,-152, 107,  42, -20, -22,-819,-616;
   1,-197,-141, 105,  48, -21, -19,-816,-615;
  -2,-198,-146, 105,  39, -20, -18,-814,-613;
  -7,-200,-156, 103,  30, -19, -22,-816,-615;
  -8,-201,-158, 103,  32, -15, -27,-814,-610;
   1,-203,-143, 105,  40, -12, -12,-831,-612;
   0,-198,-148, 105,  42, -13, -12,-816,-617;
   1,-199,-159, 103,  37, -17, -13,-829,-610;
  -4,-203,-163, 100,  40, -22, -10,-823,-613;
  -4,-198,-160,  99,  49, -24,  -7,-821,-610;
   2,-202,-144,  98,  56, -25,  -7,-820,-614;
   2,-202,-151,  99,  51, -26, -10,-818,-611;
  -3,-201,-154,  99,  45, -27,  -5,-820,-613;
   0,-202,-153, 101,  47, -28, -12,-825,-612;
   0,-199,-155, 103,  50, -28, -12,-824,-614;
  -1,-203,-148, 106,  46, -29, -17,-825,-609;
   0,-200,-151, 106,  37, -30, -12,-829,-613;
  -4,-202,-160, 107,  35, -29, -17,-830,-611;
  -6,-200,-156, 104,  40, -30, -16,-828,-613;
  -1,-203,-150,  99,  43, -29, -16,-825,-610;
   0,-204,-150,  93,  41, -28, -11,-829,-607;
  -1,-203,-153,  89,  41, -26, -12,-827,-599;
  -1,-206,-149,  88,  46, -26, -11,-835,-602;
  -2,-200,-150,  90,  54, -25, -13,-837,-596;
   1,-203,-149,  95,  57, -21,  -6,-842,-595;
   1,-204,-146,  99,  57, -19,  -5,-836,-596;
   3,-204,-152, 103,  58, -18,   8,-835,-597;
   1,-202,-151, 107,  62, -17,   4,-834,-594;
  -1,-203,-146, 110,  61, -18,   0,-829,-594;
 -18,-209,-132, 110,  52, -15, -48,-852,-542;
   6,-202,-156, 122,  23, -10,  14,-821,-603;
  -5,-200,-160, 118,  34, -16,  -4,-827,-587;
   1,-199,-142, 115,  39, -18,   6,-823,-585;
   4,-202,-139, 112,  31, -18,  -3,-824,-576;
   0,-199,-151, 109,  15, -17,   1,-819,-581;
  -1,-203,-154, 103,   9, -16,  -1,-822,-574;
  -3,-197,-145,  98,  12, -14, -12,-817,-578;
   1,-197,-140,  92,   8, -14,  -9,-817,-574;
   1,-198,-134,  85,  -3, -10, -17,-811,-577;
  -7,-195,-150,  79,  -8,  -8, -19,-814,-578;
  -5,-195,-147,  73,  -4,  -8, -13,-813,-585;
   1,-199,-142,  64,   4,  -6, -20,-811,-579;
   0,-197,-139,  52,   0,  -5, -19,-807,-587;
   0,-198,-139,  40,  -6,  -4, -17,-810,-580;
  -5,-198,-150,  36,  -2,  -3, -16,-812,-594;
  -6,-198,-148,  29,   4,  -3, -15,-811,-591;
   2,-200,-137,  24,   1,  -3, -13,-812,-593;
   1,-197,-145,  20,  -9,  -3, -10,-821,-597;
   1,-202,-148,  15, -16,  -4, -12,-813,-600;
   0,-205,-154,  14, -15,  -3, -10,-817,-603;
   1,-200,-150,  14, -18,  -5, -10,-818,-602;
   2,-203,-148,  13, -27,  -3,  -9,-816,-610;
  -1,-201,-151,  14, -35,  -7,  -4,-818,-610;
  -1,-197,-158,  17, -35,  -6,  -8,-817,-615;
   1,-198,-155,  18, -34,  -8,  -4,-809,-619;
   2,-197,-151,  16, -34, -10,  -1,-811,-617;
   0,-195,-149,  15, -30, -12,  -3,-811,-628;
   2,-197,-156,  13, -28, -12,  -5,-808,-621;
  -2,-194,-156,  12, -21, -15,  -7,-807,-627;
   0,-194,-149,  10, -13, -15,  -7,-810,-618;
   0,-197,-153,   9,  -8, -14,  -7,-808,-616;
   0,-198,-152,   9,  -7, -14, -11,-811,-607;
  -3,-200,-153,  11,  -4, -13,  -8,-812,-608;
  -1,-199,-147,  16,   1, -11,  -8,-813,-602;
   1,-200,-143,  22,   1, -11, -10,-815,-600;
  -1,-197,-148,  27,  -2, -10,  -7,-812,-606;
   0,-200,-152,  33,  -5, -12, -10,-810,-608;
   1,-200,-147,  39,  -3, -10,  -9,-815,-595;
  -3,-197,-145,  45,  -3, -12,  -9,-816,-599;
   0,-201,-147,  51,  -5, -12,  -5,-815,-594;
   0,-201,-154,  55,  -8, -12,  -9,-813,-587;
  -2,-196,-147,  59,  -7, -13,  -6,-813,-595;
  -3,-197,-148,  62,  -6, -15, -10,-811,-591;
   0,-199,-148,  65,  -5, -20, -11,-808,-594;
   0,-196,-147,  68,  -8, -24, -14,-810,-594;
  -2,-196,-150,  71,  -8, -27, -15,-802,-603;
  -2,-196,-148,  71, -10, -28, -11,-796,-601;
  -4,-194,-146,  73,  -9, -30, -10,-797,-607;
   0,-191,-149,  76, -10, -29,  -9,-796,-604;
   0,-193,-151,  80, -13, -30,  -7,-800,-610;
  -1,-192,-152,  83, -12, -29,  -7,-790,-606;
   0,-195,-150,  81,  -9, -26,  -5,-791,-610;
  -2,-192,-146,  79,  -8, -23, -12,-786,-599;
   0,-194,-150,  76,  -8, -20,  -9,-791,-600;
   0,-194,-151,  71,  -6, -17, -16,-793,-598;
   0,-192,-147,  66,  -4, -14, -12,-791,-594;
  -1,-195,-146,  56,  -3, -13, -17,-795,-593;
  -5,-193,-145,  47,  -2, -12, -18,-796,-591;
  -6,-194,-147,  37,  -2, -13, -22,-800,-589;
  -6,-194,-149,  29,  -3, -15, -24,-804,-589;
  -8,-196,-147,  22,   1, -16, -26,-805,-588;
  -3,-195,-144,  15,  -1, -16, -28,-812,-591;
  -6,-199,-145,  14,  -3, -15, -26,-813,-589;
  -3,-199,-149,  18,  -2, -15, -22,-820,-593;
  -3,-204,-146,  25,  -1, -16, -24,-816,-599;
  -6,-200,-144,  34,  -2, -15, -25,-814,-588;
  -5,-201,-149,  44,  -5, -15, -24,-819,-606;
  -4,-197,-148,  52, -10, -15, -22,-815,-603;
   0,-199,-152,  55, -11, -15, -23,-813,-607;
  -3,-198,-149,  56, -13, -16, -16,-814,-607;
  -4,-198,-149,  59, -13, -16, -19,-810,-610;
  -4,-196,-149,  60, -16, -16, -16,-810,-603;
   0,-196,-149,  63, -17, -17, -20,-808,-610;
  -2,-195,-152,  65, -17, -17, -18,-806,-604;
  -3,-198,-147,  65, -20, -18, -17,-805,-600;
  -5,-193,-149,  65, -20, -19, -18,-799,-603;
  -2,-194,-149,  66, -21, -19, -19,-802,-596;
   0,-201,-147,  68, -20, -20, -23,-804,-596;
  -5,-198,-147,  71, -19, -20, -18,-799,-605;
   1,-198,-152,  76, -18, -21, -18,-799,-601;
  -2,-197,-148,  78, -16, -20, -15,-792,-594;
  -2,-194,-153,  80, -13, -20, -11,-794,-600;
  -3,-193,-151,  79,  -7, -18, -10,-790,-600;
  -3,-195,-147,  79,   0, -18, -13,-792,-602;
   2,-194,-147,  80,   8, -16,  -5,-784,-598;
  -2,-192,-149,  79,  14, -15,  -3,-786,-597;
   0,-191,-148,  78,  22, -15, -12,-789,-598;
   0,-191,-144,  78,  28, -14, -12,-783,-589;
   0,-192,-147,  78,  32, -16,  -8,-781,-586;
  -1,-192,-144,  77,  36, -13, -15,-780,-588;
  -3,-190,-146,  75,  35, -16, -19,-778,-585;
   0,-188,-146,  73,  31, -17, -19,-780,-587;
  -4,-190,-147,  70,  30, -15, -18,-772,-585;
  -7,-189,-145,  64,  26, -16, -24,-775,-595;
  -1,-190,-148,  61,  20, -15, -24,-775,-592;
  -6,-189,-150,  57,  14, -14, -21,-775,-595;
  -1,-190,-147,  53,  10, -10, -26,-780,-600;
  -4,-188,-150,  49,   8,  -8, -21,-780,-612;
  -3,-191,-152,  45,   8,  -7, -18,-782,-610;
  -5,-193,-152,  41,   9,  -5, -22,-791,-607;
  -3,-195,-149,  41,  10,  -6, -17,-793,-610;
  -3,-194,-151,  41,  13,  -4, -23,-800,-608;
  -3,-193,-152,  42,  15,  -4, -21,-800,-608;
  -3,-199,-150,  44,  17,  -7, -16,-801,-602;
  -6,-195,-148,  48,  17, -11, -23,-804,-604;
  -5,-194,-147,  52,  16, -14, -22,-801,-592;
  -1,-193,-150,  53,  14, -16, -28,-800,-603;
  -2,-194,-153,  54,  11, -19, -22,-794,-607;
  -3,-196,-152,  53,  10, -23, -29,-796,-611;
  -5,-193,-149,  55,  11, -24, -28,-794,-608;
  -7,-195,-148,  56,  11, -27, -31,-800,-608;
  -8,-193,-153,  58,  13, -27, -25,-797,-606;
  -6,-194,-149,  63,  13, -30, -33,-804,-607;
  -5,-197,-149,  66,  14, -29, -34,-810,-611;
  -7,-200,-147,  66,  13, -28, -28,-811,-605;
  -8,-198,-148,  68,  14, -28, -27,-816,-604;
  -7,-200,-148,  70,  13, -31, -23,-820,-603;
  -3,-202,-150,  77,  12, -33, -20,-819,-598;
  -1,-203,-145,  83,  10, -33, -12,-830,-599;
   0,-206,-149,  89,   6, -33, -14,-824,-594;
   0,-202,-150,  91,   2, -36, -13,-823,-595;
   0,-201,-150,  93,   0, -36, -11,-824,-600;
  -3,-199,-151,  91,  -2, -38, -14,-826,-606;
  -2,-202,-147,  89,  -4, -41,  -9,-829,-603;
   1,-204,-144,  87,  -6, -41,  -9,-825,-602;
  -1,-203,-147,  86,  -5, -42, -15,-834,-608;
   0,-203,-151,  87,  -4, -43, -11,-835,-604;
  -4,-204,-152,  86,   1, -43, -20,-837,-601;
  -7,-204,-149,  86,   2, -43, -17,-835,-611;
   0,-204,-150,  88,   8, -40, -20,-830,-609;
  -1,-204,-149,  90,  16, -36, -20,-827,-610;
  -4,-201,-153,  91,  23, -32, -23,-826,-611;
  -5,-202,-150,  89,  28, -31, -21,-826,-610;
  -2,-204,-150,  87,  31, -31, -21,-827,-602;
  -1,-200,-151,  85,  35, -30, -18,-822,-596;
  -2,-203,-149,  83,  37, -28, -19,-826,-597;
  -2,-202,-145,  82,  36, -31, -26,-823,-587;
  -5,-201,-143,  82,  31, -33, -24,-823,-594;
  -3,-197,-148,  81,  24, -35, -24,-816,-593;
  -1,-202,-148,  81,  18, -37, -26,-820,-590;
  -5,-199,-144,  80,  10, -40, -21,-817,-591;
  -2,-202,-144,  77,   2, -40, -24,-821,-593;
  -1,-201,-143,  73,  -5, -41, -28,-821,-588;
  -6,-199,-147,  67, -10, -40, -22,-819,-588;
  -7,-198,-150,  62, -11, -39, -23,-821,-594;
  -4,-200,-150,  62, -12, -37, -25,-821,-598;
  -5,-201,-148,  60, -10, -33, -24,-821,-599;
  -3,-202,-148,  59,  -9, -31, -18,-825,-599;
  -3,-200,-149,  57,  -5, -28, -17,-824,-605;
  -2,-201,-152,  56,  -1, -25, -12,-822,-605;
  -2,-202,-150,  52,   2, -24, -14,-825,-603;
  -2,-201,-149,  52,   5, -22, -11,-826,-603;
   0,-202,-148,  53,   7, -23, -10,-829,-595;
   2,-201,-148,  56,  12, -23,  -5,-828,-591;
   1,-203,-150,  60,  13, -23,  -8,-826,-587;
   4,-202,-149,  64,  13, -23,  -3,-826,-598;
   1,-201,-144,  67,  12, -24,  -1,-824,-591;
   1,-201,-146,  69,  11, -26,  -7,-823,-592;
   1,-199,-149,  69,  10, -25, -10,-819,-591;
  -3,-200,-148,  69,   7, -25, -14,-816,-593;
   0,-201,-149,  66,   5, -26, -11,-813,-589;
  -3,-199,-146,  63,   3, -25, -10,-813,-588;
  -2,-198,-147,  62,   3, -23, -13,-808,-596;
  -1,-196,-146,  62,   2, -23, -13,-810,-586;
  -1,-200,-149,  64,   3, -22,  -9,-811,-586;
  -2,-193,-147,  66,   2, -21, -13,-814,-581;
   0,-198,-143,  68,   2, -19,  -7,-811,-588;
  -5,-198,-144,  69,   2, -16,  -8,-813,-583;
 -11,-206,-143,  71,   1, -14, -12,-811,-584;
   3,-202,-147,  71,   0, -16, -12,-809,-590;
  -2,-198,-144,  72,   1, -15, -10,-819,-587;
   2,-199,-145,  73,   1, -13,  -8,-811,-588;
  -1,-199,-146,  72,  -1, -12, -13,-816,-582;
   0,-198,-146,  70,  -1, -14,  -8,-815,-582;
   1,-197,-146,  71,  -2, -15,  -9,-813,-587;
  -1,-197,-143,  70,  -3, -14,  -5,-811,-585;
   0,-197,-145,  69,  -6, -16, -16,-812,-589;
   1,-197,-146,  66,  -7, -16, -10,-810,-591;
   0,-198,-147,  64,  -9, -19,  -8,-810,-585;
   0,-194,-140,  63, -12, -21, -10,-810,-592;
   0,-195,-145,  63, -16, -23,  -5,-811,-591;
   0,-196,-146,  62, -19, -23,  -2,-810,-596;
   0,-200,-147,  57, -20, -23,  -6,-815,-592;
   0,-197,-147,  54, -22, -21,  -2,-812,-592;
   5,-198,-146,  49, -23, -21,   0,-815,-589;
   0,-199,-145,  47, -23, -19,  -2,-822,-587;
   0,-199,-148,  48, -21, -18,   1,-823,-578;
   2,-202,-144,  50, -19, -19,   0,-824,-577;
   1,-201,-142,  56, -15, -18,   1,-825,-583;
   3,-202,-145,  59, -14, -17,  -5,-826,-580;
   2,-206,-144,  66, -11, -18,  -3,-826,-583;
   1,-203,-144,  74,  -9, -19,  -3,-829,-587;
   2,-202,-145,  80,  -7, -20,  -2,-824,-583;
   1,-198,-147,  86,  -4, -20,  -3,-822,-586;
   0,-199,-144,  88,   1, -20,  -2,-819,-587;
   0,-201,-143,  86,   4, -23, -10,-816,-589;
  -2,-197,-144,  84,   5, -24, -11,-813,-587;
   0,-202,-144,  81,   7, -25, -18,-821,-587;
  -4,-197,-148,  78,   6, -27, -15,-818,-588;
  -5,-198,-145,  77,   5, -25, -25,-815,-586;
  -3,-198,-145,  75,   3, -27, -21,-811,-585;
  -5,-199,-140,  74,  -2, -27, -22,-815,-578;
  -3,-199,-144,  75,  -7, -25, -21,-820,-580;
  -4,-199,-147,  74, -11, -25, -14,-817,-581;
  -1,-201,-144,  73, -14, -26,  -7,-825,-575;
   0,-200,-145,  77, -19, -24, -11,-819,-576;
   0,-201,-143,  79, -22, -24, -11,-823,-585;
   0,-198,-146,  80, -25, -23, -12,-825,-587;
  -3,-200,-142,  78, -24, -20,  -3,-824,-597;
   2,-201,-147,  77, -21, -20,  -8,-823,-587;
  -3,-201,-148,  75, -19, -17,  -5,-820,-593;
  -1,-198,-151,  72, -17, -16,  -5,-830,-585;
  -1,-199,-149,  70, -15, -16,  -6,-825,-582;
  -2,-203,-141,  67,  -9, -16,  -7,-820,-593;
   3,-199,-144,  64,  -7, -15,  -7,-826,-590;
   2,-202,-144,  66,  -4, -16, -11,-822,-585;
  -3,-199,-144,  67,  -3, -18,  -5,-819,-577;
   0,-201,-146,  68,  -2, -20,  -8,-820,-580;
   0,-200,-144,  68,  -4, -22, -12,-822,-581;
  -2,-200,-141,  69,  -7, -24, -11,-823,-579;
  -5,-200,-144,  70,  -9, -26, -16,-818,-580;
   0,-198,-144,  71, -11, -27, -14,-818,-583;
  -6,-199,-144,  75, -12, -26, -19,-818,-583;
 -10,-201,-146,  76, -13, -27, -23,-820,-588;
  -2,-200,-147,  76, -14, -25, -27,-822,-585;
  -8,-197,-147,  76, -12, -23, -23,-821,-586;
  -6,-200,-144,  75, -10, -21, -23,-820,-589;
  -2,-201,-144,  75, -10, -19, -24,-817,-581;
  -6,-199,-144,  77,  -7, -19, -29,-819,-580;
  -3,-202,-149,  79,  -6, -16, -22,-825,-589;
  -3,-201,-147,  79,  -8, -16, -19,-815,-593;
  -3,-202,-144,  79,  -9, -15, -14,-820,-585;
  -6,-199,-148,  77,  -8, -14, -13,-820,-582;
  -6,-197,-144,  75,  -7, -13,  -8,-818,-585;
  -3,-201,-142,  74,  -6, -15, -11,-819,-587;
  -3,-195,-145,  72,  -8, -17,  -9,-816,-585;
   0,-197,-147,  72,  -8, -19, -12,-814,-586;
  -1,-196,-147,  70, -10, -20, -11,-810,-588;
   0,-201,-145,  69, -11, -24, -14,-812,-587;
  -2,-196,-143,  65, -12, -25, -11,-816,-593;
  -4,-197,-146,  59, -14, -27, -19,-815,-593;
  -4,-196,-146,  56, -16, -27, -22,-810,-592;
  -7,-202,-148,  50, -18, -27, -24,-814,-593;
  -4,-200,-146,  47, -20, -26, -26,-821,-595;
  -7,-201,-145,  44, -21, -26, -25,-811,-592;
  -6,-201,-146,  42, -23, -25, -23,-814,-595;
  -8,-198,-146,  39, -22, -26, -21,-816,-595;
  -5,-201,-149,  36, -19, -26, -21,-821,-605;
  -7,-199,-148,  35, -16, -27, -16,-817,-595;
  -1,-199,-148,  37, -15, -27, -16,-824,-594;
  -4,-204,-146,  39, -13, -27, -14,-823,-601;
  -2,-204,-148,  41, -12, -28,  -7,-827,-597;
   0,-203,-148,  42, -12, -30,  -9,-823,-594;
   0,-202,-148,  45, -10, -30,  -9,-835,-598;
  -1,-204,-148,  47, -11, -31,  -5,-831,-593;
 -14,-201,-155,  50,  -7, -28,  -5,-829,-596;
   0,-202,-149,  55,  -5, -27, -10,-829,-594;
   0,-203,-146,  58,  -4, -25,  -9,-826,-598;
  -4,-199,-146,  59,  -3, -25, -12,-820,-593;
  -2,-199,-146,  61,  -3, -23, -12,-819,-586;
   0,-200,-146,  62,  -1, -19,  -9,-822,-592;
  -1,-197,-149,  63,   1, -20, -14,-817,-586;
   0,-200,-146,  66,   3, -21, -13,-818,-594;
   0,-201,-145,  68,   5, -19, -13,-813,-587;
  -1,-198,-144,  73,   7, -20, -11,-815,-591;
  -2,-200,-148,  77,  12, -18, -13,-816,-591;
  -2,-199,-148,  80,  14, -17, -11,-814,-593;
  -3,-196,-144,  82,  17, -17, -11,-813,-590;
   0,-199,-143,  81,  17, -14, -12,-810,-587;
  -3,-194,-147,  80,  17, -13, -15,-811,-591;
  -4,-196,-145,  76,  17, -12, -13,-811,-587;
  -3,-195,-146,  73,  18, -11, -16,-813,-587;
  -1,-195,-145,  69,  18,  -8, -20,-811,-582;
   0,-197,-145,  66,  18,  -7, -25,-810,-583;
  -4,-194,-144,  63,  17,  -7, -17,-811,-588;
  -7,-195,-143,  60,  17,  -5, -20,-816,-586;
  -2,-198,-146,  56,  19,  -3, -18,-809,-583;
  -4,-199,-147,  54,  20,  -4, -17,-812,-584;
  -1,-202,-144,  54,  20,  -2, -17,-815,-590;
  -1,-200,-148,  53,  19,  -1, -17,-815,-577;
  -1,-202,-149,  54,  20,  -3, -12,-817,-581;
  -1,-198,-144,  55,  20,  -2, -11,-817,-579;
  -2,-199,-143,  58,  20,  -2, -13,-820,-581;
  -3,-203,-144,  60,  20,  -3, -11,-813,-586;
  -2,-198,-147,  60,  19,  -5, -17,-816,-584;
   0,-199,-145,  62,  18,  -6, -15,-818,-584;
  -2,-199,-142,  61,  17,  -6, -14,-820,-587;
   0,-200,-143,  60,  18,  -7, -17,-818,-580;
   0,-200,-145,  59,  17,  -9, -18,-821,-585;
   0,-201,-142,  60,  18,  -9, -17,-817,-576;
  -5,-197,-142,  60,  19,  -9, -15,-818,-570;
  -2,-202,-140,  59,  19, -10, -11,-824,-578;
  -3,-202,-143,  60,  18,  -9, -19,-821,-577;
  -5,-200,-139,  61,  15, -11, -17,-821,-575;
  -4,-199,-141,  62,  15, -10, -19,-818,-573;
  -3,-200,-144,  63,  13, -10, -20,-817,-577;
  -1,-201,-139,  67,  14, -11, -16,-822,-570;
  -1,-195,-139,  70,  14, -12, -17,-820,-575;
  -5,-200,-146,  73,  13, -12, -14,-823,-573;
   0,-203,-140,  75,  11, -12, -12,-821,-576;
  -1,-196,-141,  76,  10, -13,  -6,-819,-576;
   0,-199,-144,  77,   8, -13,  -6,-816,-577;
   0,-200,-142,  77,   8, -15,  -7,-816,-574;
  -1,-200,-141,  77,   9, -14,  -5,-818,-581;
   0,-199,-141,  78,   9, -14, -12,-817,-578;
  -1,-202,-145,  77,   9, -15, -10,-817,-581;
  -3,-196,-142,  74,  11, -16, -14,-815,-592;
  -2,-203,-146,  75,  15, -15, -13,-818,-586;
  -1,-200,-145,  74,  19, -13, -14,-818,-580;
  -2,-201,-146,  75,  23, -11, -20,-817,-583;
  -1,-198,-140,  76,  26, -12, -16,-817,-578;
   0,-201,-143,  76,  26, -11, -11,-817,-579;
   0,-202,-142,  76,  28, -13, -14,-818,-567;
  -2,-201,-142,  78,  29, -13, -12,-817,-572;
  -6,-196,-142,  77,  29, -15, -14,-816,-566;
   0,-198,-140,  76,  30, -14, -16,-819,-566;
  -1,-197,-140,  74,  30, -16, -16,-815,-569;
  -4,-196,-143,  73,  31, -18, -17,-817,-570;
  -7,-199,-138,  72,  28, -19, -15,-818,-567;
  -2,-198,-140,  73,  27, -18, -16,-818,-565;
  -4,-199,-138,  72,  29, -17, -16,-820,-571;
  -2,-200,-144,  73,  28, -17,  -5,-822,-564;
  -3,-200,-137,  74,  29, -16,  -6,-819,-568;
   0,-202,-137,  73,  28, -17,  -5,-823,-568;
  -1,-202,-139,  72,  25, -15, -11,-821,-564;
  -1,-198,-143,  68,  23, -17,  -6,-831,-570;
   0,-202,-144,  60,  19, -16, -10,-825,-575;
  -2,-203,-142,  54,  15, -16,  -9,-833,-573;
   0,-204,-143,  52,  14, -14, -10,-831,-573;
   0,-203,-147,  50,  14, -12,  -9,-835,-577;
  -1,-203,-142,  48,  12, -13,  -8,-828,-581;
   0,-206,-143,  42,  11, -12, -15,-837,-585;
  -2,-202,-148,  37,  11, -10,  -8,-835,-594;
   0,-205,-143,  30,  12, -10,  -7,-836,-588;
   0,-205,-150,  23,  15,  -9,  -5,-839,-598;
   0,-204,-150,  15,  18,  -8,  -1,-843,-602;
   0,-207,-147,   9,  19, -10,  -8,-851,-594;
  -2,-209,-148,  -1,  21, -10, -14,-854,-596;
   0,-211,-151,  -7,  24, -11, -14,-859,-596;
   0,-213,-148, -13,  26,  -9, -11,-863,-598;
  -1,-213,-149, -14,  29,  -8, -16,-873,-596;
  -1,-213,-151, -15,  29,  -4, -21,-872,-599;
 -11,-209,-144, -13,  30,  -1, -13,-872,-596;
   0,-215,-153,  -8,  29,  -1, -16,-870,-598;
   0,-213,-149,  -5,  29,   0, -16,-873,-609;
  -3,-211,-151,  -3,  27,   2, -13,-875,-612;
  -4,-213,-154,  -5,  22,   1, -16,-874,-605;
  -4,-213,-154,  -8,  16,  -4, -17,-877,-612;
  -5,-215,-151, -13,  11,  -5, -23,-880,-611;
  -8,-215,-154, -21,   8,  -7, -24,-886,-614;
  -9,-218,-151, -32,   6, -10, -33,-888,-612;
  -6,-214,-156, -39,   7, -12, -31,-888,-622;
  -8,-222,-152, -45,   9, -13, -35,-897,-616;
  -8,-220,-155, -44,  12, -14, -41,-903,-620;
 -10,-219,-154, -42,  13, -19, -38,-909,-632;
  -7,-223,-156, -41,  12, -20, -37,-912,-639;
  -8,-219,-162, -44,  10, -26, -38,-907,-640;
  -8,-217,-163, -46,  12, -27, -35,-908,-649;
  -7,-220,-164, -47,  15, -29, -35,-900,-656;
  -6,-215,-164, -55,  16, -30, -28,-897,-651;
  -5,-217,-167, -65,  16, -31, -28,-895,-660;
  -7,-218,-164, -82,  14, -32, -25,-888,-666;
  -5,-221,-167,-100,  12, -32, -23,-901,-662;
  -5,-218,-166,-117,  11, -34, -20,-903,-667;
  -3,-222,-166,-132,  11, -32, -20,-914,-671;
  -2,-223,-167,-144,  16, -29, -13,-912,-665;
  -1,-220,-168,-152,  23, -23,  -1,-912,-672;
   1,-223,-166,-157,  30, -18,  -3,-915,-666;
  -2,-223,-166,-161,  35, -17,  -4,-917,-670;
   0,-220,-165,-171,  38, -18,  -2,-914,-679;
   0,-221,-172,-187,  40, -19,  -6,-914,-672;
  -1,-222,-170,-205,  43, -21,  -8,-906,-683;
  -1,-219,-171,-225,  47, -25, -10,-909,-679;
  -2,-220,-167,-242,  49, -28, -11,-910,-686;
  -3,-220,-166,-256,  50, -30, -15,-914,-688;
  -3,-218,-173,-266,  55, -29, -13,-906,-688;
   1,-224,-170,-275,  55, -31, -12,-909,-697;
   0,-222,-173,-280,  54, -26, -13,-908,-697;
   2,-221,-173,-286,  53, -23,   2,-914,-702;
   1,-220,-171,-291,  54, -18,  -7,-915,-695;
   1,-224,-171,-292,  53, -14,   4,-917,-702;
   0,-220,-175,-293,  53, -11,   5,-912,-698;
   0,-221,-171,-297,  55,  -6,  -1,-910,-704;
   3,-220,-171,-297,  60,   1,  13,-916,-704;
   4,-222,-174,-297,  65,   6,  15,-908,-706;
   0,-219,-173,-299,  72,  13,  15,-906,-699;
   2,-219,-173,-299,  76,  16,  12,-903,-694;
   2,-218,-171,-300,  79,  18,  15,-895,-693;
   5,-219,-175,-302,  78,  20,  16,-887,-696;
   5,-216,-173,-307,  79,  24,  16,-882,-693;
   4,-212,-173,-313,  79,  27,  16,-881,-691;
   6,-209,-173,-321,  82,  26,  19,-874,-696;
   9,-208,-171,-325,  84,  25,  27,-864,-696;
   5,-207,-174,-327,  87,  28,  22,-856,-705;
   4,-206,-174,-328,  93,  27,  19,-846,-701;
   1,-203,-172,-325, 100,  28,  18,-830,-696;
   4,-204,-167,-321, 106,  29,  11,-834,-695;
   2,-203,-171,-317, 112,  28,  13,-826,-692;
   0,-197,-169,-314, 117,  24,   3,-819,-685;
   1,-198,-168,-315, 122,  25,   1,-810,-671;
  -1,-198,-162,-319, 125,  23,  -5,-808,-658;
   0,-194,-167,-325, 125,  25,  -6,-802,-661;
   1,-193,-168,-332, 126,  23,  -5,-798,-669;
  -1,-192,-166,-337, 131,  19, -12,-792,-667;
  -3,-192,-162,-340, 133,  19, -10,-785,-664;
   1,-192,-162,-340, 136,  21, -11,-785,-667;
  -1,-190,-166,-334, 137,  21, -10,-786,-661;
  -3,-191,-166,-325, 137,  16, -18,-783,-658;
  -2,-190,-162,-317, 137,  12, -17,-782,-656;
  -5,-190,-162,-308, 133,  14, -17,-777,-652;
   0,-189,-160,-302, 127,  10, -19,-767,-662;
  -5,-190,-160,-294, 121,   8, -18,-766,-647;
   0,-190,-164,-288, 115,  11, -13,-771,-648;
  -7,-190,-161,-282, 106,  12, -23,-763,-644;
  -6,-184,-157,-274,  95,  10, -23,-762,-645;
  -2,-191,-158,-270,  79,   7, -21,-765,-642;
  -3,-187,-161,-268,  61,   3, -11,-759,-639;
  -1,-187,-162,-266,  47,   2,  -8,-754,-640;
   1,-187,-159,-263,  36,   4,  -1,-765,-636;
   0,-184,-159,-267,  23,   0,  -7,-746,-639;
   0,-187,-156,-270,   9,   5,   1,-754,-635;
   5,-188,-157,-267,  -9,  12,  10,-762,-641;
   4,-187,-161,-263, -24,  15,  16,-754,-646;
   5,-186,-162,-252, -37,  16,  19,-764,-641;
   5,-187,-158,-240, -53,  16,  21,-768,-647;
   6,-185,-160,-228, -64,  13,  17,-750,-661;
   6,-187,-163,-216, -69,  20,  24,-758,-651;
   3,-187,-165,-203, -75,  19,  22,-757,-655;
   2,-182,-170,-194, -78,  17,  23,-748,-664;
  14,-192,-166,-192, -73,  23,  16,-745,-664;
   5,-181,-165,-194, -73,  35,  16,-743,-662;
   8,-184,-161,-199, -73,  41,  21,-743,-667;
   6,-180,-167,-199, -70,  41,  17,-738,-667;
   3,-181,-169,-193, -67,  39,   6,-736,-676;
   4,-180,-166,-182, -70,  40,   8,-728,-678;
   3,-181,-167,-165, -71,  43,  10,-725,-683;
   1,-179,-167,-144, -75,  43,  11,-722,-678;
   9,-180,-168,-124, -78,  42,  18,-720,-688;
   3,-174,-167,-104, -79,  39,   5,-707,-684;
   3,-171,-168, -85, -79,  43,   7,-708,-687;
   3,-170,-168, -67, -74,  50,   9,-713,-689;
   0,-173,-173, -56, -71,  52,   5,-707,-689;
   1,-175,-170, -53, -60,  57,  11,-705,-692;
  20,-181,-174, -52, -49,  56,  40,-714,-691;
  -2,-172,-177, -60, -37,  35,  -1,-708,-687;
   2,-176,-172, -69, -16,  37,   0,-714,-694;
   6,-178,-171, -74,   2,  45,  12,-714,-694;
   4,-173,-169, -79,  18,  47,  19,-718,-693;
   5,-179,-169, -87,  28,  39,  17,-723,-697;
  14,-180,-181, -97,  41,  37,  69,-737,-698;
   1,-178,-176,-108,  51,  21,  -4,-720,-699;
   2,-182,-174,-112,  61,  34,  12,-726,-700;
   7,-179,-173,-112,  64,  40,  12,-730,-702;
   7,-181,-173,-112,  60,  41,  18,-739,-709;
   2,-180,-181,-111,  56,  41,  17,-741,-712;
   7,-186,-179,-109,  61,  41,  24,-744,-723;
  25,-189,-177,-104,  71,  36,  78,-747,-716;
   0,-181,-174,-105,  69,   8,  -5,-736,-717;
  -1,-182,-184,-100,  76,  15,   3,-740,-721;
   4,-185,-184, -90,  86,  27,   8,-745,-733;
   6,-184,-169, -85,  94,  27,   9,-742,-729;
   5,-179,-171, -78,  89,  24,   6,-740,-731;
   1,-183,-179, -75,  87,  19,  10,-740,-726;
   3,-176,-184, -73,  98,  16,   9,-733,-732;
  18,-182,-173, -77, 112,  10,  35,-739,-743;
   2,-177,-167, -85, 113, -10, -20,-723,-720;
   0,-181,-182, -89, 104,   6,  -9,-721,-721;
  -3,-183,-193, -87, 113,  17,   0,-738,-718;
   4,-178,-167, -84, 125,  15,  -6,-742,-721;
   8,-186,-164, -78, 120,  11,  -7,-748,-724;
   1,-186,-175, -72, 108,   7,  -4,-756,-727;
  -4,-186,-191, -65, 111,  -4, -16,-754,-728;
  -9,-186,-188, -58, 125, -11, -23,-759,-725;
  -3,-184,-171, -49, 129, -15, -31,-752,-730;
  -5,-184,-178, -38, 115, -16, -32,-754,-728;
   8,-187,-190, -31, 103, -17,  38,-761,-735;
 -23,-179,-197, -31, 100, -46, -60,-743,-724;
 -16,-181,-197, -30, 113, -40, -52,-739,-738;
  -3,-184,-166, -25, 113, -24, -46,-739,-745;
   1,-184,-177, -24,  91, -18, -37,-747,-746;
 -10,-182,-189, -29,  77, -17, -38,-745,-758;
 -14,-180,-198, -35,  89, -17, -34,-739,-746;
 -13,-180,-188, -43,  97, -14, -37,-739,-748;
  -4,-180,-173, -54, 107, -13, -35,-735,-748;
  -7,-181,-184, -66,  98,  -9, -32,-732,-747;
 -12,-183,-193, -82,  95,  -4, -30,-735,-748;
 -10,-179,-195, -95, 109,  -4, -24,-737,-739;
  -9,-177,-178,-108, 122,  -3, -27,-732,-743;
  -3,-177,-179,-117, 121,   0, -23,-729,-739;
  -3,-180,-187,-124, 108,   3, -15,-733,-732;
  -6,-181,-190,-129, 106,   2, -15,-731,-726;
   0,-179,-185,-130, 111,   2, -15,-725,-733;
   1,-180,-175,-130, 106,   2,  -8,-736,-729;
   2,-183,-186,-130,  90,   0,  -9,-740,-732;
  -4,-183,-188,-127,  75,  -2,  -2,-746,-730;
  18,-187,-190,-121,  69,  -9,  23,-747,-729;
 -15,-184,-192,-115,  58, -41, -47,-748,-731;
  -3,-185,-181,-110,  57, -35, -34,-747,-741;
  -2,-188,-173, -96,  49, -22, -26,-759,-742;
  -9,-188,-180, -86,  28, -19, -24,-759,-747;
 -12,-188,-190, -78,   7, -26, -25,-766,-743;
 -13,-187,-192, -68,   4, -36, -23,-752,-740;
  -3,-183,-176, -57,   0, -40, -26,-749,-738;
  -6,-181,-178, -43, -13, -42, -31,-745,-742;
  -9,-179,-189, -31, -32, -39, -33,-743,-732;
 -10,-183,-190, -17, -42, -33, -29,-736,-732;
  -2,-180,-192,  -7, -46, -27, -26,-730,-729;
  -2,-179,-173,  -1, -56, -22, -24,-725,-722;
  -2,-179,-180,   4, -77, -14, -17,-720,-729;
  -3,-177,-184,   7, -92,  -4, -10,-719,-725;
   0,-177,-186,   9, -94,   0,  -4,-720,-727;
   1,-178,-181,  10, -92,   2,  -4,-718,-725;
   3,-177,-175,  11, -95,   8,   7,-718,-723;
   2,-180,-186,  14, -97,  13,  10,-720,-722;
   1,-178,-189,  17, -91,  12,  11,-717,-725;
   1,-178,-179,  24, -74,   2,  32,-737,-755;
  15,-176,-170,  26, -58,  -7,   1,-712,-721;
   3,-176,-191,  32, -69,  10,  19,-716,-726;
   0,-179,-193,  42, -58,  19,  24,-722,-722;
   6,-180,-186,  54, -27,  18,  27,-728,-727;
  11,-176,-169,  64,  -7,  17,  27,-719,-717;
   8,-177,-182,  76, -10,  16,  27,-719,-717;
   3,-177,-191,  93,  -8,  16,  28,-725,-715;
   2,-175,-188, 110,  16,  13,  19,-717,-717;
   7,-174,-171, 129,  37,  14,  16,-713,-716;
  12,-174,-163, 145,  37,  15,  18,-710,-718;
   4,-173,-189, 162,  27,  16,  15,-706,-722;
   0,-173,-191, 178,  32,  16,   7,-703,-721;
   4,-169,-180, 197,  50,  16,   8,-702,-717;
   5,-168,-168, 217,  56,  15,   2,-694,-718;
   5,-171,-167, 233,  49,  18,   3,-696,-716;
  -2,-170,-189, 247,  49,  21,   1,-692,-715;
   0,-166,-188, 259,  62,  26,   2,-689,-712;
   2,-166,-170, 267,  74,  32,  -5,-676,-715;
   3,-161,-162, 273,  72,  38,  -8,-681,-712;
   1,-165,-169, 274,  65,  46, -10,-674,-705;
  -5,-164,-181, 274,  68,  56, -11,-667,-695;
   1,-162,-172, 278,  78,  56,  -6,-675,-705;
   1,-159,-152, 280,  78,  53, -24,-664,-689;
  -1,-160,-160, 279,  59,  66, -23,-660,-689;
  -4,-161,-181, 280,  55,  77, -21,-660,-688;
  -3,-162,-175, 277,  68,  80, -21,-658,-694;
   1,-164,-158, 274,  71,  83, -17,-664,-696;
   0,-161,-162, 267,  54,  89, -21,-666,-702;
  -4,-163,-179, 261,  38,  93, -21,-671,-701;
  -7,-168,-191, 260,  43,  98, -19,-683,-705;
  -1,-164,-170, 256,  52, 104, -21,-688,-710;
   0,-167,-162, 255,  46, 108, -17,-686,-712;
  -1,-169,-169, 254,  34, 113, -14,-691,-711;
  -8,-171,-187, 256,  32, 114,  -7,-694,-710;
   0,-172,-173, 257,  45, 118,  -6,-702,-707;
   4,-173,-162, 261,  50, 118,  -3,-704,-706;
   2,-172,-167, 265,  43, 117,   4,-705,-705;
   0,-174,-177, 272,  40, 117,   2,-707,-699;
  -2,-176,-182, 283,  50, 115,   0,-710,-695;
   4,-172,-166, 295,  56, 110,  -1,-711,-702;
   5,-176,-162, 310,  52, 103,   1,-709,-703;
   5,-178,-170, 325,  41,  92,  -7,-712,-699;
  -3,-176,-182, 338,  27,  88, -10,-710,-699;
  -5,-171,-183, 356,  29,  80, -12,-710,-698;
   1,-174,-165, 371,  41,  72, -11,-709,-698;
   1,-171,-163, 383,  39,  65, -16,-702,-694;
  -2,-173,-176, 394,  28,  56, -11,-700,-692;
  -4,-174,-181, 404,  25,  49, -21,-700,-692;
  -9,-170,-174, 412,  31,  43, -22,-694,-695;
   0,-171,-164, 418,  30,  37, -19,-685,-691;
  -1,-171,-170, 422,  17,  33, -18,-690,-691;
  -9,-167,-176, 422,   7,  30, -20,-688,-690;
  -7,-169,-178, 420,   7,  27, -17,-695,-689;
  -8,-173,-170, 420,  11,  26, -26,-696,-690;
  -4,-173,-169, 423,   8,  25, -30,-695,-687;
  -8,-172,-171, 423,  -1,  22, -23,-694,-685;
 -10,-171,-175, 426,  -2,  20, -30,-693,-676;
  -8,-169,-173, 427,   6,  17, -32,-695,-678;
  -2,-168,-164, 425,   9,  14, -36,-687,-678;
  -9,-165,-165, 424,   9,  12, -36,-690,-659;
  -9,-167,-169, 428,   5,  12, -34,-677,-650;
  -8,-168,-166, 436,  11,  17, -40,-672,-652;
  -7,-161,-158, 446,  18,  16, -35,-671,-645;
  -4,-163,-154, 452,  18,  16, -29,-668,-635;
  -7,-161,-156, 459,  14,  20, -29,-653,-630;
  -7,-160,-161, 467,  13,  26, -36,-654,-629;
  -8,-160,-158, 473,  17,  31, -37,-654,-628;
  -8,-155,-149, 476,  15,  34, -39,-646,-617;
 -10,-156,-152, 478,  10,  37, -42,-643,-618;
 -12,-157,-157, 482,   6,  42, -37,-642,-612;
  -9,-153,-153, 487,   6,  43, -30,-637,-610;
  -2,-155,-150, 490,   9,  44, -28,-636,-616;
  -7,-154,-146, 491,  13,  41, -45,-631,-606;
  -9,-151,-152, 490,  12,  46, -36,-618,-603;
 -13,-148,-154, 488,  20,  49, -39,-618,-599;
  -9,-150,-148, 484,  27,  48, -39,-610,-601;
  -4,-151,-137, 479,  33,  48, -36,-611,-587;
   0,-145,-141, 474,  27,  45, -29,-618,-587;
  -9,-152,-153, 468,  22,  44, -28,-610,-580;
  -6,-149,-151, 461,  33,  41, -29,-614,-576;
  -4,-151,-142, 456,  44,  40, -24,-616,-576;
   2,-149,-135, 455,  41,  38, -31,-624,-576;
  -4,-149,-143, 452,  32,  37, -21,-626,-577;
  -5,-156,-153, 446,  37,  38, -23,-628,-584;
  -2,-156,-141, 439,  53,  40, -22,-641,-584;
  -3,-159,-140, 431,  64,  43, -19,-652,-588;
   2,-161,-140, 421,  66,  47,  -9,-661,-582;
  -1,-162,-145, 415,  70,  50,  -3,-671,-585;
   0,-166,-148, 415,  85,  55, -10,-675,-583;
   2,-166,-137, 421,  96,  59,  -3,-671,-582;
   2,-164,-139, 428,  90,  62, -15,-673,-585;
  -1,-162,-146, 434,  93,  59, -12,-663,-586;
   0,-162,-153, 442, 105,  60,  -9,-657,-590;
   1,-160,-141, 446, 118,  56,  -2,-657,-592;
   5,-157,-137, 446, 119,  54,  -9,-653,-591;
   0,-161,-144, 441, 111,  50, -11,-656,-591;
   0,-161,-153, 430, 113,  47,  -8,-661,-591;
   0,-161,-141, 419, 122,  43, -13,-662,-593;
   0,-165,-140, 403, 124,  41, -21,-669,-596;
  -2,-165,-144, 384, 116,  41, -21,-677,-596;
  -4,-169,-151, 367, 107,  42, -26,-690,-593;
  -7,-171,-155, 352, 108,  43, -23,-698,-600;
  -2,-168,-139, 340, 110,  44, -28,-706,-603;
   0,-176,-144, 324, 103,  46, -31,-717,-611;
  -3,-179,-151, 306,  99,  43, -17,-723,-608;
  -3,-180,-160, 295, 105,  44, -12,-727,-609;
  -2,-181,-159, 290, 118,  49,  -7,-739,-617;
   2,-182,-141, 287, 118,  51,  -8,-745,-614;
  -1,-183,-147, 287, 112,  54,  -4,-747,-611;
  -1,-180,-162, 292, 110,  58, -10,-751,-617;
  -3,-184,-160, 303, 121,  60,  -1,-753,-617;
   0,-188,-156, 308, 125,  62,  -6,-754,-621;
   0,-187,-148, 313, 126,  65,  -5,-761,-612;
  -1,-187,-161, 313, 120,  66,  -9,-773,-617;
  -2,-188,-162, 309, 118,  67, -12,-770,-616;
  -3,-191,-153, 302, 122,  70, -12,-778,-613;
   0,-193,-144, 292, 128,  71, -20,-784,-607;
  -3,-193,-152, 280, 121,  74, -20,-793,-606;
  -1,-190,-154, 267, 111,  75,  -7,-779,-593;
 -15,-194,-160, 260, 100,  78, -43,-806,-610;
 -10,-196,-150, 253, 113,  71, -33,-812,-601;
  -5,-199,-138, 250, 111,  69, -48,-812,-594;
 -11,-198,-149, 253,  96,  68, -44,-817,-596;
 -16,-198,-155, 259,  81,  68, -51,-813,-587;
 -12,-197,-151, 267,  78,  66, -43,-814,-591;
 -10,-200,-141, 275,  76,  64, -45,-814,-587;
  -9,-194,-142, 282,  64,  67, -43,-814,-587;
 -10,-198,-151, 286,  48,  66, -47,-802,-576;
 -14,-193,-150, 287,  41,  66, -43,-803,-581;
 -11,-196,-146, 287,  41,  68, -36,-789,-582;
  -4,-192,-136, 286,  38,  70, -40,-791,-579;
  -4,-193,-144, 281,  28,  71, -38,-791,-587;
 -10,-190,-151, 273,  21,  71, -32,-780,-588;
  -9,-191,-148, 264,  23,  72, -26,-781,-583;
  -7,-190,-143, 253,  25,  72, -27,-779,-588;
  -1,-190,-144, 237,  23,  73, -28,-783,-583;
  -5,-193,-152, 220,  15,  75, -21,-784,-590;
  -4,-193,-153, 203,  18,  75, -22,-785,-586;
  -3,-194,-144, 187,  27,  77, -20,-791,-590;
   0,-192,-144, 172,  33,  76, -24,-797,-588;
   0,-198,-144, 156,  36,  80, -22,-803,-591;
  -1,-198,-148, 144,  40,  80, -20,-809,-590;
  -3,-196,-149, 133,  49,  80, -15,-811,-591;
   0,-202,-143, 126,  61,  81, -14,-818,-589;
   0,-201,-143, 121,  63,  82, -10,-820,-585;
  -2,-199,-143, 121,  59,  86, -14,-833,-587;
  -1,-205,-146, 121,  65,  85, -15,-842,-588;
   0,-204,-146, 123,  73,  81,  -8,-842,-577;
   0,-207,-143, 129,  78,  81,  -6,-840,-576;
   0,-207,-143, 136,  82,  80, -13,-847,-572;
  -2,-204,-141, 143,  82,  76,  -6,-844,-571;
  -2,-206,-140, 151,  84,  75,  -9,-851,-566;
   0,-210,-139, 154,  85,  72, -11,-850,-571;
  -4,-209,-140, 157,  87,  68, -13,-854,-566;
  -1,-210,-137, 161,  84,  61, -15,-858,-563;
  -4,-210,-140, 169,  81,  56, -22,-857,-561;
  -2,-211,-139, 179,  80,  53, -27,-858,-565;
  -6,-208,-140, 188,  79,  49, -32,-853,-558;
  -8,-209,-136, 196,  76,  45, -35,-850,-548;
  -9,-207,-138, 204,  72,  42, -34,-850,-548;
  -7,-205,-131, 207,  69,  39, -35,-838,-545;
  -7,-203,-136, 212,  63,  39, -38,-839,-541;
  -5,-203,-133, 216,  59,  38, -33,-830,-538;
  -9,-201,-132, 214,  56,  38, -36,-825,-543;
  -5,-200,-126, 211,  53,  37, -41,-828,-543;
  -9,-200,-136, 205,  47,  38, -38,-823,-545;
  -8,-202,-131, 199,  44,  37, -36,-831,-543;
  -6,-204,-132, 190,  40,  37, -35,-824,-540;
  -9,-201,-132, 180,  37,  37, -33,-827,-538;
  -6,-200,-134, 171,  35,  34, -41,-826,-546;
  -8,-202,-134, 163,  36,  34, -35,-828,-541;
  -9,-202,-140, 155,  36,  33, -38,-831,-544;
  -6,-201,-137, 149,  36,  33, -34,-833,-544;
  -9,-205,-134, 143,  34,  31, -30,-837,-540;
  -9,-202,-138, 137,  31,  29, -31,-837,-548;
  -6,-203,-134, 133,  30,  30, -24,-840,-552;
  -5,-202,-135, 128,  28,  29, -21,-837,-556;
  -5,-204,-139, 125,  25,  29, -21,-836,-550;
  -2,-204,-137, 124,  23,  31, -14,-836,-548;
  -2,-201,-141, 125,  24,  30, -19,-832,-562;
  -2,-205,-136, 130,  25,  34, -17,-834,-549;
  -4,-202,-136, 133,  27,  36, -20,-828,-556;
  -2,-205,-138, 133,  27,  34, -22,-824,-555;
  -6,-202,-139, 131,  30,  35, -25,-830,-552;
  -7,-206,-137, 126,  33,  34, -29,-837,-552;
  -5,-204,-139, 121,  35,  31, -24,-829,-554;
  -3,-203,-135, 115,  35,  32, -29,-838,-550;
  -8,-205,-138, 107,  33,  32, -26,-837,-551;
  -7,-206,-139, 103,  31,  31, -30,-842,-558;
  -5,-206,-140, 100,  32,  29, -29,-850,-555;
  -6,-209,-135, 101,  33,  27, -34,-849,-545;
  -9,-209,-133, 105,  27,  25, -34,-857,-549;
  -6,-209,-136, 106,  23,  24, -34,-860,-549;
  -7,-210,-138, 110,  20,  21, -34,-858,-547;
  -7,-208,-135, 113,  18,  20, -33,-856,-544;
  -5,-211,-135, 116,  16,  16, -35,-853,-538;
  -7,-210,-135, 122,  12,  17, -35,-858,-541;
  -8,-208,-133, 127,  11,  16, -35,-858,-543;
  -8,-212,-134, 135,  13,  17, -36,-857,-537;
  -7,-208,-135, 143,  14,  20, -40,-849,-538;
  -6,-210,-132, 150,  13,  19, -40,-854,-544;
  -7,-203,-137, 156,  13,  21, -40,-841,-539;
 -10,-205,-134, 157,  12,  21, -40,-839,-543;
  -9,-204,-131, 155,  11,  21, -48,-832,-538;
 -10,-202,-128, 149,  12,  21, -44,-835,-540;
  -9,-202,-136, 138,  11,  20, -39,-836,-541;
  -9,-204,-135, 128,  12,  19, -38,-832,-535;
  -7,-196,-125, 118,  11,  17, -38,-830,-534;
 -10,-202,-136, 109,  11,  18, -37,-833,-542;
  -9,-204,-136, 100,  12,  18, -36,-827,-542;
  -8,-203,-136,  93,  15,  22, -32,-834,-533;
  -6,-200,-135,  86,  18,  24, -33,-841,-540;
  -7,-204,-134,  80,  21,  24, -35,-839,-534;
  -7,-204,-135,  74,  21,  23, -33,-844,-537;
  -7,-206,-134,  68,  25,  25, -30,-846,-540;
  -4,-207,-132,  64,  24,  23, -28,-848,-536;
  -7,-203,-136,  60,  28,  23, -29,-841,-534;
  -7,-205,-131,  57,  29,  24, -26,-848,-540;
  -7,-205,-137,  54,  31,  24, -27,-848,-536;
  -4,-207,-138,  53,  31,  24, -26,-847,-543;
  -8,-206,-131,  51,  31,  24, -24,-846,-538;
  -5,-204,-137,  53,  31,  24, -24,-847,-539;
  -3,-204,-135,  52,  32,  24, -20,-842,-544;
  -4,-203,-134,  51,  31,  21, -22,-836,-548;
  -4,-203,-138,  50,  30,  19, -21,-836,-552;
   0,-203,-139,  46,  28,  17, -24,-837,-547;
  -4,-204,-135,  40,  27,  13, -22,-840,-544;
  -4,-203,-135,  35,  24,  10, -22,-833,-548;
  -6,-202,-134,  31,  20,   7, -26,-843,-547;
  -4,-205,-138,  31,  17,   3, -22,-841,-547;
  -2,-206,-138,  32,  15,  -1, -23,-840,-549;
  -5,-204,-137,  36,  14,  -4, -26,-841,-550;
  -8,-203,-134,  41,  14,  -6, -27,-840,-543;
  -6,-203,-135,  45,  11,  -7, -29,-834,-544;
  -5,-203,-132,  46,  11, -10, -25,-832,-547;
  -5,-203,-135,  45,  11, -11, -29,-827,-551;
  -5,-205,-136,  41,   9, -10, -24,-834,-539;
  -8,-199,-135,  34,   9, -10, -26,-826,-545;
  -6,-204,-137,  27,   8,  -9, -25,-833,-547;
  -6,-201,-134,  19,   9, -10, -30,-832,-544;
  -3,-206,-135,  13,  10,  -9, -25,-842,-546;
  -4,-207,-131,   6,  10,  -8, -27,-846,-536;
   0,-205,-134,   1,  11,  -8, -28,-848,-544;
   0,-206,-133,  -2,  13,  -6, -23,-845,-537;
  -6,-207,-131,  -3,  14,  -6, -25,-846,-533;
  -5,-210,-131,  -5,  16,  -7, -24,-857,-531;
  -4,-209,-132,  -5,  19,  -6, -31,-849,-527;
  -7,-208,-133,  -5,  21,  -5, -26,-851,-527;
  -1,-209,-133,  -5,  23,  -5, -23,-857,-527;
  -3,-210,-132,  -6,  24,  -5, -20,-853,-527;
  -5,-207,-134,  -6,  26,  -5, -21,-855,-527;
  -4,-203,-132,  -9,  28,  -4, -21,-851,-527;
   0,-210,-132,  -8,  30,  -2, -16,-854,-528;
   0,-209,-131,  -8,  34,   0, -13,-855,-528;
   1,-211,-132,  -6,  37,   0, -14,-856,-532;
  -1,-208,-136,  -3,  40,   0, -14,-855,-534;
   0,-209,-134,  -3,  43,  -1, -10,-843,-535;
  -4,-206,-131,  -4,  47,   0, -18,-852,-538;
   0,-205,-131,  -6,  50,  -1, -10,-850,-546;
  -2,-205,-137,  -8,  53,  -1, -13,-846,-536;
  -6,-205,-133, -11,  52,  -1, -19,-854,-538;
  -3,-208,-133, -13,  53,  -3, -16,-852,-538;
  -3,-207,-131, -14,  55,  -3, -16,-852,-541;
   0,-209,-133, -12,  55,  -4, -17,-854,-539;
   0,-209,-135, -10,  55,  -6, -21,-855,-540;
  -1,-208,-134,  -7,  55,  -5, -20,-856,-535;
  -1,-209,-135,  -4,  58,  -6, -19,-855,-543;
  -3,-210,-133,  -3,  58,  -7, -21,-859,-539;
  -7,-208,-134,  -2,  59,  -7, -21,-861,-540;
  -7,-211,-133,   0,  60,  -8, -21,-857,-537;
  -6,-208,-133,  -1,  59, -11, -23,-861,-529;
  -5,-210,-131,   0,  59,  -9, -18,-861,-538;
  -1,-211,-132,   1,  58,  -9, -20,-861,-532;
   0,-211,-135,   4,  59,  -8, -21,-867,-530;
  -4,-210,-133,   7,  60,  -8, -19,-861,-532;
  -1,-210,-133,  11,  61,  -5, -17,-864,-533;
  -6,-210,-132,  17,  64,  -3, -15,-861,-533;
  -4,-210,-136,  18,  68,  -2, -22,-859,-538;
  -1,-211,-133,  20,  70,   1, -22,-862,-531;
   0,-211,-135,  22,  72,   3, -22,-860,-532;
  -2,-209,-129,  22,  77,   4, -21,-861,-532;
  -2,-211,-131,  21,  81,   7, -19,-861,-536;
  -1,-210,-137,  22,  85,   8, -22,-859,-532;
  -4,-210,-134,  24,  88,  10, -22,-862,-536;
  -4,-211,-136,  26,  91,  11, -22,-867,-539;
  -6,-206,-135,  29,  92,  10, -24,-859,-535;
  -3,-210,-135,  32,  94,  10, -19,-858,-536;
  -5,-207,-135,  34,  94,  10, -21,-857,-537;
  -4,-209,-132,  36,  93,  11, -26,-860,-536;
  -8,-207,-132,  34,  91,   9, -26,-854,-537;
  -2,-207,-135,  34,  89,   9, -24,-856,-542;
  -6,-211,-136,  34,  86,   7, -27,-851,-543;
  -7,-207,-135,  33,  84,   7, -31,-853,-538;
  -8,-209,-138,  34,  81,   7, -28,-858,-536;
  -7,-210,-134,  33,  79,   6, -33,-858,-543;
  -7,-209,-134,  35,  76,   6, -36,-861,-540;
  -4,-210,-138,  39,  74,   5, -30,-861,-541;
  -8,-210,-132,  45,  71,   6, -31,-860,-536;
  -8,-208,-134,  50,  70,   5, -34,-857,-543;
 -10,-212,-135,  54,  68,   6, -38,-852,-538;
 -10,-208,-136,  58,  66,   5, -38,-860,-541;
  -4,-211,-129,  56,  65,   3, -39,-857,-539;
 -10,-210,-132,  57,  62,   5, -40,-856,-535;
  -9,-209,-131,  59,  59,   6, -43,-858,-539;
 -10,-210,-130,  59,  57,   3, -39,-857,-537;
 -10,-209,-131,  62,  54,   2, -46,-858,-530;
 -11,-205,-133,  60,  51,   1, -47,-859,-526;
 -12,-208,-134,  58,  48,   2, -49,-854,-536;
 -13,-208,-131,  58,  46,   2, -39,-857,-532;
 -13,-211,-132,  56,  46,   2, -44,-858,-535;
  -9,-209,-135,  55,  44,   2, -50,-857,-532;
 -13,-209,-130,  53,  42,   4, -42,-859,-528;
 -12,-211,-130,  53,  41,   4, -43,-862,-530;
  -9,-210,-133,  53,  39,   3, -46,-861,-533;
 -13,-211,-135,  54,  38,   4, -41,-860,-533;
 -10,-210,-135,  56,  37,   3, -45,-862,-538;
  -9,-207,-133,  58,  36,   5, -40,-860,-533;
 -10,-209,-136,  64,  34,   5, -43,-859,-535;
  -9,-211,-130,  69,  33,   6, -44,-863,-532;
  -8,-210,-132,  75,  33,   5, -41,-857,-532;
  -8,-209,-133,  78,  31,   6, -41,-860,-540;
  -8,-209,-134,  81,  28,   6, -35,-858,-549;
  -7,-209,-130,  81,  26,   6, -40,-859,-535;
  -8,-211,-135,  82,  24,   4, -42,-860,-536;
  -6,-208,-131,  83,  22,   3, -34,-853,-540;
  -9,-211,-135,  85,  18,   3, -31,-856,-535;
  -6,-208,-133,  84,  15,   3, -31,-855,-536;
  -6,-206,-131,  82,  12,   0, -35,-852,-542;
  -8,-211,-135,  80,   8,   0, -32,-857,-535;
  -7,-209,-131,  79,   5,   0, -33,-859,-538;
 -10,-208,-133,  80,   2,  -1, -37,-860,-533;
  -7,-208,-134,  82,   0,  -3, -38,-858,-531;
  -9,-209,-132,  83,  -1,  -3, -37,-855,-527;
  -4,-207,-129,  86,  -3,  -2, -38,-859,-534;
  -6,-208,-131,  89,  -3,  -3, -34,-859,-537;
  -8,-208,-134,  89,  -4,  -3, -37,-861,-533;
  -5,-212,-131,  90,  -7,  -5, -35,-860,-533;
 -10,-209,-135,  94,  -7,  -6, -37,-865,-535;
  -7,-203,-147,  98, -10,  -5, -39,-857,-536;
  -6,-211,-133, 100, -11,  -8, -41,-856,-537;
  -8,-209,-131, 101, -13, -10, -38,-860,-537;
  -8,-210,-133, 103, -13, -10, -38,-844,-536;
  -7,-211,-137, 105, -14,  -7, -37,-856,-532;
  -7,-207,-134, 106, -13,  -6, -36,-855,-545;
  -4,-207,-134, 106, -12,  -7, -41,-846,-540;
  -6,-206,-134, 105, -11,  -7, -35,-842,-533;
  -9,-205,-130, 104,  -9,  -6, -34,-851,-531;
  -5,-208,-134, 101, -10,  -7, -33,-847,-532;
  -8,-207,-133,  98,  -8,  -6, -36,-854,-536;
  -4,-212,-131,  95,  -8,  -6, -41,-852,-534;
  -8,-210,-131,  91,  -8,  -7, -37,-854,-538;
 -10,-206,-133,  89,  -9, -11, -37,-853,-537;
  -7,-208,-132,  89,  -8, -13, -39,-857,-540;
  -9,-208,-133,  90, -10, -15, -40,-859,-536;
  -6,-208,-132,  91, -11, -17, -37,-852,-538;
  -5,-209,-132,  92, -13, -19, -33,-854,-532;
  -6,-209,-132,  96, -14, -22, -31,-852,-535;
  -8,-211,-130, 100, -16, -23, -32,-860,-535;
  -7,-208,-130, 102, -18, -23, -29,-854,-541;
  -7,-206,-134, 103, -20, -23, -31,-851,-533;
  -9,-204,-132, 105, -22, -26, -25,-850,-537;
  -7,-206,-132, 106, -24, -28, -33,-848,-534;
  -6,-207,-138, 109, -25, -29, -25,-847,-541;
  -3,-205,-135, 110, -25, -29, -28,-845,-536;
  -4,-206,-133, 109, -23, -29, -24,-843,-535;
  -3,-204,-134, 107, -21, -28, -25,-844,-539;
  -8,-206,-133, 107, -17, -25, -23,-847,-534;
  -4,-208,-130, 105, -16, -26, -28,-854,-535;
  -5,-207,-134, 103, -14, -27, -22,-855,-535;
  -3,-207,-130, 102, -13, -25, -29,-855,-528;
  -6,-208,-132, 101, -10, -28, -24,-853,-536;
  -1,-207,-133,  98, -11, -29, -28,-856,-530;
  -4,-207,-132,  94, -11, -28, -25,-850,-532;
  -8,-206,-131,  90, -11, -29, -25,-853,-529;
  -3,-209,-130,  86, -13, -30, -32,-858,-535;
  -5,-209,-134,  82, -15, -32, -31,-856,-528;
  -7,-210,-134,  81, -15, -33, -30,-854,-530;
  -7,-207,-128,  80, -16, -33, -26,-859,-531;
  -5,-209,-131,  79, -17, -32, -28,-857,-533;
  -8,-204,-132,  81, -17, -34, -29,-858,-531;
  -6,-209,-136,  83, -18, -32, -33,-856,-528;
  -8,-210,-132,  84, -20, -28, -29,-859,-537;
  -6,-207,-136,  85, -18, -27, -25,-849,-530;
  -8,-207,-134,  87, -18, -28, -32,-850,-535;
  -5,-206,-130,  88, -16, -27, -31,-852,-538;
  -4,-208,-133,  88, -13, -23, -24,-851,-540;
  -3,-208,-134,  88, -10, -21, -30,-847,-539;
  -5,-205,-134,  89,  -9, -21, -24,-847,-537;
  -5,-206,-135,  89,  -9, -20, -27,-846,-544;
  -6,-205,-134,  88,  -5, -19, -32,-853,-531;
  -4,-206,-133,  86,  -4, -19, -29,-846,-540;
  -4,-209,-135,  84,  -4, -19, -30,-844,-536;
  -7,-207,-134,  82,  -3, -18, -32,-843,-531;
  -8,-205,-132,  77,  -2, -16, -34,-846,-537;
  -9,-207,-131,  72,  -1, -20, -34,-842,-535;
  -6,-204,-132,  68,  -2, -19, -33,-850,-531;
  -6,-202,-133,  66,   0, -19, -35,-849,-531;
  -6,-207,-131,  64,   1, -18, -33,-841,-531;
  -7,-205,-128,  64,   1, -19, -36,-847,-533;
  -9,-206,-130,  64,   0, -18, -35,-846,-532;
  -3,-206,-130,  62,   0, -18, -33,-843,-531;
  -8,-205,-130,  59,  -1, -19, -36,-842,-531;
  -7,-204,-132,  57,  -2, -20, -36,-845,-530;
  -6,-203,-131,  53,  -3, -18, -39,-845,-531;
  -7,-207,-129,  48,  -4, -19, -35,-846,-530;
  -7,-208,-130,  43,  -3, -16, -30,-857,-532;
  -4,-211,-133,  40,  -1, -18, -31,-853,-533;
  -9,-207,-130,  40,   1, -18, -34,-857,-532;
 -10,-206,-131,  39,   2, -16, -37,-855,-531;
  -8,-209,-130,  37,   3, -16, -36,-856,-529;
  -8,-210,-132,  37,   5, -17, -32,-856,-532;
  -7,-208,-133,  35,   4, -18, -33,-856,-531;
  -8,-207,-133,  35,   5, -17, -34,-857,-532;
  -8,-212,-131,  33,   5, -18, -27,-857,-533;
  -8,-208,-131,  30,   3, -17, -35,-855,-533;
  -9,-211,-132,  29,   4, -17, -30,-859,-530;
  -6,-212,-134,  28,   5, -17, -36,-857,-533;
  -6,-208,-132,  29,   5, -16, -36,-854,-532;
  -8,-208,-128,  30,   6, -16, -31,-861,-533;
  -7,-208,-133,  33,   6, -16, -35,-864,-533;
  -6,-209,-136,  39,   6, -15, -35,-863,-530;
  -8,-208,-130,  45,   5, -12, -30,-857,-532;
  -8,-211,-130,  46,   5, -11, -36,-854,-534;
  -3,-206,-134,  47,   6, -10, -36,-858,-533;
  -6,-208,-132,  46,   7, -11, -34,-851,-533;
  -3,-207,-137,  43,   9,  -9, -40,-855,-529;
  -9,-205,-132,  40,   8,  -8, -37,-855,-536;
  -5,-210,-130,  38,  11,  -8, -40,-852,-529;
  -5,-207,-132,  34,  12,  -8, -41,-857,-532;
  -6,-210,-130,  31,  14,  -5, -35,-858,-526;
  -8,-207,-130,  29,  16,  -5, -38,-855,-535;
  -6,-211,-135,  31,  16,  -4, -35,-858,-532;
  -8,-209,-133,  30,  16,  -5, -39,-855,-530;
  -4,-212,-132,  30,  14,  -5, -34,-855,-527;
  -5,-210,-134,  29,  14,  -5, -37,-863,-532;
  -8,-211,-133,  29,  12,  -6, -34,-862,-533;
  -8,-210,-132,  30,  13,  -7, -27,-855,-529;
  -9,-209,-134,  30,  12,  -8, -35,-858,-534;
  -7,-211,-132,  31,  12,  -9, -37,-858,-532;
  -7,-209,-130,  33,   9, -10, -37,-861,-531;
  -6,-207,-133,  34,   7, -10, -36,-853,-530;
  -9,-208,-130,  37,   6, -11, -35,-856,-533;
  -8,-208,-134,  41,   6, -13, -38,-853,-531;
  -7,-208,-133,  41,   6, -12, -35,-857,-532;
  -7,-206,-130,  44,   8, -13, -40,-855,-532;
  -8,-207,-133,  44,  10, -12, -41,-856,-529;
  -8,-207,-132,  43,  12, -12, -35,-851,-538;
  -7,-208,-132,  41,  14, -13, -36,-851,-530;
  -8,-204,-131,  38,  15, -11, -36,-849,-532;
  -7,-208,-133,  35,  17, -11, -30,-857,-532;
