  17,-254,-107, -46,  15, -10, -16,-964,-262;
  17,-252,-106, -47,  17, -10, -17,-965,-264;
  16,-248,-107, -46,  17,  -8, -16,-962,-265;
  15,-257,-110, -45,  19,  -8, -18,-961,-263;
  16,-251,-108, -44,  20,  -7, -18,-962,-267;
  20,-243,-107, -44,  18,  -7, -15,-963,-270;
  14,-254,-105, -44,  19,  -9, -18,-969,-268;
  16,-256,-111, -41,  22,  -9, -19,-964,-271;
  14,-256,-114, -39,  22,  -6, -19,-967,-270;
  20,-255,-107, -37,  22,  -7, -18,-967,-268;
  13,-252,-108, -35,  20,  -8, -15,-961,-269;
  11,-253,-117, -34,  19,  -8, -16,-964,-269;
  15,-254,-105, -33,  16, -10, -18,-961,-264;
  15,-254,-111, -38,  16, -10, -19,-968,-262;
  15,-256,-109, -41,  15, -10, -11,-970,-261;
  18,-255,-105, -42,  15, -10, -17,-972,-260;
  16,-252,-111, -43,  13, -11, -17,-970,-260;
  15,-257,-105, -44,  11, -11, -18,-975,-258;
  15,-254,-104, -43,  11, -11, -20,-967,-255;
  14,-255,-104, -39,  10, -11, -21,-977,-259;
  16,-254,-104, -39,   8, -13, -23,-971,-264;
  16,-254,-105, -38,   8, -12, -21,-974,-262;
  13,-253,-112, -35,   8, -13, -20,-971,-259;
  18,-257,-105, -33,   6, -14, -18,-969,-263;
  16,-254,-107, -34,   5, -14, -20,-968,-266;
  17,-255,-106, -33,   5, -14, -12,-967,-264;
  22,-256,-111, -33,   3, -14, -15,-968,-263;
  18,-255,-107, -31,   2, -16, -15,-963,-260;
  17,-255,-106, -31,   1, -16, -17,-966,-264;
  16,-256,-107, -31,   2, -15, -20,-960,-264;
  17,-254,-111, -32,   1, -13, -15,-960,-262;
  16,-253,-109, -34,   1, -14, -17,-959,-264;
  17,-252,-109, -36,   1, -15, -13,-960,-266;
  13,-251,-105, -37,   1, -15, -14,-961,-265;
  13,-252,-113, -37,   0, -14, -20,-960,-268;
  18,-256,-106, -38,   3, -14, -11,-961,-264;
  18,-254,-105, -38,   4, -13, -11,-960,-266;
  17,-250,-110, -41,   5, -14, -17,-962,-269;
  15,-255,-107, -42,   5, -14, -11,-966,-265;
  17,-256,-110, -42,   6, -15, -15,-961,-270;
  16,-252,-109, -43,   5, -14, -16,-964,-261;
  18,-254,-111, -44,   4, -16, -14,-964,-263;
  13,-255,-107, -43,   4, -15, -15,-963,-266;
  16,-255,-108, -45,   2, -16, -20,-970,-265;
  17,-254,-108, -47,   1, -19, -10,-968,-266;
  14,-254,-109, -48,   0, -18, -15,-967,-266;
  17,-254,-109, -48,  -1, -18, -12,-970,-263;
  15,-254,-106, -47,  -3, -18,  -8,-967,-268;
  17,-252,-105, -48,  -5, -19, -13,-969,-263;
  14,-254,-109, -49,  -6, -20, -18,-967,-257;
  15,-255,-104, -49,  -6, -20, -15,-968,-265;
  16,-254,-108, -49,  -6, -21, -18,-970,-261;
  16,-256,-108, -48,  -7, -23, -17,-973,-259;
  18,-255,-105, -48,  -9, -22, -10,-971,-265;
  16,-256,-109, -48,  -9, -23, -13,-969,-262;
  20,-254,-108, -46, -11, -23, -15,-969,-260;
  17,-257,-109, -45, -11, -25, -12,-972,-258;
  22,-254,-107, -45, -11, -24, -13,-968,-257;
  16,-255,-108, -44, -11, -24, -18,-962,-258;
  22,-256,-101, -41, -11, -23, -17,-966,-260;
  18,-256,-108, -38, -11, -23, -10,-966,-257;
  17,-256,-108, -39, -12, -24, -16,-964,-259;
  17,-255,-107, -38, -12, -23, -12,-962,-263;
  15,-255,-108, -39, -10, -24, -15,-959,-257;
  16,-253,-112, -40,  -8, -23,  -6,-966,-265;
  15,-252,-108, -42,  -6, -21,  -9,-966,-263;
  18,-253,-107, -40,  -4, -21,  -5,-970,-259;
  16,-254,-108, -40,  -3, -22,  -4,-966,-261;
  18,-254,-110, -41,  -3, -22,  -7,-964,-257;
  13,-252,-105, -43,  -4, -21,  -3,-960,-264;
  17,-255,-107, -45,   0, -22, -12,-960,-263;
  18,-251,-107, -48,   0, -23,  -4,-962,-260;
  17,-255,-105, -50,  -1, -22,  -7,-962,-261;
  19,-256,-109, -53,  -1, -22, -13,-961,-261;
  22,-255,-106, -53,  -1, -22,  -7,-962,-266;
  17,-255,-111, -56,   0, -21,  -8,-969,-261;
  14,-254,-108, -57,  -2, -21, -10,-969,-265;
  21,-255,-100, -58,  -1, -21,  -8,-969,-267;
  19,-257,-109, -57,   0, -22,  -5,-972,-264;
  19,-256,-104, -57,  -1, -21,  -8,-970,-263;
  25,-255,-109, -56,  -2, -22, -12,-972,-264;
  18,-257,-115, -56,  -4, -22, -11,-971,-262;
  14,-255,-110, -56,  -4, -22, -14,-972,-265;
  15,-255,-111, -53,  -4, -23,  -4,-976,-265;
  16,-254,-107, -49,  -4, -25,  -8,-970,-268;
  19,-257,-106, -46,  -5, -24, -15,-966,-266;
  16,-254,-108, -44,  -6, -24,  -8,-965,-268;
  17,-253,-109, -46,  -6, -25, -10,-965,-267;
  21,-252,-109, -50,  -6, -24, -13,-959,-264;
  18,-252,-105, -53,  -5, -25,  -5,-962,-263;
  19,-252,-109, -55,  -5, -25, -15,-959,-263;
  16,-251,-108, -56,  -1, -23,  -6,-957,-264;
  22,-253,-107, -56,  -1, -24, -10,-965,-263;
  20,-253,-111, -61,   0, -22, -14,-963,-265;
  15,-253,-103, -64,   2, -24, -16,-959,-264;
  18,-255,-108, -63,   1, -22, -14,-959,-266;
  17,-253,-111, -64,   1, -21, -13,-962,-265;
  17,-253,-109, -65,   1, -22,  -7,-960,-265;
  19,-254,-111, -66,   1, -23,  -7,-959,-260;
  17,-250,-103, -66,   0, -24,  -9,-962,-260;
  18,-255,-107, -68,   0, -24, -12,-960,-261;
  16,-254,-108, -68,   0, -25,  -7,-960,-261;
  18,-250,-106, -68,  -2, -25,  -8,-961,-261;
  22,-251,-109, -65,  -1, -25,  -6,-956,-266;
  18,-254,-106, -63,   2, -26,  -7,-958,-265;
  16,-252,-109, -61,   3, -26,  -9,-958,-271;
  22,-252,-110, -61,   4, -24,  -1,-953,-269;
  19,-252,-106, -61,   8, -23,   0,-955,-269;
  19,-253,-109, -60,   8, -23,  -1,-959,-266;
  17,-252,-113, -61,  10, -21,  -3,-956,-272;
  18,-252,-108, -60,  13, -19,  -2,-956,-268;
  19,-250,-107, -61,  15, -18,   0,-957,-271;
  20,-253,-108, -63,  18, -17,  -5,-958,-267;
  15,-251,-109, -66,  20, -15,  -3,-959,-271;
  19,-253,-114, -69,  22, -15,  -3,-966,-275;
  21,-253,-109, -72,  24, -14,  -1,-966,-266;
  18,-254,-109, -72,  24, -13,  -2,-968,-268;
  18,-256,-107, -75,  24, -15,  -1,-968,-273;
  18,-255,-111, -74,  23, -13,  -5,-970,-269;
  22,-256,-111, -74,  23, -14,  -4,-968,-269;
  18,-254,-106, -74,  23, -15,  -3,-969,-270;
  18,-257,-106, -72,  21, -15,  -3,-969,-265;
  15,-255,-113, -70,  18, -15,  -5,-969,-271;
  17,-255,-107, -69,  16, -16,  -3,-968,-265;
  20,-250,-106, -65,  17, -16,  -3,-967,-270;
  18,-255,-111, -63,  17, -14,  -3,-969,-265;
  18,-255,-111, -59,  18, -14,  -6,-968,-267;
  15,-253,-108, -59,  17, -14,  -4,-969,-269;
  17,-256,-111, -56,  16, -13,   3,-969,-271;
  17,-256,-109, -53,  16, -13,  -3,-966,-261;
  18,-254,-111, -54,  16, -12,  -7,-968,-271;
  17,-258,-112, -52,  15, -13,  -5,-961,-261;
  19,-253,-108, -52,  15, -14,  -2,-968,-268;
  19,-251,-106, -51,  15, -13,  -9,-965,-270;
  21,-254,-110, -48,  15, -11,  -7,-967,-272;
  18,-254,-109, -49,  16, -12,  -8,-962,-270;
  21,-255,-111, -47,  15, -12,  -4,-960,-268;
  18,-254,-109, -48,  15, -12,  -1,-961,-270;
  20,-255,-109, -47,  15, -11,  -2,-964,-269;
  18,-255,-110, -48,  15, -12,  -4,-967,-263;
  20,-254,-107, -49,  15, -11,  -4,-968,-267;
  18,-253,-113, -49,  15, -11,  -3,-962,-266;
  17,-252,-108, -46,  16, -11,  -6,-963,-269;
  18,-249,-103, -44,  17, -11,  -3,-960,-263;
  17,-254,-108, -42,  19, -12,  -1,-956,-263;
  16,-250,-112, -41,  18, -12,  -6,-961,-262;
  22,-257,-110, -43,  19, -11,  -2,-956,-262;
  19,-253,-105, -46,  19, -11,  -8,-958,-267;
  18,-254,-109, -48,  19, -11,  -9,-959,-264;
  18,-254,-108, -50,  18, -12,  -4,-965,-265;
  17,-252,-108, -48,  18, -12,  -8,-965,-267;
  17,-255,-111, -47,  17, -11,  -5,-965,-265;
  17,-256,-106, -46,  16, -12,  -6,-965,-261;
  15,-254,-106, -43,  17, -13,  -7,-964,-265;
  19,-254,-109, -40,  17, -13,  -1,-966,-273;
  19,-253,-106, -39,  17, -14,  -6,-962,-268;
  19,-253,-107, -37,  15, -13,  -4,-960,-264;
  18,-254,-109, -35,  15, -12,  -4,-966,-266;
  20,-254,-110, -35,  14, -14,  -6,-955,-268;
  19,-251,-110, -35,  14, -13,  -8,-961,-265;
  18,-255,-105, -35,  15, -11,  -1,-965,-268;
  18,-250,-107, -33,  16,  -9,  -9,-965,-266;
  21,-254,-112, -33,  15,  -9,  -3,-962,-268;
  19,-254,-106, -33,  15, -10,   0,-963,-268;
  23,-252,-109, -34,  16,  -9,  -3,-968,-268;
  19,-255,-110, -34,  17, -10,  -2,-964,-275;
  19,-251,-107, -35,  18, -10,  -2,-964,-271;
  20,-253,-110, -36,  17,  -9,   0,-959,-272;
  18,-253,-108, -37,  17,  -9,  -6,-968,-272;
  15,-252,-108, -36,  17,  -8,  -1,-964,-271;
  18,-255,-112, -37,  18,  -9,  -2,-966,-267;
  17,-252,-108, -35,  18,  -8,  -1,-965,-271;
  18,-256,-113, -35,  18,  -7,  -5,-963,-271;
  18,-254,-108, -35,  17,  -8,  -1,-969,-270;
  19,-253,-108, -35,  18,  -9,  -3,-961,-270;
  18,-253,-108, -34,  17,  -8,  -2,-969,-266;
  23,-255,-109, -36,  16,  -8,  -3,-965,-265;
  19,-253,-106, -36,  16,  -8,  -5,-964,-267;
  18,-256,-110, -35,  16,  -9,  -1,-967,-264;
  21,-256,-107, -34,  16,  -9,  -3,-965,-271;
  17,-252,-106, -35,  16,  -9,  -1,-964,-266;
  18,-254,-109, -34,  15,  -9,  -6,-965,-263;
  19,-253,-110, -33,  16, -10,  -6,-966,-264;
  19,-251,-107, -33,  15,  -9,  -3,-965,-262;
  19,-254,-110, -34,  14,  -9, -10,-967,-263;
  19,-255,-109, -34,  14,  -8,  -7,-968,-263;
  20,-255,-107, -32,  15,  -9,  -6,-966,-264;
  17,-255,-109, -33,  13,  -9,  -1,-961,-267;
  17,-254,-106, -32,  12,  -9,  -5,-965,-266;
  18,-254,-110, -31,  13, -10,  -7,-965,-262;
  21,-255, -99, -31,  13, -10,  -8,-963,-264;
  19,-254,-110, -31,  12,  -9,  -6,-961,-264;
  15,-252,-107, -31,  12, -10,   0,-963,-267;
  17,-254,-112, -31,  13,  -9,  -4,-967,-266;
  20,-252,-106, -30,  12,  -7,  -5,-966,-266;
  19,-254,-110, -28,  13,  -7, -11,-963,-265;
  19,-253,-109, -30,  14,  -9,  -5,-965,-265;
  22,-257,-108, -31,  14,  -9,  -5,-965,-265;
  20,-255,-109, -30,  15,  -8,  -5,-967,-266;
  20,-252,-104, -31,  15,  -9,  -2,-966,-266;
  22,-253,-107, -32,  15, -10,  -3,-962,-269;
  18,-256,-107, -30,  16,  -9,  -1,-964,-266;
  20,-254,-105, -31,  16,  -9,  -5,-967,-264;
  21,-256,-105, -32,  15,  -8,   0,-962,-268;
  20,-254,-110, -31,  15,  -9,  -7,-968,-264;
  18,-256,-111, -32,  14,  -8,  -1,-964,-264;
  18,-255,-108, -33,  13,  -8,   1,-966,-261;
  21,-257,-106, -34,  12,  -8,  -5,-962,-263;
  15,-253,-107, -34,  12,  -8,  -4,-964,-264;
  18,-251,-107, -33,  11,  -8,  -3,-967,-263;
  19,-254,-107, -34,  12,  -7,  -5,-965,-261;
  26,-257,-111, -34,  10, -10,  -7,-966,-263;
  17,-253,-108, -36,  11, -10,  -2,-968,-268;
  16,-254,-109, -36,  12,  -8,  -1,-964,-266;
  19,-254,-107, -36,  12,  -9,   0,-965,-262;
  19,-254,-109, -36,  13, -10,   0,-966,-262;
  18,-255,-108, -37,  13, -10,  -2,-969,-260;
  19,-257,-107, -37,  11,  -9, -13,-969,-261;
  18,-256,-109, -36,  11,  -9,  -5,-971,-257;
  20,-257,-106, -33,  10, -10,  -9,-972,-266;
  18,-253,-108, -31,   9,  -9,  -7,-970,-265;
  17,-257,-107, -31,   9,  -9,  -3,-968,-266;
  17,-255,-111, -30,  10,  -9,  -2,-968,-268;
  19,-250,-110, -30,  11,  -8,  -5,-965,-259;
  19,-254,-108, -32,  13,  -8,  -7,-968,-261;
  17,-255,-108, -34,  13,  -8,  -4,-970,-258;
  20,-255,-108, -34,  14, -10,  -4,-962,-264;
  20,-255,-107, -34,  13,  -8, -11,-965,-261;
  18,-253,-106, -32,  14,  -8,  -1,-960,-264;
  17,-256,-112, -31,  14,  -7,  -1,-964,-261;
  18,-250,-107, -28,  16,  -7,   0,-961,-261;
  19,-253,-108, -30,  16,  -7,  -6,-958,-260;
  20,-251,-106, -32,  14,  -7,  -4,-958,-260;
  18,-250,-109, -34,  13,  -7, -13,-957,-259;
  19,-253,-109, -35,  13,  -7,  -3,-960,-259;
  20,-254,-106, -35,  12,  -8,  -5,-964,-255;
  19,-255,-107, -36,   9,  -8, -14,-962,-269;
  19,-253,-109, -36,   8, -10,  -5,-958,-258;
  18,-254,-107, -34,   7, -11,  -9,-960,-263;
  19,-251,-108, -29,   8, -12,  -3,-962,-260;
  18,-252,-110, -29,   7, -13,  -5,-962,-265;
  19,-252,-106, -28,   6, -14,  -8,-959,-260;
  16,-252,-110, -28,   6, -14,  -3,-958,-256;
  18,-251,-112, -29,   7, -14,  -7,-955,-261;
  19,-253,-106, -29,   5, -14,  -5,-959,-260;
  16,-253,-106, -31,   5, -12,  -1,-956,-265;
  19,-254,-111, -32,   5, -11,  -1,-966,-266;
  18,-253,-112, -32,   5, -11,  -1,-964,-269;
  19,-253,-109, -32,   6, -11,   2,-960,-265;
  20,-254,-112, -31,   8, -11,  -3,-963,-261;
  21,-254,-108, -32,   9, -10,  -1,-964,-265;
  18,-255,-113, -34,   8,  -9,   1,-960,-269;
  21,-250,-109, -37,  10,  -8,   1,-961,-261;
  21,-256,-107, -42,  11,  -8,   0,-964,-258;
  20,-251,-104, -46,  12,  -8,  -1,-957,-260;
  18,-252,-112, -49,  13,  -7,  -2,-963,-260;
  20,-253,-102, -49,  14,  -8,  -1,-965,-259;
  17,-252,-108, -50,  14,  -7,   2,-959,-258;
  20,-255,-108, -51,  15,  -8,   1,-963,-258;
  21,-255,-106, -52,  15,  -7,   2,-963,-258;
  21,-252,-108, -54,  15,  -7,   2,-959,-258;
  22,-251,-111, -57,  17,  -5,   0,-959,-260;
  24,-251,-107, -57,  19,  -4,   6,-955,-263;
  23,-251,-108, -60,  19,  -5,   7,-955,-261;
  20,-249,-104, -61,  22,  -4,   6,-954,-265;
  21,-249,-109, -66,  26,  -3,  11,-950,-270;
  21,-253,-112, -71,  28,  -3,   7,-952,-266;
  22,-251,-112, -73,  29,  -3,   3,-947,-266;
  22,-250,-111, -75,  32,  -2,   4,-951,-268;
  22,-253,-110, -79,  35,  -2,   6,-947,-270;
  19,-249,-108, -82,  37,  -3,   3,-947,-272;
  19,-247,-108, -86,  38,  -1,   6,-949,-275;
  19,-251,-112, -89,  39,  -3,   5,-951,-273;
  16,-250,-113, -93,  39,  -4,  -1,-948,-275;
  20,-250,-114, -94,  38,  -4,  -4,-948,-274;
  16,-249,-114, -98,  36,  -5,  -2,-951,-280;
  16,-255,-115,-101,  37,  -6,  -4,-949,-281;
  18,-248,-114,-105,  34,  -6,  -1,-945,-287;
  17,-248,-114,-109,  31,  -7,  -7,-944,-283;
  16,-247,-114,-115,  27,  -7,  -3,-938,-286;
  16,-247,-113,-119,  25,  -8,  -7,-940,-287;
  17,-244,-115,-126,  21,  -8, -10,-939,-287;
  16,-244,-113,-133,  18,  -5, -15,-940,-295;
  19,-247,-113,-139,  15,  -5, -10,-937,-292;
  16,-244,-112,-146,  12,  -6,  -7,-934,-293;
  16,-246,-115,-150,  10,  -6,  -4,-931,-295;
  17,-246,-110,-156,   8,  -8,  -7,-935,-294;
  19,-245,-114,-161,   6,  -9,  -4,-929,-298;
  16,-243,-119,-164,   5, -10, -14,-926,-293;
  19,-241,-119,-170,   1, -12, -10,-931,-299;
  15,-240,-117,-173,  -1, -13, -14,-924,-300;
  15,-240,-119,-178,  -4, -14, -17,-921,-303;
  18,-244,-117,-185,  -6, -13, -19,-920,-302;
  18,-239,-121,-191,  -9, -12, -15,-910,-305;
  14,-238,-117,-198, -10, -12, -17,-915,-301;
  17,-238,-117,-205, -10,  -9, -16,-912,-306;
  16,-239,-119,-212, -11,  -9,  -8,-912,-308;
  16,-237,-121,-222, -11,  -8, -14,-909,-310;
  20,-237,-117,-231, -10,  -6,  -6,-910,-311;
  23,-244,-120,-240,  -7,  -4,  -4,-911,-311;
  17,-238,-121,-249,  -6,  -4,  -5,-913,-316;
  20,-240,-122,-257,  -2,  -3,   0,-909,-320;
  18,-239,-122,-266,   0,  -5,  -4,-913,-318;
  18,-239,-122,-277,   0,  -5,  -5,-906,-319;
  18,-236,-122,-285,  -2,  -6,  -5,-908,-321;
  18,-240,-125,-294,  -6,  -6, -11,-905,-321;
  16,-236,-126,-301,  -9,  -8,  -8,-907,-320;
  17,-234,-123,-309, -13,  -9, -10,-900,-323;
  15,-234,-124,-318, -17,  -8,  -8,-888,-326;
   8,-235,-131,-326, -21,  -9, -12,-887,-328;
  18,-229,-118,-336, -26, -10, -13,-884,-327;
  18,-231,-123,-348, -30, -10, -20,-882,-330;
  13,-229,-126,-360, -34, -10, -23,-875,-331;
  14,-227,-127,-372, -34, -10, -19,-875,-337;
  20,-230,-128,-386, -37, -11, -16,-869,-332;
  16,-231,-126,-400, -42, -11, -24,-866,-338;
  17,-228,-125,-417, -44, -13, -18,-868,-338;
  16,-228,-127,-430, -47, -13, -19,-873,-342;
  15,-230,-132,-443, -50, -13, -19,-868,-345;
  15,-230,-128,-457, -55, -15, -18,-870,-349;
  16,-236,-128,-469, -56, -15, -14,-870,-355;
  17,-228,-129,-483, -58, -17, -16,-872,-353;
  16,-230,-131,-492, -57, -15,  -7,-875,-358;
  19,-233,-130,-505, -54, -15,  -8,-874,-352;
  16,-230,-134,-518, -52, -15,  -9,-876,-360;
  22,-233,-130,-526, -50, -15, -10,-875,-357;
  19,-231,-128,-534, -46, -14, -10,-878,-361;
  17,-226,-129,-543, -45, -14,  -7,-878,-368;
  19,-233,-131,-553, -43, -14,  -5,-885,-364;
  17,-232,-131,-559, -43, -16,  -8,-885,-369;
  18,-237,-133,-567, -44, -17,  -5,-887,-370;
  15,-236,-134,-573, -45, -18, -14,-896,-371;
  16,-236,-134,-578, -47, -21, -12,-896,-376;
  16,-238,-135,-583, -50, -23,  -6,-901,-379;
  16,-239,-134,-587, -52, -24, -11,-909,-375;
  20,-241,-131,-593, -53, -25, -24,-910,-374;
  15,-239,-136,-598, -55, -28, -21,-912,-379;
  15,-239,-137,-601, -57, -29, -19,-910,-376;
  15,-238,-138,-603, -59, -30, -21,-907,-378;
  16,-240,-135,-607, -62, -32, -22,-909,-381;
  17,-240,-132,-610, -64, -31, -20,-914,-381;
  15,-235,-136,-614, -68, -32, -21,-913,-382;
  23,-240,-138,-619, -72, -32, -15,-912,-381;
  14,-237,-135,-625, -75, -32, -18,-918,-390;
  15,-240,-138,-627, -76, -31, -16,-909,-387;
  15,-238,-137,-628, -78, -31, -22,-911,-390;
  13,-239,-139,-629, -80, -32, -20,-906,-394;
  14,-237,-141,-630, -81, -31, -23,-905,-394;
  12,-240,-141,-631, -84, -29, -31,-911,-399;
  11,-239,-143,-634, -88, -29, -31,-910,-414;
  11,-241,-141,-637, -92, -27, -28,-916,-411;
  11,-242,-142,-643, -97, -23, -35,-922,-412;
  15,-240,-143,-645,-100, -22, -22,-919,-415;
  15,-243,-148,-646,-103, -21, -29,-922,-419;
  17,-244,-143,-644,-105, -19, -26,-923,-421;
  14,-242,-147,-639,-102, -17, -31,-922,-425;
  15,-243,-148,-633,-101, -17, -30,-920,-429;
  13,-240,-147,-628, -99, -15, -27,-916,-432;
  13,-239,-151,-623, -97, -14, -20,-912,-436;
  13,-243,-150,-624, -96, -12, -24,-914,-438;
  17,-241,-151,-623, -95,  -7, -18,-915,-446;
  17,-243,-154,-622, -94,  -5,  -7,-920,-438;
  16,-242,-150,-619, -93,  -2, -11,-923,-444;
  16,-248,-153,-612, -92,  -1,  -9,-922,-445;
  28,-243,-153,-606, -91,   0,  -4,-921,-448;
  18,-240,-155,-599, -88,  -3,  -2,-918,-450;
  18,-240,-151,-593, -84,  -4,  -6,-916,-454;
  18,-238,-158,-588, -80,  -6,  -6,-902,-452;
  17,-238,-155,-585, -78,  -7, -12,-906,-459;
  16,-237,-161,-582, -74,  -9, -19,-900,-463;
  15,-239,-157,-584, -74, -10, -10,-903,-466;
  16,-239,-155,-583, -76, -11, -16,-906,-471;
  13,-236,-156,-581, -80, -12, -13,-907,-477;
  14,-241,-162,-580, -84, -12, -23,-909,-480;
  14,-238,-165,-576, -86, -13, -24,-901,-482;
   8,-237,-165,-570, -87, -15, -22,-906,-492;
  13,-235,-163,-562, -84, -18, -30,-886,-496;
  10,-234,-166,-554, -82, -20, -31,-885,-498;
  13,-233,-163,-545, -81, -19, -28,-884,-509;
  13,-233,-169,-539, -83, -18, -24,-872,-510;
  13,-228,-173,-537, -88, -15, -25,-865,-513;
  14,-229,-173,-535, -92, -11, -21,-860,-522;
  13,-228,-177,-536, -97,  -6, -16,-856,-532;
  19,-225,-177,-538,-100,  -1, -10,-851,-540;
  15,-221,-176,-540, -98,   4,  -5,-844,-541;
  18,-223,-174,-540, -93,   8,  -2,-842,-540;
  20,-224,-180,-546, -87,  13,   1,-828,-540;
  20,-219,-172,-551, -79,  15,   2,-825,-542;
  21,-216,-174,-559, -70,  15,   9,-819,-545;
  23,-216,-175,-564, -61,  14,   8,-812,-544;
  21,-213,-177,-571, -52,  11,  15,-808,-547;
  25,-214,-177,-581, -47,   6,  14,-804,-551;
  23,-210,-179,-587, -42,  -1,  12,-804,-551;
  23,-209,-179,-593, -40,  -6,  11,-802,-557;
  25,-211,-180,-596, -39, -13,  13,-796,-547;
  18,-210,-181,-600, -35, -17,  13,-799,-552;
  17,-212,-184,-603, -34, -23,   7,-795,-555;
  21,-210,-176,-604, -30, -27,  -1,-795,-550;
  19,-207,-180,-606, -26, -29,  -5,-791,-559;
  16,-208,-186,-607, -24, -30, -15,-784,-560;
  13,-206,-184,-609, -22, -31, -20,-786,-563;
  12,-207,-186,-610, -22, -30, -29,-781,-566;
  11,-206,-185,-607, -26, -27, -32,-777,-574;
   8,-202,-183,-604, -34, -27, -37,-783,-579;
   5,-205,-184,-600, -47, -24, -39,-779,-580;
   7,-209,-187,-596, -58, -21, -47,-784,-587;
   6,-207,-190,-594, -65, -15, -52,-777,-588;
   5,-209,-189,-597, -66,  -9, -49,-774,-599;
   2,-207,-189,-605, -60,  -7, -54,-779,-599;
   4,-205,-191,-608, -52,  -3, -56,-771,-609;
   3,-203,-193,-614, -45,   0, -58,-776,-607;
   3,-202,-193,-616, -39,   2, -58,-772,-612;
   5,-201,-194,-620, -37,   6, -57,-769,-621;
   3,-200,-196,-626, -39,  11, -51,-769,-624;
   7,-203,-195,-632, -41,  15, -47,-765,-624;
   8,-205,-196,-638, -45,  17, -49,-765,-627;
   7,-200,-194,-640, -52,  22, -45,-763,-626;
   8,-204,-201,-644, -58,  24, -39,-766,-633;
   9,-200,-194,-646, -63,  27, -35,-767,-632;
  12,-206,-201,-645, -65,  30, -34,-769,-633;
  13,-204,-199,-641, -67,  32, -36,-768,-641;
  13,-203,-198,-635, -67,  30, -34,-765,-640;
  14,-205,-197,-629, -64,  29, -32,-762,-642;
  13,-203,-199,-627, -58,  29, -31,-765,-639;
  13,-204,-204,-622, -51,  27, -27,-767,-640;
  17,-206,-195,-622, -44,  24, -27,-760,-640;
  13,-202,-200,-622, -36,  22, -23,-758,-643;
  11,-198,-202,-621, -28,  20, -25,-760,-640;
  12,-202,-199,-621, -20,  20, -24,-754,-647;
  17,-199,-193,-622, -13,  18, -28,-750,-643;
  11,-202,-200,-624, -10,  18, -31,-751,-644;
  11,-199,-204,-626,  -8,  19, -32,-756,-651;
  11,-198,-205,-626, -10,  19, -35,-751,-652;
   8,-201,-204,-624, -13,  21, -40,-750,-658;
   7,-201,-201,-620, -19,  25, -42,-753,-666;
   7,-196,-206,-613, -26,  27, -43,-754,-665;
   6,-199,-206,-607, -31,  29, -45,-753,-672;
   8,-200,-203,-604, -35,  32, -53,-756,-672;
   3,-198,-207,-605, -39,  36, -52,-754,-680;
  10,-202,-209,-599, -44,  37, -55,-757,-680;
   5,-198,-204,-590, -50,  40, -54,-755,-679;
   3,-196,-208,-583, -56,  46, -50,-751,-682;
   8,-195,-208,-579, -59,  51, -43,-744,-684;
   7,-195,-214,-582, -62,  57, -47,-736,-688;
  13,-194,-210,-589, -58,  64, -36,-732,-684;
  12,-193,-208,-597, -50,  69, -33,-719,-681;
  14,-192,-215,-600, -42,  76, -29,-722,-685;
  15,-191,-215,-601, -34,  78, -19,-714,-687;
  14,-190,-213,-600, -26,  80, -15,-714,-692;
  17,-190,-214,-600, -18,  80,  -8,-711,-696;
  17,-189,-211,-596, -15,  79, -11,-713,-702;
  17,-189,-213,-593, -12,  77,  -9,-714,-704;
  16,-191,-215,-589,  -8,  74,  -8,-712,-699;
  15,-192,-218,-585,  -7,  72,  -6,-719,-704;
  14,-192,-216,-583,  -6,  67, -15,-723,-704;
  15,-192,-218,-585,  -4,  64, -23,-712,-705;
  18,-194,-219,-588,   1,  62, -18,-723,-708;
  13,-193,-219,-588,  10,  62, -21,-717,-704;
  11,-193,-214,-587,  18,  60, -27,-715,-708;
  16,-189,-213,-585,  28,  60, -20,-718,-702;
  10,-192,-221,-584,  36,  61, -22,-717,-704;
  15,-187,-216,-583,  40,  62, -27,-717,-715;
   9,-184,-221,-582,  44,  64, -24,-708,-718;
  11,-190,-225,-580,  45,  65, -29,-708,-722;
  10,-190,-224,-576,  45,  67, -35,-706,-730;
  10,-188,-224,-573,  43,  67, -36,-702,-731;
   8,-188,-224,-570,  40,  67, -41,-702,-731;
   4,-185,-223,-566,  39,  69, -40,-698,-739;
   3,-184,-227,-565,  38,  70, -44,-698,-742;
   8,-187,-222,-564,  35,  69, -47,-697,-742;
   8,-187,-224,-564,  34,  70, -48,-691,-742;
   7,-185,-222,-562,  31,  70, -49,-686,-742;
   3,-186,-225,-557,  29,  71, -53,-683,-744;
   3,-182,-227,-551,  27,  73, -51,-685,-745;
   5,-184,-229,-544,  24,  76, -60,-679,-748;
   2,-182,-228,-539,  21,  77, -60,-678,-754;
   3,-185,-229,-537,  19,  79, -61,-674,-755;
   3,-179,-226,-536,  18,  81, -59,-672,-749;
   4,-181,-229,-537,  17,  82, -57,-670,-759;
   1,-177,-227,-536,  18,  84, -53,-665,-753;
   4,-176,-231,-535,  18,  86, -54,-658,-761;
   7,-178,-236,-535,  23,  90, -51,-658,-763;
   8,-175,-231,-537,  25,  91, -44,-653,-762;
  11,-175,-233,-540,  27,  93, -37,-650,-773;
   8,-176,-235,-543,  29,  95, -34,-652,-771;
  10,-174,-235,-545,  29,  96, -29,-650,-775;
   9,-175,-235,-546,  31,  95, -34,-654,-779;
  10,-172,-236,-546,  34,  94, -33,-654,-788;
  10,-176,-237,-546,  38,  91, -35,-649,-789;
   7,-174,-238,-545,  41,  89, -39,-647,-783;
  11,-174,-233,-549,  47,  87, -40,-647,-786;
   7,-175,-237,-551,  49,  83, -45,-638,-785;
   7,-172,-238,-554,  52,  77, -49,-636,-779;
   5,-169,-234,-557,  54,  71, -53,-632,-791;
   5,-165,-238,-560,  55,  72, -59,-629,-787;
  10,-169,-240,-563,  57,  75, -55,-626,-783;
   6,-168,-239,-563,  55,  76, -51,-620,-784;
   7,-168,-234,-562,  50,  75, -51,-619,-786;
   6,-167,-238,-559,  47,  70, -56,-613,-787;
   2,-166,-236,-557,  45,  70, -66,-604,-791;
   7,-164,-238,-556,  44,  75, -56,-611,-791;
   3,-161,-239,-552,  42,  78, -51,-602,-792;
   4,-162,-240,-551,  39,  76, -52,-602,-798;
   6,-163,-243,-552,  35,  74, -45,-601,-796;
   1,-158,-241,-548,  26,  61, -69,-597,-804;
  -5,-157,-244,-548,  23,  62, -85,-591,-802;
   4,-158,-235,-549,  21,  72, -72,-592,-801;
   1,-157,-236,-549,  19,  73, -66,-590,-803;
   4,-157,-242,-555,  19,  69, -63,-585,-803;
   4,-157,-239,-559,  23,  67, -50,-580,-802;
   2,-150,-246,-558,  22,  54, -56,-577,-813;
   0,-151,-247,-561,  32,  53, -78,-566,-825;
   4,-153,-250,-564,  45,  73, -60,-567,-829;
   4,-153,-247,-566,  51,  78, -50,-571,-827;
   4,-154,-254,-569,  59,  77, -38,-573,-833;
   8,-148,-246,-572,  71,  76, -42,-566,-841;
  10,-150,-247,-571,  83,  73, -33,-569,-840;
   6,-157,-255,-570,  90,  56, -38,-563,-848;
   3,-148,-258,-573,  98,  54, -67,-549,-855;
   5,-149,-256,-583, 109,  67, -51,-548,-859;
   7,-150,-254,-598, 112,  68, -49,-557,-863;
   7,-150,-256,-613, 112,  62, -51,-552,-860;
   6,-151,-254,-625, 116,  59, -50,-555,-860;
   4,-148,-258,-633, 121,  52, -57,-555,-851;
  13,-151,-255,-634, 124,  44, -38,-555,-848;
   0,-145,-261,-621, 113,   7, -61,-543,-850;
  -5,-145,-259,-613, 126,  15, -91,-527,-861;
   7,-151,-257,-610, 137,  35, -47,-529,-863;
   7,-142,-253,-607, 137,  36, -42,-523,-872;
  32,-152,-251,-593, 135,  26,  20,-535,-858;
   1,-138,-260,-578, 121,  -1, -89,-506,-896;
   3,-140,-260,-565, 125,  29, -54,-519,-892;
   8,-146,-267,-558, 116,  42, -42,-522,-894;
   8,-143,-266,-557, 105,  38, -32,-520,-903;
  18,-141,-259,-548,  99,  10, -15,-524,-904;
  -9,-134,-270,-543,  97,  -8, -98,-497,-919;
   5,-143,-269,-554, 114,  26, -49,-514,-909;
   8,-141,-263,-570, 116,  30, -36,-522,-906;
  10,-141,-260,-579, 112,  26, -39,-524,-903;
  13,-145,-259,-576, 112,  24, -29,-528,-901;
  -3,-139,-276,-556, 101, -18, -73,-528,-903;
  -7,-139,-282,-534, 105, -13, -91,-518,-925;
   0,-144,-275,-528, 111,  20, -48,-529,-918;
   8,-145,-271,-529, 101,  24, -43,-531,-925;
  12,-143,-265,-524,  90,  23, -45,-523,-923;
  13,-139,-264,-514,  83,  23, -38,-517,-918;
  26,-140,-255,-490,  82,   0,   9,-524,-919;
  -9,-127,-274,-467,  74, -17,-118,-473,-938;
   2,-129,-280,-467,  83,  34, -56,-475,-931;
   4,-129,-280,-483,  79,  48, -37,-483,-933;
  11,-130,-274,-498,  71,  48, -36,-476,-934;
  12,-128,-267,-509,  72,  50, -33,-473,-932;
  70,-147,-259,-517,  82,  45, 156,-512,-869;
  -3,-126,-257,-507,  60, -14,-125,-452,-942;
   8,-128,-262,-516,  95,  35, -72,-472,-941;
   9,-132,-268,-537, 102,  61, -45,-484,-929;
   7,-129,-270,-550,  94,  60, -46,-479,-924;
   7,-126,-272,-551,  91,  58, -39,-472,-922;
   5,-130,-269,-541,  92,  59, -37,-471,-919;
   1,-127,-278,-508,  79,  11, -13,-479,-908;
 -24,-108,-290,-472,  75,   7,-139,-423,-948;
   0,-122,-285,-470,  87,  66, -59,-447,-938;
   3,-124,-273,-480,  77,  78, -44,-441,-936;
   7,-118,-267,-486,  71,  74, -37,-437,-930;
  11,-118,-262,-486,  73,  72, -36,-426,-927;
  14,-119,-264,-486,  76,  68, -24,-430,-923;
  11,-121,-266,-471,  64,  16, -58,-419,-915;
 -23,-105,-290,-460,  60,  14,-130,-397,-949;
  -3,-115,-286,-485,  74,  72, -59,-422,-941;
   4,-114,-275,-515,  65,  83, -58,-423,-936;
   6,-116,-276,-533,  57,  80, -61,-416,-942;
   8,-116,-269,-540,  53,  79, -57,-425,-937;
   2,-121,-269,-538,  48,  79, -57,-442,-941;
   6,-125,-272,-533,  45,  75, -55,-448,-940;
  73,-148,-266,-517,  47,  63, 232,-493,-880;
 -12,-113,-269,-474,  15,  -3,-160,-407,-973;
   8,-123,-261,-451,  59,  57, -74,-437,-979;
   9,-121,-271,-453,  68,  77, -64,-436,-965;
   1,-116,-277,-447,  64,  72, -57,-421,-965;
   0,-113,-285,-427,  61,  68, -61,-415,-965;
   3,-117,-291,-407,  57,  61, -57,-416,-971;
  -1,-113,-282,-391,  49,  51, -66,-405,-968;
   6,-112,-279,-384,  39,  45, -50,-398,-966;
  91,-129,-261,-377,  42,  33, 278,-455,-902;
 -21, -94,-263,-354,   3, -34,-215,-343,-979;
   9,-107,-261,-363,  42,  36, -72,-379,-965;
   2,-103,-271,-395,  33,  50, -70,-371,-951;
  -2,-101,-275,-406,  21,  46, -69,-359,-937;
  -2, -99,-278,-407,  11,  43, -69,-354,-936;
  -5, -94,-277,-404,   2,  40, -72,-355,-941;
   2, -99,-277,-403,  -4,  36, -76,-345,-949;
   3, -95,-272,-403,  -8,  33, -66,-346,-951;
   4, -98,-272,-399,  -7,  35, -64,-345,-961;
   6, -98,-276,-396,  -5,  36, -60,-355,-968;
   4,-101,-283,-392,   3,  35, -58,-348,-976;
   4,-103,-284,-386,  11,  32, -50,-348,-976;
   5, -98,-284,-381,  21,  29, -51,-352,-974;
   7, -99,-282,-379,  30,  27, -50,-354,-979;
   8, -98,-278,-378,  37,  25, -40,-352,-977;
  13, -99,-287,-380,  42,  23, -28,-354,-979;
  68,-114,-273,-378,  51,  14, 265,-439,-892;
 -27, -86,-290,-361,  13, -51,-183,-310,-1003;
  21,-101,-270,-365,  69,  23, -23,-360,-986;
  14,-101,-268,-388,  80,  40, -31,-361,-969;
   9,-101,-276,-391,  82,  41, -34,-354,-968;
  12,-100,-282,-378,  79,  36, -12,-357,-973;
  12, -97,-283,-366,  76,  49, -23,-340,-960;
  12, -95,-286,-343,  79,  47, -27,-342,-972;
  13, -98,-282,-328,  78,  37, -35,-343,-973;
  13, -97,-277,-321,  76,  29, -28,-341,-961;
   8, -93,-277,-315,  75,  19, -44,-340,-960;
   0,-100,-275,-303,  75,   2, -81,-353,-949;
-186,-158,-249,-301,  54, -49,-1109,-665,-926;
 198, -41,-300,-370, -42,-321, 555,-215,-786;
  55, -37,-345,-362,-226,-201, 288, -48,-1128;
  -2, -80,-310,-289, -24, -18, -67,-244,-1087;
   0, -95,-277,-254,  75,  13, -72,-335,-981;
  10, -97,-273,-243,  41,  22, -60,-341,-971;
  13, -92,-277,-241,  17,  17, -43,-327,-971;
   7, -86,-284,-225,  30,   9, -43,-309,-968;
   5, -81,-288,-210,  39,   7, -50,-289,-972;
   5, -80,-287,-215,  38,  11, -53,-285,-974;
   3, -82,-284,-235,  34,  15, -58,-289,-977;
   2, -81,-284,-261,  40,  19, -62,-283,-974;
   3, -85,-282,-275,  42,  23, -62,-287,-967;
   1, -85,-276,-278,  36,  25, -70,-286,-962;
   1, -79,-278,-271,  26,  28, -71,-279,-957;
   1, -80,-280,-269,  15,  30, -67,-277,-966;
   5, -80,-282,-273,  10,  37, -61,-275,-977;
   0, -77,-285,-279,  11,  44, -66,-282,-978;
   0, -81,-282,-282,  13,  46, -65,-281,-977;
   4, -84,-285,-278,  12,  43, -54,-296,-986;
  23, -88,-248,-266,  23,  23,  43,-314,-971;
 -20, -74,-287,-232, -10, -33,-191,-256,-1028;
  -3, -79,-298,-238,  28,  33, -69,-288,-1010;
   0, -87,-296,-262,  34,  36, -68,-288,-995;
   1, -82,-298,-266,  38,  31, -63,-280,-990;
   2, -81,-293,-262,  37,  26, -60,-289,-991;
   4, -82,-286,-253,  39,  21, -53,-294,-990;
   3, -83,-284,-242,  43,  19, -60,-291,-988;
   7, -84,-286,-229,  47,  17, -59,-293,-988;
   5, -83,-287,-221,  49,  19, -52,-300,-988;
   5, -81,-286,-215,  47,  22, -52,-297,-990;
   2, -80,-283,-208,  45,  19, -57,-285,-984;
   7, -78,-283,-201,  38,  14, -46,-286,-986;
   8, -82,-282,-197,  32,  13, -40,-288,-984;
   8, -82,-280,-192,  27,  11, -45,-284,-976;
   6, -79,-286,-184,  24,   7, -47,-274,-973;
   5, -79,-284,-173,  21,   0, -44,-273,-975;
   7, -77,-285,-162,  18,  -5, -43,-268,-984;
   6, -77,-281,-156,  14, -10, -45,-268,-971;
   7, -75,-284,-152,  12, -12, -43,-263,-976;
   9, -74,-279,-147,  10, -14, -44,-261,-978;
   8, -73,-284,-146,  11, -15, -42,-258,-968;
   7, -76,-282,-146,  14, -13, -45,-257,-972;
   9, -75,-276,-145,  17, -14, -43,-255,-976;
   7, -72,-283,-148,  20, -12, -44,-254,-972;
   6, -69,-285,-149,  24, -13, -49,-254,-976;
   6, -72,-284,-150,  25, -11, -51,-252,-981;
   4, -73,-285,-149,  25, -10, -52,-252,-984;
   6, -76,-282,-151,  24,  -8, -49,-257,-984;
   3, -75,-285,-152,  21,  -5, -55,-258,-981;
   5, -76,-286,-152,  18,  -2, -50,-260,-983;
   4, -77,-284,-149,  15,   1, -52,-264,-989;
   4, -76,-287,-146,  15,   2, -54,-266,-990;
   6, -79,-286,-140,  13,   2, -49,-268,-992;
   7, -76,-290,-136,  12,   2, -51,-269,-996;
   8, -75,-288,-131,  11,   4, -47,-264,-998;
   6, -72,-286,-134,  10,   3, -45,-261,-996;
   9, -78,-283,-133,   9,   4, -42,-259,-996;
  12, -72,-283,-132,   8,   5, -42,-254,-990;
  11, -74,-285,-134,  11,   7, -36,-254,-986;
  10, -72,-287,-133,  12,   7, -35,-251,-984;
   7, -72,-282,-133,  16,   7, -38,-251,-985;
  11, -69,-288,-132,  17,   8, -34,-245,-983;
  10, -70,-288,-131,  19,   8, -39,-244,-978;
   9, -65,-277,-134,  20,   9, -34,-237,-975;
  10, -70,-280,-135,  20,   9, -35,-238,-972;
  12, -70,-281,-135,  19,   7, -34,-238,-973;
   7, -71,-278,-132,  17,   4, -34,-247,-972;
   8, -72,-282,-130,  14,   3, -36,-246,-970;
   8, -71,-279,-128,  12,   2, -35,-241,-971;
  11, -72,-281,-126,   7,   0, -40,-245,-975;
   8, -72,-285,-127,   6,   1, -43,-240,-973;
   7, -71,-283,-126,   5,   2, -42,-242,-975;
   9, -71,-281,-126,   3,   1, -43,-249,-977;
   7, -72,-284,-126,   5,   2, -39,-246,-982;
   8, -71,-282,-128,   6,   3, -50,-240,-983;
   7, -72,-285,-129,   6,   3, -43,-242,-986;
  10, -68,-285,-135,   8,   4, -41,-239,-986;
  10, -67,-285,-139,   9,   4, -42,-235,-986;
   9, -73,-280,-143,  12,   1, -44,-236,-986;
   9, -67,-288,-149,  13,   2, -42,-235,-984;
   8, -70,-286,-150,  14,  -2, -43,-236,-984;
   7, -69,-284,-149,  16,  -5, -48,-238,-987;
   4, -71,-283,-150,  17,  -7, -49,-240,-982;
   3, -68,-286,-152,  20,  -7, -50,-240,-991;
   3, -68,-287,-154,  20,  -9, -52,-238,-991;
   3, -72,-282,-155,  19, -10, -54,-239,-991;
   4, -69,-286,-157,  18, -10, -49,-241,-990;
   3, -72,-284,-156,  16,  -9, -55,-248,-985;
   4, -75,-279,-156,  15,  -8, -55,-246,-984;
   5, -71,-286,-156,  13,  -8, -50,-245,-985;
   5, -72,-285,-155,  12,  -7, -55,-235,-989;
   4, -67,-283,-153,  10,  -8, -50,-238,-985;
   5, -69,-285,-151,  11, -11, -53,-230,-986;
   4, -68,-287,-148,  12, -14, -48,-236,-988;
   7, -67,-285,-147,  14, -15, -47,-234,-982;
   6, -66,-288,-146,  14, -17, -48,-234,-986;
   4, -67,-291,-144,  17, -17, -48,-232,-985;
   8, -69,-290,-146,  19, -19, -46,-227,-982;
   7, -66,-283,-149,  21, -20, -40,-231,-986;
   9, -69,-292,-151,  24, -23, -39,-228,-985;
  10, -70,-284,-152,  25, -24, -38,-229,-986;
   8, -68,-282,-152,  27, -26, -39,-233,-989;
  11, -69,-286,-150,  28, -27, -34,-232,-984;
   9, -65,-289,-150,  28, -30, -40,-230,-989;
   8, -66,-284,-152,  31, -33, -37,-229,-985;
   7, -67,-286,-154,  31, -36, -40,-228,-985;
  10, -66,-284,-155,  30, -37, -40,-225,-985;
  11, -66,-284,-155,  28, -39, -40,-226,-987;
  11, -65,-282,-154,  25, -39, -39,-224,-991;
  11, -67,-282,-153,  22, -40, -34,-227,-993;
  10, -68,-286,-150,  23, -39, -33,-228,-987;
  12, -67,-288,-145,  23, -37, -35,-229,-986;
  12, -67,-289,-142,  25, -36, -30,-232,-993;
  10, -67,-286,-136,  27, -37, -35,-231,-994;
   9, -65,-289,-138,  29, -35, -35,-230,-995;
  12, -65,-285,-137,  31, -36, -33,-226,-993;
   7, -64,-287,-137,  31, -35, -34,-225,-993;
   7, -65,-286,-138,  31, -34, -33,-224,-985;
  10, -64,-284,-138,  30, -32, -34,-223,-990;
  11, -66,-286,-133,  26, -28, -32,-226,-989;
  14, -65,-288,-129,  24, -25, -32,-219,-987;
  15, -68,-289,-124,  22, -22, -26,-220,-986;
  13, -63,-286,-118,  22, -20, -24,-215,-985;
  13, -64,-289,-115,  20, -18, -26,-218,-989;
  13, -64,-286,-114,  17, -14, -23,-215,-987;
  14, -65,-287,-114,  14, -14, -26,-214,-990;
  11, -63,-288,-113,  11, -11, -30,-217,-996;
  12, -64,-287,-108,   9, -14, -29,-214,-998;
  11, -64,-286,-106,   7, -16, -30,-218,-996;
   9, -65,-288,-103,   7, -15, -32,-219,-989;
   8, -64,-288,-100,   8, -15, -35,-214,-993;
  11, -64,-287, -98,  10, -17, -37,-213,-994;
  13, -62,-290, -99,  11, -17, -33,-211,-991;
  11, -64,-289, -98,  11, -16, -33,-215,-992;
  10, -64,-291, -97,  13, -16, -32,-216,-993;
  12, -63,-289, -97,  15, -16, -34,-212,-993;
   8, -62,-282, -97,  16, -15, -33,-207,-994;
   8, -63,-287, -99,  17, -15, -33,-211,-992;
  12, -63,-286, -98,  21, -17, -33,-212,-992;
   9, -62,-288, -96,  22, -17, -35,-214,-993;
   8, -63,-290, -94,  22, -16, -33,-210,-991;
  12, -64,-287, -94,  23, -17, -32,-203,-995;
   8, -63,-287, -91,  23, -16, -37,-213,-996;
   5, -60,-289, -89,  23, -16, -35,-212,-992;
  12, -63,-287, -87,  25, -15, -38,-205,-992;
  11, -64,-286, -84,  26, -16, -34,-211,-997;
   8, -63,-286, -82,  25, -14, -34,-208,-997;
   9, -64,-288, -80,  24, -14, -34,-205,-999;
   8, -63,-286, -78,  23, -14, -40,-211,-996;
   5, -62,-288, -76,  21, -14, -38,-214,-995;
  10, -62,-282, -73,  18, -14, -48,-212,-997;
   6, -62,-288, -70,  15, -12, -44,-214,-992;
   7, -64,-290, -66,  13, -10, -44,-210,-995;
   5, -60,-286, -64,  12,  -9, -44,-208,-997;
   8, -58,-291, -60,   9,  -8, -45,-213,-990;
   8, -63,-286, -57,   8,  -9, -39,-211,-998;
   8, -63,-288, -55,   5,  -9, -40,-215,-990;
  10, -63,-287, -52,   4, -10, -37,-210,-994;
   9, -62,-287, -51,   2, -11, -35,-212,-988;
  10, -64,-286, -51,   1, -12, -36,-205,-988;
   9, -63,-287, -51,   1, -12, -37,-203,-989;
   7, -62,-285, -52,   1, -13, -38,-200,-987;
   7, -58,-288, -53,   1, -13, -34,-190,-987;
   7, -59,-285, -55,   0, -13, -37,-192,-986;
   9, -59,-287, -59,   1, -12, -39,-190,-985;
   7, -62,-287, -63,   0, -11, -38,-193,-985;
   8, -60,-288, -65,   0,  -8, -37,-194,-986;
  11, -63,-290, -67,   1,  -7, -34,-203,-992;
   9, -62,-286, -67,   2,  -5, -41,-204,-993;
  11, -64,-289, -64,   4,  -4, -38,-205,-1001;
   9, -60,-288, -66,   6,  -2, -38,-200,-998;
   9, -62,-287, -65,   8,  -2, -38,-201,-1001;
   5, -62,-292, -64,  10,  -2, -37,-206,-998;
   8, -61,-286, -67,  11,   0, -38,-211,-999;
   7, -63,-291, -67,  13,   1, -37,-205,-994;
  10, -64,-289, -70,  15,   1, -36,-214,-989;
   8, -63,-288, -68,  16,   3, -35,-211,-994;
   9, -63,-286, -67,  17,   4, -38,-212,-995;
  10, -63,-288, -64,  17,   5, -38,-210,-988;
   6, -63,-285, -62,  18,   5, -36,-207,-996;
   8, -61,-290, -60,  18,   7, -39,-200,-993;
   9, -61,-287, -59,  16,   7, -39,-203,-994;
   9, -63,-288, -60,  17,   9, -38,-202,-996;
   8, -61,-291, -61,  16,   9, -41,-199,-992;
   8, -63,-292, -60,  14,   9, -43,-197,-995;
   9, -61,-290, -61,  13,  11, -42,-197,-1001;
   9, -56,-285, -60,  12,  11, -37,-197,-988;
   5, -62,-286, -58,  11,  11, -37,-195,-992;
  11, -61,-293, -56,  12,  11, -44,-198,-991;
  10, -60,-286, -52,  11,  11, -39,-194,-991;
   9, -61,-286, -50,  10,  12, -41,-194,-990;
   7, -62,-283, -46,  10,  13, -36,-196,-985;
   8, -60,-287, -44,  11,  13, -41,-192,-988;
  11, -61,-285, -45,  11,  14, -43,-186,-989;
  11, -60,-283, -46,  11,  13, -35,-197,-992;
   8, -62,-287, -49,  12,  14, -42,-195,-988;
  10, -58,-283, -50,  12,  14, -37,-191,-991;
  12, -59,-279, -52,  14,  13, -42,-186,-992;
   8, -60,-288, -55,  15,  13, -39,-195,-988;
   7, -59,-287, -58,  14,  12, -40,-190,-989;
   7, -59,-283, -59,  13,  11, -36,-190,-990;
  10, -60,-287, -59,  13,  12, -36,-196,-994;
   9, -58,-287, -61,  13,  10, -40,-192,-993;
   7, -59,-287, -63,  12,   8, -40,-195,-989;
   5, -59,-286, -65,  12,   7, -37,-197,-990;
   9, -61,-288, -67,  14,   7, -37,-194,-990;
  11, -59,-284, -68,  14,   5, -40,-199,-988;
  10, -63,-283, -67,  13,   5, -40,-200,-990;
  11, -62,-282, -65,  12,   3, -36,-199,-990;
   7, -64,-287, -64,  12,   2, -42,-202,-996;
   7, -61,-285, -61,  11,   2, -38,-195,-997;
  10, -60,-289, -57,  10,   2, -38,-200,-995;
   7, -58,-287, -57,  10,   1, -40,-191,-998;
  12, -58,-292, -57,  10,   2, -32,-192,-997;
   9, -61,-288, -57,  10,   1, -40,-194,-997;
  12, -58,-286, -56,  10,   1, -39,-192,-998;
  10, -57,-288, -56,  10,   2, -39,-194,-1000;
   7, -59,-287, -55,  10,   3, -34,-200,-994;
   9, -62,-289, -52,  11,   5, -35,-194,-996;
  12, -60,-289, -52,  14,   4, -37,-197,-992;
  11, -60,-288, -52,  12,   4, -41,-201,-995;
   8, -61,-288, -54,  13,   4, -40,-199,-994;
  10, -60,-287, -55,  13,   4, -37,-202,-989;
  11, -61,-290, -55,  12,   3, -39,-202,-993;
   8, -59,-287, -61,  11,   3, -39,-199,-991;
  11, -62,-285, -60,  11,   3, -40,-204,-989;
   7, -61,-285, -61,  11,   4, -38,-196,-984;
   5, -59,-287, -59,  11,   4, -37,-200,-984;
   5, -61,-286, -58,  12,   6, -42,-201,-986;
   7, -61,-286, -59,  11,   8, -47,-196,-990;
   6, -65,-281, -57,  11,   9, -38,-200,-993;
   5, -59,-284, -54,  11,  11, -40,-195,-993;
   9, -59,-288, -52,   9,  11, -44,-196,-995;
   8, -57,-287, -49,   8,  13, -39,-190,-993;
  10, -59,-291, -47,   8,  13, -40,-194,-994;
   9, -59,-290, -47,   6,  13, -39,-191,-992;
   9, -58,-286, -47,   6,  12, -37,-185,-995;
  11, -59,-291, -46,   5,  12, -41,-190,-992;
  11, -58,-289, -48,   6,  11, -47,-187,-996;
   8, -57,-284, -49,   4,  12, -42,-188,-992;
   7, -54,-285, -52,   5,  13, -43,-185,-990;
   4, -55,-286, -55,   5,  13, -46,-189,-993;
   9, -60,-287, -57,   6,  13, -48,-191,-990;
   8, -59,-287, -58,   6,  15, -43,-189,-991;
   7, -60,-287, -58,   5,  17, -43,-191,-989;
   8, -61,-283, -58,   5,  19, -42,-200,-991;
   8, -61,-287, -56,   5,  22, -47,-197,-992;
   8, -64,-288, -52,   5,  23, -44,-210,-994;
   5, -57,-288, -48,   6,  24, -46,-204,-989;
   8, -62,-290, -44,   6,  24, -46,-206,-999;
  12, -61,-287, -41,   7,  25, -44,-199,-991;
  10, -59,-287, -41,   6,  25, -42,-197,-1001;
   5, -56,-288, -41,   6,  26, -41,-194,-1000;
   8, -59,-290, -39,   6,  27, -47,-198,-993;
   9, -58,-286, -41,   6,  28, -49,-197,-993;
   8, -60,-286, -41,   4,  27, -47,-200,-993;
   7, -60,-284, -43,   2,  25, -48,-198,-990;
   8, -61,-287, -40,   1,  26, -46,-203,-991;
   5, -59,-288, -39,   0,  27, -46,-196,-986;
   6, -62,-288, -39,   0,  27, -46,-196,-988;
   9, -60,-284, -41,   1,  27, -48,-200,-989;
   5, -60,-290, -40,   2,  27, -47,-196,-991;
   4, -60,-288, -42,   2,  27, -50,-193,-991;
  10, -61,-275, -43,   2,  26, -50,-199,-992;
   7, -59,-288, -43,   3,  28, -48,-199,-994;
   4, -58,-284, -42,   4,  28, -53,-193,-990;
   3, -58,-288, -41,   5,  25, -54,-196,-994;
   6, -62,-288, -40,   4,  26, -55,-196,-1001;
   8, -59,-289, -41,   4,  26, -51,-191,-996;
   7, -61,-288, -41,   6,  25, -50,-197,-995;
   7, -61,-284, -36,   7,  24, -55,-193,-992;
   6, -62,-290, -36,  10,  24, -51,-197,-991;
   5, -63,-284, -34,  11,  24, -59,-197,-992;
   4, -62,-290, -34,  12,  23, -56,-196,-992;
   3, -58,-290, -32,  11,  25, -54,-196,-988;
   3, -59,-285, -30,  11,  25, -58,-196,-995;
   5, -62,-285, -30,   8,  27, -53,-199,-994;
   5, -60,-287, -30,   8,  26, -56,-199,-993;
   3, -59,-288, -30,   7,  28, -52,-197,-990;
   3, -60,-288, -29,   7,  26, -52,-200,-993;
   2, -59,-290, -29,   8,  25, -55,-201,-988;
   1, -63,-293, -28,   9,  24, -51,-198,-992;
   4, -62,-285, -28,  13,  23, -56,-197,-990;
   7, -62,-282, -29,  15,  23, -59,-195,-989;
   3, -61,-288, -31,  16,  23, -49,-193,-986;
   7, -62,-284, -32,  17,  24, -53,-201,-993;
   3, -60,-286, -34,  17,  24, -50,-201,-986;
   6, -61,-283, -32,  16,  26, -51,-198,-981;
   7, -63,-283, -29,  16,  28, -45,-206,-985;
  10, -64,-288, -26,  16,  27, -48,-202,-987;
   6, -63,-283, -23,  17,  30, -44,-199,-987;
   8, -58,-283, -23,  17,  31, -48,-202,-992;
   5, -61,-285, -21,  18,  30, -45,-198,-990;
   5, -58,-289, -24,  20,  30, -51,-199,-994;
   5, -60,-290, -26,  21,  28, -49,-200,-991;
   8, -56,-277, -29,  20,  25, -49,-203,-989;
   4, -60,-285, -29,  21,  25, -52,-211,-990;
   5, -62,-288, -29,  17,  22, -54,-201,-990;
   6, -60,-285, -33,  14,  21, -60,-206,-996;
   6, -59,-289, -33,  14,  20, -59,-202,-993;
   1, -60,-289, -38,  12,  19, -60,-205,-991;
   2, -63,-289, -37,  15,  20, -65,-202,-993;
   3, -64,-286, -40,  13,  21, -63,-203,-993;
   1, -60,-286, -39,  13,  21, -65,-196,-986;
   1, -60,-292, -36,  12,  23, -63,-209,-991;
   1, -62,-288, -35,  11,  26, -65,-209,-986;
   1, -65,-288, -35,  10,  28, -71,-209,-991;
   3, -63,-290, -35,  10,  29, -62,-210,-992;
   1, -63,-288, -34,  11,  29, -66,-208,-990;
   0, -64,-288, -35,  12,  29, -67,-211,-990;
   0, -62,-289, -34,  12,  29, -61,-209,-990;
   4, -65,-289, -35,  12,  29, -67,-212,-993;
   2, -63,-289, -35,  11,  30, -62,-205,-994;
   6, -64,-286, -34,  10,  29, -64,-210,-996;
   2, -60,-292, -36,  10,  29, -60,-206,-998;
   4, -64,-288, -37,  10,  29, -63,-200,-995;
   4, -61,-288, -39,  10,  29, -63,-201,-994;
   1, -57,-281, -40,   9,  28, -59,-199,-989;
   6, -62,-287, -40,   8,  26, -52,-208,-1002;
   3, -58,-286, -39,   7,  26, -55,-201,-995;
   4, -62,-287, -36,   7,  27, -48,-208,-989;
   5, -62,-287, -34,   7,  26, -47,-207,-987;
   3, -63,-288, -34,   8,  23, -47,-205,-990;
   7, -62,-288, -34,  11,  20, -46,-206,-991;
   8, -60,-285, -33,  13,  17, -44,-202,-991;
   8, -60,-289, -31,  15,  16, -45,-198,-989;
   5, -61,-290, -27,  17,  14, -42,-201,-988;
   9, -62,-283, -30,  18,  15, -42,-195,-986;
   8, -61,-280, -31,  21,  15, -48,-192,-988;
   5, -59,-285, -35,  22,  15, -47,-199,-984;
   6, -60,-284, -37,  25,  16, -43,-193,-985;
   6, -59,-285, -40,  27,  14, -49,-194,-984;
   7, -63,-283, -43,  27,  15, -49,-194,-984;
   5, -60,-284, -45,  26,  17, -52,-196,-978;
   3, -59,-284, -46,  24,  16, -54,-198,-982;
   4, -59,-279, -46,  22,  18, -53,-202,-984;
   3, -60,-286, -46,  21,  19, -51,-200,-982;
   3, -61,-282, -45,  18,  19, -52,-207,-985;
   1, -60,-293, -44,  14,  22, -54,-209,-988;
   5, -61,-288, -43,  13,  22, -56,-203,-993;
   6, -63,-289, -43,  11,  22, -50,-201,-995;
   4, -61,-284, -43,  12,  22, -58,-206,-996;
   5, -62,-286, -43,  12,  23, -61,-198,-996;
   3, -61,-288, -45,  12,  22, -55,-209,-995;
   3, -62,-286, -46,  13,  23, -61,-207,-999;
   4, -61,-289, -46,  13,  22, -60,-203,-994;
   1, -58,-289, -47,  14,  23, -59,-204,-993;
   3, -64,-288, -46,  14,  22, -59,-205,-992;
   3, -61,-290, -45,  14,  22, -62,-211,-994;
   3, -63,-289, -43,  15,  23, -59,-214,-993;
   3, -64,-284, -40,  15,  22, -61,-211,-993;
   0, -60,-288, -36,  14,  23, -59,-209,-1000;
   1, -62,-289, -31,  14,  24, -60,-214,-998;
   4, -62,-288, -26,  12,  25, -58,-213,-989;
   4, -61,-289, -22,  14,  25, -56,-209,-998;
   1, -62,-287, -19,  15,  27, -57,-210,-1001;
   4, -63,-290, -18,  15,  27, -56,-210,-998;
   5, -62,-285, -18,  15,  28, -57,-207,-999;
   5, -63,-287, -19,  16,  26, -56,-205,-1004;
   4, -62,-290, -21,  15,  26, -53,-210,-997;
   2, -60,-289, -24,  17,  25, -58,-208,-1001;
   3, -63,-282, -24,  19,  22, -59,-215,-995;
   5, -64,-291, -23,  19,  19, -57,-215,-997;
   3, -64,-287, -19,  20,  17, -58,-216,-993;
   5, -64,-287, -14,  21,  13, -55,-217,-992;
   6, -64,-287,  -8,  21,  12, -52,-222,-994;
   3, -65,-288,   0,  21,  11, -53,-219,-992;
   5, -63,-289,   6,  21,   8, -53,-215,-997;
   2, -65,-290,   8,  21,   6, -48,-216,-995;
   6, -64,-286,  13,  21,   6, -47,-216,-1001;
   5, -63,-288,  14,  21,   8, -44,-214,-998;
  10, -62,-285,  16,  21,   7, -52,-220,-998;
   5, -65,-287,  22,  22,   7, -52,-215,-999;
   5, -63,-290,  26,  21,   7, -53,-224,-999;
   6, -64,-291,  30,  20,   8, -54,-219,-1004;
   3, -65,-286,  34,  20,   9, -54,-225,-995;
   2, -65,-289,  40,  20,   8, -59,-224,-1001;
   2, -65,-289,  42,  21,   9, -57,-226,-1000;
   1, -67,-293,  44,  23,   7, -59,-230,-1000;
   1, -69,-293,  49,  24,   5, -64,-227,-1003;
   4, -68,-286,  53,  23,   4, -65,-233,-997;
   3, -70,-286,  59,  21,   2, -60,-232,-1002;
   5, -72,-287,  65,  23,  -2, -62,-241,-1004;
   2, -70,-291,  73,  23,  -4, -64,-242,-1000;
   2, -70,-290,  81,  23,  -6, -61,-243,-1000;
   2, -70,-293,  90,  23,  -5, -60,-238,-1002;
   3, -70,-288, 100,  23,  -6, -57,-238,-1013;
   3, -69,-296, 113,  23,  -6, -55,-248,-1017;
   1, -71,-293, 126,  22,  -7, -54,-249,-1017;
   6, -76,-293, 140,  22,  -6, -53,-252,-1018;
   6, -74,-292, 151,  20,  -8, -49,-260,-1012;
   7, -76,-287, 160,  17,  -9, -52,-257,-1014;
   4, -77,-290, 170,  14, -11, -55,-261,-1010;
   3, -77,-293, 178,  12, -13, -55,-266,-1011;
   5, -81,-290, 185,  11, -14, -53,-274,-1011;
   7, -82,-292, 195,  10, -16, -57,-276,-1002;
   6, -79,-289, 204,   9, -17, -58,-277,-1009;
   6, -82,-289, 215,   9, -17, -52,-278,-1005;
   5, -82,-292, 227,   9, -16, -55,-280,-1009;
   4, -83,-290, 239,   6, -18, -53,-281,-1006;
   5, -81,-295, 248,   5, -21, -60,-276,-1008;
   4, -80,-296, 256,   4, -21, -56,-269,-1011;
   1, -81,-295, 263,   1, -20, -59,-269,-1014;
   6, -81,-286, 270,   0, -19, -58,-272,-1014;
   1, -78,-287, 276,  -2, -19, -60,-273,-1009;
   1, -80,-296, 281,  -7, -18, -62,-275,-1006;
   3, -82,-286, 285, -10, -19, -63,-281,-1005;
   0, -83,-289, 291, -13, -20, -61,-290,-1007;
  16, -94,-264, 310,  -9, -34,  66,-349,-963;
   2, -86,-286, 356, -21, -45,-104,-308,-1027;
   1, -90,-303, 360, -23, -24, -68,-313,-1046;
   0, -92,-301, 346, -20, -20, -68,-323,-1015;
   0, -95,-299, 349, -16, -22, -64,-330,-1004;
   0, -94,-292, 364, -15, -26, -63,-338,-1006;
   2, -99,-289, 380, -17, -26, -62,-341,-1003;
   2, -96,-287, 397, -18, -28, -63,-344,-1009;
   1, -96,-291, 413, -20, -29, -60,-345,-1010;
   1, -98,-291, 430, -25, -30, -67,-342,-1013;
   1, -98,-292, 453, -32, -34, -66,-351,-1014;
   1,-100,-291, 477, -41, -37, -72,-347,-1010;
   0,-102,-295, 496, -44, -43, -67,-360,-1020;
   0,-101,-293, 511, -47, -47, -75,-362,-1025;
   0,-105,-296, 524, -49, -49, -70,-364,-1016;
   0,-106,-296, 534, -51, -52, -69,-371,-1010;
   1,-106,-293, 546, -51, -52, -62,-376,-1010;
   2,-112,-291, 559, -50, -54, -62,-375,-1012;
   2,-107,-292, 572, -50, -57, -63,-378,-1007;
   4,-110,-289, 582, -49, -57, -60,-388,-1004;
   5,-109,-291, 593, -49, -60, -59,-388,-995;
   4,-111,-287, 602, -48, -61, -59,-398,-996;
   2,-112,-284, 611, -46, -63, -53,-405,-996;
   4,-113,-289, 622, -44, -66, -61,-399,-989;
   3,-112,-289, 631, -40, -69, -56,-401,-983;
   3,-113,-284, 639, -38, -75, -63,-411,-982;
   2,-116,-280, 649, -41, -79, -66,-409,-980;
   0,-115,-282, 658, -45, -82, -74,-418,-976;
  -2,-115,-281, 666, -51, -84, -72,-415,-972;
   0,-117,-277, 672, -58, -85, -77,-419,-970;
   1,-121,-280, 682, -65, -87, -77,-433,-961;
   1,-125,-277, 688, -71, -85, -77,-440,-961;
   0,-126,-279, 695, -74, -85, -73,-444,-963;
  -2,-126,-278, 704, -76, -84, -87,-457,-956;
   0,-128,-279, 715, -78, -84, -79,-460,-959;
   1,-126,-274, 727, -80, -84, -80,-462,-964;
  -2,-129,-277, 736, -81, -83, -83,-470,-960;
  -1,-128,-282, 744, -82, -85, -81,-473,-957;
  -6,-126,-277, 748, -81, -87, -82,-470,-963;
   6,-126,-275, 750, -80, -91, -79,-472,-959;
  -6,-128,-284, 752, -78, -93, -75,-474,-952;
   0,-129,-277, 753, -75, -95, -69,-477,-955;
   0,-130,-277, 752, -72, -96, -72,-483,-951;
   1,-133,-277, 755, -69, -97, -70,-481,-950;
   1,-134,-275, 759, -67, -96, -69,-490,-951;
   0,-135,-276, 762, -65, -98, -72,-494,-943;
   0,-133,-276, 766, -61, -99, -70,-503,-942;
   4,-139,-271, 773, -58,-100, -70,-505,-946;
   4,-140,-272, 777, -56,-100, -66,-504,-937;
   3,-140,-272, 783, -54,-101, -64,-508,-936;
   4,-138,-268, 790, -51,-104, -59,-515,-929;
   4,-139,-267, 793, -45,-105, -61,-516,-923;
   4,-143,-272, 796, -42,-104, -61,-521,-918;
   2,-144,-263, 795, -38,-105, -56,-523,-914;
   1,-142,-264, 796, -33,-106, -54,-531,-908;
   3,-146,-263, 799, -29,-106, -57,-531,-897;
   7,-146,-263, 803, -28,-108, -59,-531,-902;
   0,-145,-261, 808, -26,-108, -56,-536,-901;
   5,-147,-261, 813, -22,-110, -58,-542,-892;
   2,-148,-260, 820, -19,-110, -54,-546,-892;
   8,-154,-254, 826, -15,-111, -54,-555,-896;
   3,-149,-258, 830, -13,-114, -54,-556,-879;
   4,-150,-257, 832, -10,-114, -57,-565,-869;
   5,-150,-257, 834,  -8,-114, -56,-568,-869;
   4,-151,-254, 835,  -7,-112, -55,-567,-862;
   3,-152,-254, 837,  -4,-110, -54,-567,-857;
   5,-155,-254, 837,   0,-107, -57,-569,-855;
   3,-155,-251, 835,   8,-106, -54,-570,-847;
   6,-153,-248, 830,  16,-102, -52,-575,-835;
   1,-157,-250, 827,  22, -98, -54,-580,-829;
   4,-154,-248, 825,  25, -96, -57,-585,-825;
   5,-158,-243, 820,  29, -94, -53,-585,-817;
   2,-158,-245, 819,  29, -90, -62,-588,-814;
   2,-161,-243, 817,  28, -86, -62,-596,-816;
   2,-160,-243, 816,  27, -84, -62,-601,-811;
   3,-164,-237, 815,  24, -79, -63,-607,-807;
   1,-166,-243, 815,  23, -76, -67,-614,-803;
   1,-167,-239, 818,  23, -72, -65,-619,-803;
   2,-166,-236, 824,  23, -70, -65,-627,-807;
   1,-173,-242, 832,  23, -69, -61,-632,-804;
   2,-172,-244, 839,  24, -68, -65,-647,-804;
   1,-175,-239, 846,  23, -65, -62,-640,-801;
   7,-177,-249, 852,  25, -61, -61,-646,-804;
   4,-177,-243, 854,  27, -59, -62,-653,-800;
   3,-178,-237, 857,  29, -55, -59,-654,-796;
   4,-177,-239, 858,  32, -51, -63,-654,-795;
   2,-178,-235, 856,  35, -45, -53,-654,-788;
   6,-177,-235, 855,  36, -44, -50,-663,-786;
   6,-182,-232, 855,  39, -44, -49,-669,-778;
   6,-183,-234, 852,  42, -43, -48,-670,-772;
   9,-182,-228, 848,  49, -42, -50,-677,-767;
   7,-181,-230, 843,  53, -39, -48,-684,-764;
   7,-185,-228, 839,  57, -37, -47,-695,-754;
   7,-189,-225, 833,  61, -35, -50,-702,-747;
   4,-190,-230, 824,  65, -32, -51,-700,-748;
   4,-189,-228, 822,  70, -32, -46,-709,-738;
   8,-189,-227, 823,  76, -32, -45,-711,-739;
   4,-193,-223, 825,  82, -29, -49,-717,-737;
   3,-192,-221, 828,  85, -26, -51,-720,-734;
   3,-192,-220, 833,  84, -23, -51,-722,-730;
   6,-193,-225, 836,  81, -22, -46,-720,-726;
   5,-192,-223, 840,  78, -19, -44,-725,-714;
   6,-195,-217, 844,  76, -18, -46,-726,-717;
   7,-195,-218, 842,  75, -19, -48,-730,-715;
   6,-198,-216, 842,  77, -20, -47,-724,-707;
   5,-193,-221, 844,  82, -19, -41,-729,-705;
   9,-195,-216, 847,  90, -20, -48,-727,-706;
   6,-193,-214, 849,  98, -22, -44,-727,-704;
   8,-194,-217, 852, 104, -23, -54,-728,-699;
   7,-195,-217, 851, 109, -26, -54,-732,-701;
   5,-196,-212, 848, 113, -29, -55,-735,-692;
   7,-198,-211, 847, 115, -32, -56,-741,-692;
   0,-197,-213, 849, 118, -33, -55,-749,-696;
   5,-200,-212, 851, 120, -35, -57,-755,-687;
   7,-202,-210, 853, 121, -37, -54,-756,-674;
   7,-196,-201, 853, 122, -34, -54,-755,-681;
   7,-203,-208, 855, 119, -32, -51,-760,-673;
   6,-204,-205, 857, 116, -29, -47,-766,-665;
  12,-206,-206, 859, 115, -27, -46,-766,-657;
   8,-203,-205, 863, 115, -23, -47,-762,-660;
   4,-204,-204, 864, 115, -19, -39,-763,-657;
   6,-200,-202, 867, 115, -19, -48,-768,-655;
   8,-201,-200, 868, 114, -19, -51,-767,-646;
   5,-202,-198, 868, 113, -19, -55,-765,-640;
   7,-204,-199, 866, 111, -19, -48,-769,-634;
   4,-203,-197, 863, 107, -23, -55,-766,-629;
   2,-203,-197, 860, 101, -22, -54,-768,-623;
   3,-202,-194, 860,  92, -23, -50,-765,-622;
   7,-203,-194, 862,  81, -23, -49,-774,-616;
   4,-204,-191, 861,  73, -24, -56,-769,-607;
   4,-204,-192, 859,  68, -24, -52,-777,-607;
   7,-206,-192, 858,  63, -21, -49,-778,-602;
   7,-205,-192, 853,  57, -19, -47,-772,-603;
   9,-205,-189, 851,  50, -21, -46,-775,-597;
   9,-204,-188, 845,  47, -17, -42,-770,-584;
   7,-208,-189, 841,  46, -12, -42,-770,-578;
   7,-206,-188, 838,  45,  -7, -36,-773,-573;
  10,-206,-186, 838,  44,  -5, -37,-765,-567;
  10,-202,-180, 839,  46,  -5, -36,-772,-565;
  10,-203,-181, 839,  47,  -4, -32,-779,-563;
  13,-207,-181, 838,  48,   0, -30,-781,-555;
  11,-204,-182, 833,  49,   6, -23,-781,-556;
  14,-206,-177, 825,  53,   9, -27,-790,-556;
  13,-209,-178, 817,  58,  12, -21,-792,-556;
  13,-208,-172, 809,  64,  13, -24,-790,-544;
  12,-206,-175, 804,  69,  14, -22,-794,-543;
  14,-212,-175, 802,  75,  15, -20,-802,-539;
  17,-216,-177, 799,  80,  13, -18,-805,-533;
  12,-219,-169, 793,  85,  11, -20,-801,-521;
  17,-213,-170, 788,  91,  10, -26,-805,-529;
  17,-212,-172, 780,  96,   9, -13,-804,-531;
  16,-212,-169, 769, 101,   8, -16,-805,-530;
  15,-210,-173, 759, 103,   6, -16,-807,-529;
  14,-213,-174, 749,  99,   5, -14,-806,-521;
  15,-214,-174, 738,  96,   0, -17,-810,-528;
  18,-211,-171, 731,  92,   0, -19,-804,-516;
  14,-213,-170, 723,  86,  -3, -21,-817,-517;
  12,-215,-169, 715,  80,  -5, -32,-812,-509;
  13,-216,-170, 707,  75,  -7, -36,-818,-510;
   9,-216,-166, 697,  74,  -9, -28,-821,-510;
  10,-217,-166, 684,  73, -11, -34,-821,-504;
  11,-219,-164, 672,  69, -11, -32,-824,-496;
  13,-222,-163, 665,  67, -13, -32,-828,-489;
  12,-218,-160, 659,  62, -12, -24,-834,-488;
  14,-221,-159, 658,  56, -13, -16,-832,-485;
  13,-218,-165, 653,  53, -14, -22,-832,-487;
  15,-220,-162, 651,  50, -15, -14,-827,-482;
  13,-216,-164, 650,  46, -18, -24,-826,-489;
  16,-217,-160, 646,  48, -17, -15,-823,-480;
  11,-221,-162, 640,  51, -17, -17,-824,-476;
  16,-219,-158, 628,  56, -21, -20,-827,-477;
  17,-219,-159, 616,  63, -20, -12,-825,-468;
  12,-218,-158, 605,  67, -17, -11,-826,-459;
  18,-223,-156, 598,  71, -16,  -6,-830,-458;
  18,-218,-151, 588,  73, -15,  -8,-830,-459;
  16,-218,-154, 580,  77, -14, -17,-829,-452;
  17,-221,-152, 572,  80, -13, -20,-838,-448;
  14,-224,-152, 566,  79, -14, -17,-842,-436;
  14,-226,-147, 558,  73, -16, -26,-852,-436;
  11,-226,-151, 550,  65, -16, -24,-850,-433;
  15,-230,-159, 540,  58, -19, -27,-850,-426;
  10,-222,-146, 531,  53, -24, -35,-853,-418;
   9,-224,-144, 520,  50, -28, -37,-856,-416;
   7,-226,-143, 511,  48, -34, -40,-856,-415;
   9,-224,-144, 505,  46, -37, -39,-853,-413;
   8,-226,-145, 498,  43, -42, -41,-855,-410;
  11,-226,-142, 494,  41, -47, -42,-851,-409;
   9,-225,-145, 489,  39, -49, -39,-849,-415;
   9,-225,-144, 483,  32, -53, -43,-847,-406;
   8,-225,-145, 477,  26, -56, -43,-847,-406;
   9,-225,-140, 467,  17, -57, -46,-849,-409;
   9,-223,-146, 455,   7, -57, -38,-839,-408;
   5,-221,-140, 446,  -2, -59, -40,-845,-415;
   9,-222,-141, 436,  -6, -58, -38,-841,-408;
  10,-221,-142, 427,  -8, -59, -40,-842,-412;
   9,-224,-144, 419,  -8, -59, -38,-842,-412;
   9,-220,-143, 413,  -9, -59, -41,-836,-408;
   9,-220,-144, 407, -12, -57, -37,-836,-412;
   8,-222,-144, 394, -16, -53, -33,-846,-411;
  12,-222,-135, 377, -14, -49, -35,-840,-408;
   9,-222,-145, 363, -13, -48, -38,-845,-403;
  12,-224,-145, 355, -11, -45, -37,-850,-406;
  21,-228,-136, 348, -11, -42, -31,-865,-411;
  10,-228,-139, 338, -13, -42, -30,-862,-414;
  13,-230,-138, 329, -14, -42, -38,-870,-406;
  12,-233,-142, 320, -18, -45, -34,-878,-400;
  10,-239,-136, 315, -20, -47, -36,-891,-393;
  10,-237,-137, 313, -21, -50, -34,-892,-388;
  11,-238,-133, 311, -25, -50, -36,-904,-384;
  11,-236,-134, 314, -30, -50, -34,-892,-383;
   9,-235,-137, 313, -33, -51, -37,-906,-387;
  12,-235,-137, 310, -35, -52, -37,-897,-382;
   8,-235,-135, 308, -38, -54, -34,-898,-381;
  14,-236,-142, 304, -39, -55, -38,-898,-377;
  10,-237,-134, 299, -39, -54, -31,-902,-378;
  13,-234,-132, 293, -40, -53, -33,-899,-365;
  10,-234,-131, 285, -37, -53, -28,-893,-370;
  14,-234,-130, 275, -37, -52, -25,-889,-361;
  11,-234,-130, 266, -37, -50, -28,-890,-349;
  15,-235,-129, 255, -38, -50, -30,-885,-344;
  11,-235,-126, 249, -39, -53, -19,-885,-341;
  12,-232,-129, 243, -41, -53, -23,-885,-336;
  16,-233,-124, 240, -41, -53, -23,-883,-336;
  18,-232,-127, 236, -42, -53, -18,-892,-333;
  19,-229,-128, 230, -43, -53, -15,-894,-336;
  16,-233,-126, 224, -45, -51, -23,-893,-336;
  18,-237,-124, 217, -46, -51, -12,-890,-332;
  17,-238,-124, 209, -44, -50, -16,-909,-335;
  16,-238,-124, 202, -41, -51, -17,-910,-331;
  17,-241,-125, 194, -39, -50, -17,-915,-337;
  16,-238,-126, 185, -38, -49, -14,-922,-332;
  15,-241,-130, 179, -37, -48, -16,-922,-336;
  17,-242,-126, 171, -38, -46, -10,-918,-338;
  17,-240,-126, 168, -35, -45, -14,-926,-340;
  17,-238,-126, 161, -31, -46,  -3,-923,-338;
  20,-239,-128, 153, -28, -43,  -5,-922,-331;
  19,-242,-124, 143, -21, -43,  -1,-922,-329;
  22,-240,-122, 140, -20, -41,   2,-923,-323;
  21,-244,-121, 136, -16, -37,   2,-929,-318;
  19,-241,-120, 132, -16, -36,   1,-926,-311;
  25,-244,-117, 131, -16, -34,  -1,-924,-309;
  21,-246,-120, 128, -15, -32,   3,-932,-309;
  22,-248,-119, 127, -15, -31,   6,-927,-305;
  19,-248,-120, 126, -17, -31,  -1,-932,-307;
  20,-243,-115, 122, -20, -29,   2,-941,-309;
  21,-244,-117, 119, -21, -28,   2,-933,-309;
  20,-249,-116, 115, -22, -27,   2,-935,-307;
  20,-245,-121, 111, -20, -26,   5,-934,-303;
  20,-247,-120, 108, -19, -26,   0,-939,-309;
  22,-247,-119, 107, -18, -26,   0,-945,-304;
  20,-244,-115, 106, -17, -28,  -1,-942,-300;
  20,-249,-114, 104, -18, -30,  -1,-940,-301;
  19,-249,-115, 105, -20, -30,  -3,-943,-295;
  20,-247,-114, 106, -21, -31,  -5,-942,-295;
  16,-246,-115, 104, -21, -31, -14,-945,-297;
  15,-247,-113, 103, -21, -32, -18,-943,-290;
  14,-244,-114, 102, -22, -32, -17,-943,-290;
  15,-249,-117, 102, -20, -30, -17,-942,-287;
  16,-246,-118, 104, -17, -26, -15,-938,-289;
  14,-247,-114, 105, -14, -25, -18,-935,-287;
  16,-246,-114, 102, -13, -25, -23,-933,-287;
  15,-242,-112,  97, -10, -23, -19,-931,-286;
  15,-244,-114,  89,  -9, -21, -19,-934,-284;
  15,-242,-110,  79,  -8, -19,  -7,-932,-282;
  17,-246,-113,  69,  -9, -17, -12,-938,-288;
  17,-249,-110,  61,  -9, -16,  -9,-938,-271;
  15,-244,-112,  58,  -9, -15,  -7,-942,-272;
  19,-249,-111,  54,  -9, -15, -15,-941,-272;
  14,-248,-108,  52,  -9, -16, -17,-946,-273;
  17,-252,-109,  49, -11, -16, -21,-949,-273;
  15,-249,-112,  48, -12, -17, -18,-948,-270;
  15,-251,-109,  51, -14, -17, -24,-953,-266;
  13,-253,-110,  48, -18, -17, -26,-952,-268;
  16,-253,-112,  48, -22, -19, -20,-959,-267;
  14,-254,-110,  48, -24, -17, -19,-958,-263;
  10,-252,-113,  46, -26, -17, -23,-963,-271;
  16,-253,-104,  45, -26, -15, -21,-968,-268;
  17,-252,-111,  43, -28, -15, -19,-967,-271;
  12,-253,-102,  43, -29, -14, -25,-972,-275;
  19,-256,-111,  41, -29, -14, -16,-969,-274;
  18,-255,-106,  40, -28, -13, -17,-969,-273;
  16,-255,-109,  40, -24, -13, -15,-968,-272;
  16,-254,-112,  38, -20, -11, -16,-969,-270;
  18,-255,-111,  36, -15, -10, -18,-965,-268;
  15,-255,-108,  35, -12,  -9, -19,-963,-264;
  16,-255,-109,  37,  -9,  -9, -17,-957,-262;
  14,-253,-104,  35,  -7,  -8, -19,-964,-258;
  16,-254,-105,  33,  -7,  -7, -20,-957,-254;
  17,-255,-104,  31,  -9,  -6, -23,-959,-250;
  16,-260,-105,  29, -11,  -5, -16,-959,-248;
  16,-251,-107,  27, -12,  -4, -19,-959,-253;
  13,-250,-104,  22, -13,  -3, -26,-957,-252;
  15,-252,-106,  18, -14,  -4, -23,-963,-254;
  14,-251,-108,  15, -16,  -4, -18,-961,-248;
  17,-252,-101,  12, -15,  -3, -20,-960,-250;
  16,-252,-108,  13, -15,  -4, -22,-960,-247;
  20,-253,-106,  13, -16,  -4, -16,-959,-256;
  15,-250,-104,  14, -17,  -5, -11,-957,-254;
  15,-250,-112,  15, -18,  -4, -16,-958,-259;
  15,-251,-102,  17, -19,  -5, -15,-957,-255;
  15,-249,-107,  17, -20,  -4, -13,-955,-262;
  15,-249,-106,  16, -26,  -5, -10,-955,-259;
  17,-249,-103,  15, -29,  -7,  -8,-958,-259;
  18,-252,-107,  11, -34,  -7, -12,-952,-256;
  15,-247,-103,   7, -35,  -8, -14,-949,-253;
  17,-250,-101,   1, -35,  -7, -10,-954,-257;
  16,-247,-105,  -7, -33,  -7,  -5,-945,-251;
  17,-253,-106, -14, -31,  -6, -13,-947,-253;
  19,-252,-105, -20, -26,  -4,  -5,-955,-250;
  16,-252,-104, -27, -20,  -4,  -4,-952,-248;
  25,-259,-102, -33, -16,  -3,  -3,-954,-241;
  17,-251,-105, -40, -12,  -4,  -2,-958,-237;
  19,-251,-100, -47,  -7,  -3,  -1,-965,-236;
  22,-254,-100, -53,  -3,   0,  -2,-963,-236;
  18,-255,-100, -57,  -3,  -2,  -5,-969,-233;
  21,-255, -97, -59,  -1,  -2,  -6,-976,-231;
  20,-258,-102, -58,   1,  -4,  -7,-980,-228;
  18,-260,-101, -58,  -2,  -2, -15,-986,-234;
  16,-258, -99, -56,  -2,  -2, -13,-987,-233;
  19,-263, -99, -52,  -3,  -2, -19,-994,-233;
  17,-259, -99, -49,  -8,  -4, -16,-987,-238;
  18,-262,-101, -42,  -9,  -4, -16,-993,-238;
  17,-264,-106, -37, -10,  -4, -13,-991,-241;
  18,-259,-102, -33, -10,  -5, -19,-992,-236;
  19,-259,-101, -30,  -8,  -4, -16,-984,-240;
  18,-256,-100, -25,  -6,  -4, -12,-981,-237;
  15,-255,-101, -22,  -5,  -5, -15,-983,-238;
  17,-255,-100, -22,  -3,  -6, -13,-980,-243;
  15,-255,-102, -19,  -2,  -6, -14,-968,-240;
  16,-250, -99, -23,   1,  -6, -16,-967,-236;
  18,-251, -97, -27,   1,  -6, -10,-960,-231;
  14,-251,-103, -31,   3,  -5, -15,-966,-240;
  17,-251, -99, -35,   4,  -5, -11,-964,-237;
  18,-254,-102, -39,   5,  -4, -15,-960,-239;
  19,-255,-101, -43,   7,  -5, -16,-963,-236;
  18,-253,-102, -47,   7,  -3, -22,-961,-239;
  16,-255, -98, -51,   7,  -3, -15,-966,-238;
  14,-253,-101, -53,   6,  -2, -15,-965,-236;
  16,-253,-102, -57,   6,  -5, -16,-968,-239;
  13,-255,-104, -62,   3,  -5, -15,-969,-240;
  14,-256,-101, -67,   2,  -6, -15,-972,-233;
  14,-256,-104, -69,   0,  -7, -16,-970,-233;
  15,-253, -98, -72,  -1,  -8, -20,-972,-229;
  10,-255,-101, -72,  -2,  -8, -24,-977,-232;
  13,-255, -99, -70,  -1,  -8, -26,-973,-228;
  14,-255, -99, -69,   1, -10, -24,-972,-228;
  13,-256, -95, -64,   1,  -8, -30,-972,-228;
  14,-256, -98, -60,   2,  -9, -20,-967,-228;
  12,-256, -98, -57,   3,  -9, -25,-968,-228;
  14,-256, -99, -56,   3,  -8, -28,-972,-224;
  15,-255, -99, -54,   4,  -8, -29,-974,-232;
  18,-256, -97, -51,   2,  -8, -27,-970,-226;
  10,-258,-105, -50,   1,  -7, -26,-972,-228;
  16,-257,-101, -48,   1,  -8, -25,-980,-235;
  14,-252, -99, -47,  -1,  -6, -23,-973,-238;
  14,-257, -98, -46,   2,  -5, -25,-972,-235;
  14,-256,-100, -46,   1,  -3, -25,-970,-243;
  16,-258,-100, -49,   2,  -1, -23,-976,-234;
  13,-256,-103, -47,   3,   0, -25,-983,-245;
  15,-255,-102, -50,   5,   3, -20,-980,-236;
  16,-258,-102, -51,   6,   4, -19,-978,-237;
  14,-257, -98, -54,   5,   7, -13,-982,-238;
  12,-256,-100, -55,   4,   7, -20,-981,-237;
  17,-256, -97, -57,   4,   7, -23,-977,-233;
  17,-259,-100, -57,   2,   8, -27,-971,-236;
  18,-256,-104, -54,   0,   9, -22,-981,-230;
  14,-256, -96, -55,  -1,   7, -21,-976,-228;
  15,-256, -98, -53,  -2,   6, -25,-973,-228;
  13,-255, -97, -53,  -6,   6, -22,-972,-231;
  16,-255, -98, -53,  -4,   4, -23,-968,-226;
  15,-258, -99, -52,  -6,   2, -21,-962,-223;
  14,-251, -97, -50,  -6,   1, -23,-966,-218;
  10,-253, -98, -48,  -6,  -1, -26,-967,-222;
  12,-254,-102, -50,  -7,  -1, -24,-968,-224;
  17,-254,-101, -51,  -7,  -2, -27,-967,-225;
  13,-255, -98, -52,  -7,  -1, -27,-969,-225;
  14,-256,-100, -51,  -6,  -2, -34,-970,-231;
  15,-255, -99, -51,  -6,  -1, -28,-970,-229;
  15,-255, -96, -50,  -5,  -1, -28,-969,-232;
  13,-256,-102, -50,  -8,   1, -29,-969,-227;
  14,-255,-101, -48,  -9,   2, -27,-970,-227;
  13,-257, -98, -48, -12,   0, -30,-970,-232;
  10,-254,-100, -51, -14,   1, -29,-972,-233;
  14,-256,-101, -50, -15,   1, -26,-972,-240;
  16,-254, -97, -50, -15,   3, -27,-977,-234;
  16,-258,-102, -51, -16,   2, -31,-974,-237;
  16,-256,-102, -50, -14,   4, -26,-978,-233;
  14,-257,-102, -50, -13,   3, -32,-976,-230;
  15,-256,-100, -51, -12,   4, -22,-972,-228;
  15,-256,-103, -50, -10,   3, -25,-975,-234;
  14,-256,-100, -52,  -8,   4, -24,-974,-226;
  12,-254,-102, -51,  -7,   3, -19,-981,-232;
  14,-256, -98, -51,  -7,   2, -23,-973,-225;
  14,-257,-102, -51,  -4,   0, -20,-970,-232;
  15,-256, -97, -51,  -4,  -1, -20,-970,-233;
  15,-254, -99, -50,  -4,  -2, -18,-969,-227;
  15,-253, -98, -51,  -4,  -2, -19,-970,-230;
  12,-257,-100, -52,  -4,  -3, -18,-968,-228;
   9,-256,-104, -53,  -3,  -5, -21,-969,-232;
  12,-255, -98, -54,  -5,  -5, -27,-965,-228;
  14,-256, -98, -56,  -5,  -5, -19,-960,-228;
  15,-255,-102, -60,  -4,  -5, -22,-967,-226;
  12,-254,-102, -61,  -3,  -5, -20,-974,-234;
  18,-255, -98, -61,  -1,  -6, -17,-966,-233;
  17,-257, -99, -63,  -2,  -7, -23,-971,-231;
  10,-254,-104, -63,  -2,  -7, -18,-970,-230;
  17,-253,-100, -63,  -4,  -7, -18,-969,-230;
  14,-255, -99, -62,  -5,  -7, -16,-970,-232;
  21,-258,-100, -62,  -4,  -6, -21,-979,-234;
  17,-255,-103, -60,  -6,  -5, -17,-980,-233;
  16,-256,-101, -59,  -7,  -6, -19,-982,-241;
  16,-256,-102, -58,  -8,  -8, -20,-973,-236;
  17,-254,-101, -55,  -8,  -6, -18,-970,-241;
  17,-256,-100, -56,  -5,  -7, -18,-970,-237;
  17,-258, -98, -57,  -3,  -8, -19,-968,-240;
  15,-256, -99, -59,  -3,  -6, -18,-969,-234;
  18,-254, -96, -60,  -2,  -6, -18,-970,-233;
  20,-255,-100, -61,  -2,  -6, -19,-968,-242;
  13,-256,-103, -61,  -3,  -4, -23,-968,-234;
  15,-256,-107, -60,  -4,  -4, -23,-972,-230;
  12,-255,-100, -57,  -4,  -6, -17,-967,-239;
  15,-256,-101, -56,  -4,  -6, -23,-973,-236;
  14,-255,-103, -56,  -4,  -8, -24,-969,-235;
  11,-256, -99, -58,  -3,  -9, -19,-967,-233;
  12,-255,-101, -61,  -4, -12, -20,-969,-228;
  13,-255,-102, -63,  -5, -13, -21,-972,-233;
  16,-254, -99, -66,  -7, -15, -19,-973,-230;
  15,-256, -98, -66,  -7, -17, -19,-974,-230;
  14,-255,-102, -62,  -7, -18, -21,-968,-226;
  17,-254, -97, -60,  -7, -20, -21,-973,-230;
  14,-256,-103, -58,  -6, -20, -22,-970,-232;
  14,-259, -99, -57,  -7, -21, -25,-969,-233;
  14,-258,-101, -54,  -8, -21, -29,-980,-229;
  14,-256, -99, -53, -11, -23, -24,-980,-235;
  13,-256,-104, -55, -12, -23, -24,-981,-239;
  16,-257,-103, -56, -12, -24, -23,-981,-241;
  14,-256,-100, -58, -12, -23, -23,-982,-237;
  14,-256,-105, -59, -11, -21, -23,-981,-242;
  14,-256,-106, -61, -11, -22, -28,-984,-246;
  17,-256, -99, -60, -10, -22, -23,-982,-245;
  15,-259,-102, -58,  -9, -23, -21,-986,-250;
  16,-261,-105, -57,  -8, -22, -16,-984,-250;
  16,-259,-101, -58,  -9, -21, -18,-981,-242;
  16,-258,-101, -56, -10, -22, -18,-979,-240;
  17,-256,-103, -55,  -8, -22, -15,-981,-242;
  19,-257,-100, -54,  -9, -21, -22,-972,-235;
  18,-256,-101, -53,  -7, -21, -15,-973,-242;
  15,-256,-100, -51,  -6, -20, -18,-973,-234;
  16,-256,-104, -50,  -4, -18, -21,-970,-238;
  14,-255,-100, -46,  -3, -16, -13,-971,-237;
  15,-258,-102, -44,  -3, -16, -20,-971,-243;
  16,-257,-102, -43,  -2, -18, -17,-967,-241;
  13,-255,-107, -43,  -2, -17, -24,-977,-239;
  10,-259,-104, -41,  -1, -17, -14,-972,-235;
  18,-256,-104, -40,  -2, -18, -19,-971,-241;
  13,-253,-103, -39,  -3, -17, -19,-970,-238;
  17,-256,-100, -37,  -6, -18, -20,-970,-245;
  16,-257,-103, -37,  -8, -20, -19,-972,-244;
  14,-253,-104, -34,  -6, -20, -17,-969,-248;
  12,-255,-105, -35,  -8, -21, -23,-977,-247;
  14,-254, -97, -35,  -7, -21, -20,-969,-239;
  15,-255,-103, -34,  -9, -21, -24,-969,-246;
  16,-254,-101, -35,  -9, -21, -19,-969,-245;
  15,-256,-106, -36, -11, -20, -22,-969,-249;
  13,-253, -99, -37, -10, -21, -24,-967,-246;
  16,-255,-103, -34, -11, -23, -22,-961,-247;
  14,-254,-106, -36, -10, -23, -23,-968,-254;
  15,-255,-102, -35, -10, -21, -20,-968,-246;
  14,-256,-106, -38, -10, -20, -19,-964,-250;
  16,-254,-106, -39,  -9, -21, -16,-961,-246;
  16,-253,-103, -42,  -8, -20, -20,-965,-255;
  15,-254, -99, -43,  -8, -20, -19,-967,-245;
  17,-257,-106, -42,  -8, -21, -14,-964,-252;
  17,-254,-101, -41,  -7, -19, -19,-967,-245;
  17,-256,-100, -40,  -6, -18, -14,-966,-244;
  15,-254,-104, -40,  -5, -17, -13,-966,-243;
  16,-254,-102, -40,  -3, -15, -19,-962,-246;
  17,-254,-101, -43,  -3, -17, -18,-965,-247;
  15,-254,-101, -43,   1, -15, -18,-966,-240;
  16,-256,-100, -43,   4, -13, -19,-970,-240;
  17,-255,-102, -41,   7, -12, -15,-965,-241;
  16,-257,-103, -43,   8, -11, -21,-967,-240;
  11,-255,-105, -43,   8, -10, -20,-968,-234;
  17,-254,-101, -45,   7, -10, -16,-971,-241;
  19,-261,-102, -46,   7,  -9, -18,-973,-241;
  15,-256,-105, -45,   5, -10, -27,-980,-235;
  15,-257,-108, -42,   6,  -9, -21,-981,-246;
  13,-256,-102, -39,   6,  -7, -17,-977,-246;
  17,-255,-104, -33,   6,  -8, -20,-977,-245;
  14,-256,-107, -33,   4,  -6, -16,-981,-249;
  14,-255,-103, -33,   3,  -7, -18,-974,-247;
  18,-257,-102, -34,   3,  -7, -25,-979,-248;
  16,-256,-100, -36,   3,  -8, -16,-977,-247;
  15,-256,-106, -36,   3,  -6, -20,-978,-247;
  19,-257,-104, -36,   2,  -6, -18,-979,-243;
  15,-259,-103, -35,   4,  -6, -20,-977,-244;
  19,-255, -98, -35,   5,  -6, -22,-983,-246;
  15,-257,-106, -35,   4,  -7, -17,-970,-247;
  17,-255,-102, -33,   3,  -6, -16,-974,-244;
  15,-255,-105, -33,   4,  -5, -17,-969,-246;
  19,-255,-105, -33,   4,  -6, -15,-970,-245;
  16,-255,-102, -32,   4,  -2, -20,-971,-247;
  16,-256,-105, -31,   6,  -5, -24,-970,-247;
  14,-256,-104, -32,   5,  -6, -23,-969,-241;
  13,-254,-107, -32,   2,  -7, -18,-970,-244;
  13,-253,-102, -34,   1,  -6, -16,-964,-249;
  15,-252,-103, -36,   1,  -7, -11,-969,-238;
  20,-255, -96, -35,   1,  -9, -19,-963,-239;
  16,-255,-103, -37,   2,  -9, -20,-965,-242;
  15,-253, -97, -36,   3,  -8, -16,-963,-238;
  17,-254,-100, -35,   3,  -7, -23,-961,-244;
  17,-254,-104, -33,   5,  -8, -18,-965,-239;
  15,-254,-102, -31,   6,  -7, -19,-966,-245;
  16,-254,-101, -29,   6,  -9, -11,-963,-241;
  12,-255,-104, -30,   7,  -8, -17,-964,-239;
  19,-255, -99, -30,   9,  -6, -14,-967,-239;
  14,-253,-101, -30,   9,  -7, -17,-962,-244;
  15,-253, -99, -32,  12,  -7, -19,-964,-242;
  15,-258,-103, -33,  14,  -7, -16,-967,-249;
  14,-256,-106, -37,  17,  -7, -17,-969,-242;
  14,-253,-103, -38,  17,  -6, -15,-968,-241;
  16,-256,-103, -37,  16,  -6, -17,-975,-243;
  13,-254,-104, -37,  17,  -7, -19,-979,-246;
  14,-256,-100, -38,  16,  -9, -13,-975,-245;
  15,-254,-104, -38,  18,  -8, -16,-978,-250;
  17,-257,-101, -36,  19,  -7, -13,-977,-245;
  17,-255,-101, -35,  17,  -8,  -8,-976,-250;
  14,-254,-104, -33,  17,  -8, -13,-971,-246;
  14,-254,-106, -33,  17,  -8,  -9,-970,-250;
  21,-254,-101, -36,  16,  -9, -15,-970,-248;
  19,-256,-101, -38,  17,  -8, -10,-965,-245;
  15,-253,-104, -39,  16,  -8, -16,-970,-246;
  17,-258,-103, -37,  17,  -7,  -9,-967,-242;
  18,-255, -98, -38,  18,  -8,  -8,-968,-246;
  17,-255,-103, -37,  18,  -8,  -8,-967,-247;
  16,-254,-102, -37,  18,  -7, -17,-968,-248;
  16,-252,-104, -37,  18,  -5, -15,-965,-242;
  17,-254,-102, -39,  20,  -6, -18,-965,-240;
  15,-255,-102, -37,  20,  -4, -19,-970,-240;
  16,-255,-103, -38,  22,  -4, -24,-970,-243;
  21,-258,-102, -38,  23,  -5, -18,-968,-238;
  16,-255,-103, -37,  22,  -3, -16,-970,-242;
  14,-253,-102, -37,  23,  -3, -22,-965,-247;
  16,-256,-102, -36,  24,  -2, -21,-968,-243;
  15,-254,-104, -39,  23,   0, -18,-972,-238;
  17,-255,-101, -41,  24,   1, -21,-970,-242;
  14,-255,-102, -44,  26,   1, -20,-967,-241;
  14,-255,-101, -42,  26,   1, -24,-963,-238;
  13,-253,-100, -43,  27,   2, -17,-971,-244;
  15,-253,-100, -43,  26,   2, -26,-966,-236;
  13,-252, -99, -44,  25,   3, -18,-963,-241;
  13,-247,-104, -43,  23,   3, -23,-966,-237;
  13,-255,-103, -42,  25,   1, -24,-967,-239;
  13,-255,-101, -42,  24,   1, -22,-972,-243;
  13,-256,-100, -42,  24,   1, -18,-970,-239;
  11,-255, -97, -44,  22,   0, -24,-962,-236;
  14,-256,-101, -44,  21,  -1, -23,-975,-232;
  14,-256,-101, -43,  19,  -3, -20,-968,-244;
  17,-255,-103, -39,  20,  -3, -22,-976,-242;
  15,-256,-100, -37,  20,  -5, -21,-972,-243;
  13,-255,-101, -32,  20,  -5, -24,-970,-239;
  16,-257,-104, -30,  19,  -5, -24,-969,-241;
  18,-247,-102, -31,  19,  -6, -21,-970,-237;
  12,-254,-102, -30,  18,  -7, -25,-970,-235;
  15,-254,-102, -29,  16,  -7, -19,-973,-235;
  13,-255,-104, -33,  13,  -7, -17,-972,-237;
  18,-256,-102, -32,  12,  -6, -18,-971,-246;
  15,-256,-102, -34,  11,  -6, -18,-972,-243;
  17,-254,-102, -37,  11,  -5, -16,-970,-236;
  17,-256,-100, -38,  12,  -4, -18,-971,-237;
  12,-254,-104, -39,  14,  -3, -22,-970,-235;
  16,-254, -98, -40,  16,  -2, -17,-971,-237;
  23,-256, -98, -43,  16,  -2, -16,-968,-234;
  19,-255,-102, -47,  16,  -1, -17,-972,-238;
  16,-253,-104, -49,  18,  -1, -17,-970,-237;
  15,-256,-101, -52,  20,  -1, -10,-975,-233;
  14,-256,-102, -54,  21,   0, -17,-971,-232;
  15,-255,-100, -56,  22,   0, -17,-974,-232;
  17,-258,-101, -57,  22,   1, -19,-970,-238;
  15,-256,-109, -55,  23,   1, -17,-976,-235;
  15,-256,-102, -55,  22,   2, -19,-974,-235;
  17,-258, -96, -53,  23,   2, -19,-974,-235;
  15,-255,-103, -50,  23,   2, -21,-978,-235;
  15,-252, -97, -48,  23,   2, -15,-977,-233;
  14,-256,-103, -46,  22,   3, -25,-978,-236;
  14,-255,-101, -48,  23,   2, -20,-972,-232;
  14,-254,-101, -48,  24,   3, -21,-971,-235;
  13,-255,-100, -47,  25,   2, -22,-970,-235;
  12,-254,-101, -47,  24,   1, -18,-971,-237;
  14,-254,-102, -45,  24,   1, -22,-970,-232;
  13,-256,-103, -45,  24,   1, -20,-973,-238;
  13,-252,-103, -44,  24,   1, -19,-967,-235;
  16,-256,-102, -44,  24,   1, -17,-971,-238;
  14,-256,-101, -45,  22,   0, -18,-975,-243;
  23,-252, -99, -46,  24,   0, -20,-971,-241;
  15,-256, -99, -46,  24,   1, -21,-978,-237;
  16,-257,-102, -46,  23,   1, -21,-971,-238;
  14,-256,-100, -45,  23,   2, -19,-976,-237;
  14,-254,-101, -47,  22,   0, -26,-979,-238;
  15,-257,-105, -47,  22,   0, -25,-977,-239;
  17,-257,-100, -45,  20,  -1, -27,-971,-234;
   9,-256,-101, -43,  21,  -2, -28,-971,-238;
  16,-255, -99, -42,  22,  -2, -24,-971,-234;
  13,-256,-104, -42,  20,  -2, -22,-975,-236;
  14,-257, -99, -41,  20,  -1, -19,-979,-235;
  11,-256,-102, -42,  20,  -1, -26,-971,-230;
  16,-257,-100, -42,  20,  -2, -25,-974,-235;
  17,-256, -97, -44,  18,  -3, -21,-972,-232;
  15,-255,-104, -46,  19,  -3, -20,-971,-241;
  16,-256, -99, -45,  18,  -4, -20,-969,-232;
  14,-257, -99, -45,  18,  -3, -23,-967,-235;
  14,-255,-102, -45,  19,  -5, -18,-970,-231;
  16,-255,-105, -46,  21,  -4, -17,-969,-237;
  14,-256, -95, -47,  23,  -6, -23,-968,-229;
  14,-256,-103, -49,  22,  -4, -20,-968,-233;
  16,-255, -95, -50,  23,  -3, -14,-973,-234;
  13,-255,-104, -50,  24,  -3, -19,-969,-237;
  15,-256, -98, -49,  23,  -3, -18,-970,-233;
  17,-258,-102, -50,  25,  -2, -18,-978,-233;
  14,-256,-102, -52,  25,  -3, -23,-974,-237;
  19,-255,-104, -51,  24,  -2, -24,-980,-235;
  17,-258,-103, -52,  27,  -3, -18,-972,-237;
  13,-257, -99, -53,  28,  -4,  -8,-984,-240;
  15,-257, -98, -53,  27,  -4, -19,-984,-233;
  16,-256,-101, -53,  28,  -4, -26,-977,-238;
  16,-257,-105, -52,  27,  -4, -19,-990,-240;
  17,-257,-101, -52,  28,  -3, -19,-985,-237;
  15,-261, -98, -53,  28,  -4, -18,-982,-238;
  15,-257,-102, -51,  28,  -5, -18,-985,-236;
  14,-258,-102, -50,  30,  -5, -18,-977,-238;
  15,-256,-101, -50,  30,  -4, -14,-985,-241;
  15,-258,-102, -50,  29,  -3, -17,-980,-239;
  16,-256,-102, -49,  29,  -4, -21,-975,-238;
  15,-257,-101, -48,  28,  -4, -25,-980,-234;
  14,-258,-101, -50,  27,  -5, -13,-971,-235;
  14,-258,-103, -49,  27,  -5, -17,-976,-232;
  14,-253,-105, -48,  25,  -5, -20,-976,-231;
  16,-257,-102, -47,  22,  -5, -19,-975,-232;
  13,-257,-101, -47,  23,  -6, -24,-968,-236;
  16,-256,-105, -46,  23,  -5, -19,-969,-238;
  14,-255,-104, -48,  23,  -7, -19,-965,-238;
  15,-253,-102, -48,  23,  -9, -23,-959,-236;
  13,-255,-101, -47,  23, -10, -23,-971,-240;
  14,-254,-104, -46,  22,  -8, -24,-968,-239;
  13,-257,-100, -47,  23,  -9, -20,-969,-236;
  15,-254,-101, -46,  22,  -9, -20,-968,-237;
  13,-256,-103, -46,  22,  -9, -20,-969,-245;
  16,-255,-102, -48,  22,  -9, -21,-968,-241;
  12,-254, -99, -50,  23, -10, -24,-970,-240;
  17,-256,-112, -50,  24,  -9, -17,-968,-239;
  14,-256,-101, -51,  26,  -8, -20,-978,-236;
  15,-256,-102, -53,  26,  -7, -18,-972,-243;
  14,-256,-101, -54,  26,  -7, -16,-971,-242;
  19,-257,-104, -53,  25,  -9, -24,-973,-238;
  17,-256, -99, -53,  25,  -8, -23,-976,-238;
  15,-256, -98, -53,  23,  -9, -17,-971,-236;
  18,-260,-102, -52,  23, -10, -21,-978,-240;
  17,-258, -96, -49,  20,  -9, -23,-977,-243;
  13,-255, -99, -49,  20, -11, -24,-977,-237;
  16,-255,-102, -46,  17, -10, -22,-975,-240;
  15,-257,-100, -45,  17, -10, -20,-979,-236;
  14,-256,-101, -43,  16, -10, -16,-973,-240;
  15,-258,-100, -43,  15,  -9, -20,-976,-241;
  14,-255,-102, -45,  15,  -9, -17,-972,-246;
  14,-256,-105, -42,  16, -10, -19,-976,-242;
  13,-255,-107, -41,  16,  -9, -22,-971,-235;
  15,-255,-102, -41,  17, -10, -20,-972,-236;
  14,-256,-104, -38,  18, -10, -17,-974,-242;
  10,-255,-110, -39,  17,  -9, -22,-965,-244;
  13,-254,-103, -37,  19,  -9, -24,-969,-237;
  14,-255, -99, -40,  21,  -8, -21,-968,-236;
  15,-256,-101, -40,  21,  -7, -22,-968,-238;
  14,-256,-102, -42,  19,  -5, -22,-975,-235;
  13,-255,-103, -42,  19,  -7, -17,-971,-241;
  12,-254,-100, -42,  17,  -7, -18,-969,-238;
  13,-254,-104, -43,  15,  -7, -25,-971,-236;
  13,-255,-102, -42,  15,  -7, -19,-970,-241;
  15,-253, -99, -43,  15,  -6, -21,-971,-237;
  15,-253,-104, -42,  16,  -6, -25,-972,-235;
  19,-255,-101, -44,  16,  -5, -21,-971,-234;
  13,-256, -98, -44,  18,  -5, -24,-965,-240;
  14,-253,-100, -46,  17,  -4, -21,-967,-242;
  16,-255,-106, -47,  16,  -4, -22,-968,-241;
  14,-256,-102, -47,  18,  -4, -24,-962,-236;
  12,-257, -99, -46,  18,  -3, -19,-969,-244;
  13,-251,-102, -46,  16,  -2, -22,-968,-239;
  14,-255,-103, -46,  15,  -3, -27,-968,-235;
  15,-255,-101, -46,  15,  -5, -19,-969,-244;
  14,-255,-105, -46,  14,  -6, -26,-970,-236;
  16,-254,-104, -47,  15,  -6, -22,-968,-242;
   9,-253,-100, -48,  14,  -7, -23,-966,-237;
  13,-251,-108, -47,  14, -10, -23,-966,-236;
  13,-253,-102, -45,  11,  -9, -19,-968,-238;
  15,-257,-105, -43,   8,  -9, -21,-963,-248;
  18,-253, -99, -41,   7,  -9, -11,-963,-243;
  16,-252,-101, -43,   8,  -8, -15,-960,-239;
  18,-254,-103, -43,   9,  -9,  -9,-969,-239;
  14,-252,-105, -46,  10,  -9, -15,-962,-242;
  17,-252,-103, -46,   9,  -8, -12,-958,-244;
  18,-254,-103, -48,  12,  -6, -13,-962,-243;
  14,-254,-101, -52,  13,  -5, -18,-967,-246;
  17,-255,-104, -55,  13,  -4, -16,-968,-246;
  17,-256,-106, -56,  14,  -4, -13,-967,-247;
  18,-255,-104, -57,  14,  -3, -17,-972,-244;
  16,-255,-102, -58,  14,  -4, -19,-976,-244;
  18,-256,-102, -59,  13,  -3, -13,-970,-247;
  17,-257,-103, -60,  14,  -3, -17,-972,-241;
  14,-257,-101, -60,  13,  -2, -23,-974,-244;
  14,-256,-104, -61,  14,  -4, -13,-977,-246;
  16,-255,-104, -61,  15,  -4, -18,-974,-244;
  15,-256,-106, -61,  15,  -3, -19,-972,-245;
  14,-254,-107, -61,  16,  -3, -16,-972,-245;
  14,-256,-104, -60,  15,  -3, -20,-971,-243;
  14,-256,-103, -60,  14,  -4, -17,-981,-245;
  17,-255,-104, -61,  13,  -3, -18,-974,-247;
  16,-255,-104, -62,  14,  -2, -18,-972,-238;
  17,-255,-105, -60,  15,  -2, -16,-966,-245;
  16,-254,-103, -61,  16,   0, -20,-969,-240;
  14,-253,-102, -60,  18,  -1, -17,-968,-242;
  15,-256,-109, -61,  19,  -2, -20,-966,-244;
  15,-254,-102, -63,  20,   0, -18,-966,-243;
  15,-252,-101, -66,  20,  -1, -21,-971,-239;
  14,-253,-105, -67,  21,  -1, -18,-971,-242;
  17,-256,-101, -66,  22,  -1, -14,-974,-237;
  18,-256,-103, -67,  21,   0, -16,-969,-236;
  16,-259,-104, -66,  19,  -1, -23,-969,-241;
  15,-255,-101, -66,  18,  -2, -23,-973,-235;
  13,-253, -99, -64,  17,  -1, -20,-970,-243;
  17,-256,-100, -66,  17,  -3, -19,-972,-239;
  11,-255,-104, -65,  16,  -4, -19,-970,-244;
  15,-256, -96, -67,  17,  -3, -20,-968,-243;
  14,-256, -99, -67,  18,  -5, -22,-971,-241;
  14,-256,-107, -65,  18,  -5, -23,-973,-243;
  17,-256,-102, -65,  20,  -5, -22,-968,-238;
  18,-255,-103, -63,  21,  -4, -22,-969,-246;
  14,-253,-101, -67,  21,  -4, -26,-970,-246;
  11,-255,-101, -68,  22,  -4, -20,-971,-238;
  14,-255,-103, -69,  21,  -5, -19,-968,-240;
  15,-255,-103, -68,  20,  -4, -20,-976,-238;
  14,-256,-102, -70,  20,  -5, -16,-970,-239;
  15,-256,-102, -69,  20,  -3, -17,-972,-239;
  14,-255,-103, -70,  20,  -6, -24,-972,-251;
  16,-254, -99, -68,  20,  -5, -21,-976,-238;
  15,-255,-103, -67,  22,  -5, -14,-971,-242;
  13,-251,-101, -65,  22,  -6, -16,-970,-246;
  17,-256,-104, -63,  22,  -5, -11,-964,-246;
  17,-257,-105, -63,  22,  -6, -12,-969,-244;
  15,-253,-101, -63,  20,  -6, -15,-965,-245;
  17,-255,-104, -66,  22,  -5, -11,-968,-250;
  17,-253,-103, -67,  23,  -5, -14,-971,-246;
  16,-254,-101, -68,  25,  -4,  -6,-965,-244;
  17,-253,-104, -69,  27,  -6, -10,-971,-239;
  16,-254,-103, -70,  26,  -6, -11,-973,-245;
  18,-256,-101, -68,  27,  -7, -17,-972,-244;
  16,-256,-104, -69,  27,  -7, -15,-974,-235;
  17,-255,-102, -69,  28,  -7, -16,-977,-240;
  16,-252,-100, -69,  28,  -7, -14,-974,-242;
  17,-258,-104, -69,  29,  -7, -15,-975,-241;
  19,-259, -99, -68,  30,  -8, -16,-968,-246;
  13,-256,-102, -69,  29,  -7, -17,-974,-242;
  15,-256,-103, -67,  27,  -8, -17,-977,-245;
  16,-254,-102, -66,  26,  -9, -17,-976,-241;
  13,-255,-103, -67,  23, -10, -18,-974,-243;
  14,-256,-102, -66,  23, -11, -13,-977,-246;
  17,-256,-103, -64,  22, -11, -19,-972,-245;
  17,-256,-101, -64,  21, -11, -13,-970,-245;
  17,-256, -99, -63,  23, -12, -12,-972,-236;
  17,-256,-102, -64,  24, -12, -19,-966,-243;
  12,-255,-101, -64,  23, -11, -17,-970,-243;
  19,-255,-109, -63,  24, -10, -21,-969,-243;
  15,-256,-103, -63,  26, -13, -18,-974,-246;
  14,-255,-103, -64,  26, -11, -19,-973,-240;
  17,-258,-101, -65,  28, -12, -23,-974,-235;
  14,-255,-100, -64,  26, -10, -19,-972,-243;
  14,-255,-105, -63,  27, -10, -21,-974,-239;
  17,-254,-104, -62,  29, -11, -22,-974,-240;
  16,-257, -99, -60,  28, -10, -19,-970,-241;
  14,-256,-104, -59,  30, -11, -22,-975,-239;
  19,-255,-102, -57,  29, -10, -18,-972,-245;
  16,-252, -98, -55,  29, -11, -15,-975,-242;
  15,-256,-105, -56,  29, -10, -25,-971,-247;
  14,-254,-105, -56,  27,  -9, -20,-972,-244;
  16,-254,-105, -51,  27,  -9, -21,-968,-246;
  16,-255,-103, -50,  28, -10, -16,-968,-249;
  17,-255,-104, -48,  29, -10, -16,-966,-248;
  16,-255,-107, -50,  31,  -9, -18,-967,-246;
  14,-255,-106, -52,  32, -10, -11,-968,-252;
  16,-251,-102, -54,  31,  -9, -13,-964,-249;
  17,-256,-103, -55,  31,  -8, -15,-971,-256;
  16,-256,-107, -56,  30,  -7, -14,-970,-253;
  17,-254,-106, -55,  30,  -6, -13,-972,-253;
  17,-257,-104, -54,  30,  -6, -22,-976,-256;
  12,-253,-105, -53,  28,  -7, -16,-973,-253;
  16,-255,-104, -53,  27,  -8, -14,-972,-253;
  17,-253,-104, -52,  26,  -7, -18,-971,-250;
  15,-255,-105, -51,  25,  -6, -15,-968,-249;
  16,-256,-104, -53,  27,  -8, -20,-972,-244;
  20,-257,-105, -52,  25,  -9, -17,-970,-248;
  14,-256,-103, -52,  25,  -8, -21,-969,-247;
  15,-254,-104, -52,  25,  -8, -21,-968,-240;
  10,-255,-101, -52,  25,  -9, -13,-965,-248;
  26,-252,-100, -52,  24,  -8, -20,-966,-239;
  16,-255,-103, -53,  24,  -9, -20,-966,-244;
  16,-253,-103, -55,  24,  -7, -20,-959,-246;
  14,-254,-101, -53,  26,  -6, -21,-965,-242;
  14,-255,-104, -52,  27,  -7, -19,-968,-241;
  15,-256,-105, -53,  28,  -6, -21,-967,-249;
  14,-255,-102, -52,  27,  -6, -17,-967,-244;
  15,-255,-103, -52,  26,  -7, -23,-972,-246;
  16,-253,-105, -51,  27,  -7, -19,-970,-247;
  16,-253,-103, -49,  26,  -8, -18,-967,-247;
  19,-255,-104, -49,  27,  -8, -17,-963,-244;
  20,-254, -98, -46,  28,  -8, -17,-960,-245;
  17,-253,-102, -46,  26,  -8, -18,-959,-249;
  17,-254,-105, -46,  27,  -8, -17,-959,-250;
  18,-254,-104, -46,  25,  -8, -11,-958,-247;
  14,-252,-103, -46,  26,  -6, -17,-960,-249;
  15,-252,-105, -46,  25,  -6, -21,-963,-249;
  14,-255,-100, -45,  25,  -7, -19,-959,-258;
  17,-251,-106, -46,  25,  -6, -24,-958,-253;
  16,-253,-102, -49,  25,  -5, -25,-959,-247;
  14,-252,-105, -51,  24,  -6, -24,-962,-256;
  16,-254,-102, -54,  24,  -6, -26,-961,-255;
  14,-252, -97, -56,  22,  -6, -23,-963,-247;
  14,-256,-107, -58,  22,  -6, -25,-967,-254;
  16,-255,-103, -59,  20,  -8, -26,-964,-251;
  11,-250,-107, -56,  19,  -7, -21,-975,-248;
  15,-256,-103, -52,  16,  -7, -17,-963,-253;
  13,-254,-107, -48,  14,  -7, -12,-965,-255;
  16,-252,-105, -45,  14,  -7, -24,-964,-251;
  15,-253,-107, -43,  13,  -6, -13,-962,-247;
  14,-255,-107, -44,  13,  -7, -20,-962,-256;
  16,-254,-106, -43,  13,  -5, -15,-965,-255;
  15,-253,-107, -43,  14,  -4, -23,-969,-251;
  13,-252,-110, -44,  16,  -4, -12,-969,-252;
  15,-255,-110, -46,  16,  -3, -20,-969,-257;
  16,-253,-108, -46,  18,  -2, -24,-967,-254;
  13,-255,-108, -47,  17,  -2, -18,-970,-250;
  18,-255,-106, -47,  16,  -2, -19,-969,-254;
  14,-254,-102, -45,  16,  -2, -24,-970,-251;
  17,-254,-102, -45,  17,  -2, -17,-970,-249;
  16,-256,-104, -41,  15,  -1, -16,-974,-251;
  16,-257,-103, -41,  15,  -1, -18,-969,-245;
  18,-257,-103, -39,  16,  -1, -13,-977,-247;
  16,-258,-107, -39,  15,   1, -11,-973,-250;
  23,-256,-100, -37,  15,   1, -15,-969,-249;
  17,-254,-103, -38,  15,  -1, -18,-969,-253;
  16,-255,-102, -37,  14,  -1, -20,-971,-249;
  15,-256,-105, -37,  13,  -1, -15,-965,-247;
  16,-255,-105, -34,  15,  -1, -18,-969,-255;
  14,-256,-106, -32,  14,  -2, -18,-968,-253;
  13,-252,-102, -32,  14,  -1, -25,-969,-250;
  16,-255,-105, -34,  13,  -1, -16,-967,-255;
  15,-256,-100, -37,  11,  -3, -19,-967,-248;
  14,-253,-104, -36,  12,  -4, -21,-968,-250;
  16,-250,-106, -37,  10,  -3, -21,-967,-251;
  11,-257,-102, -37,   9,  -2, -23,-962,-252;
  15,-254,-104, -37,   8,  -3, -20,-963,-254;
  17,-256,-107, -38,   8,  -3, -21,-968,-255;
  12,-252,-106, -37,   6,  -3, -21,-958,-251;
  14,-253,-109, -38,   5,  -4, -20,-965,-256;
  14,-253,-103, -41,   5,  -4, -20,-962,-257;
  17,-251,-101, -42,   4,  -4, -18,-966,-248;
  17,-253,-106, -41,   4,  -5, -19,-966,-254;
  15,-253,-102, -41,   5,  -5, -18,-965,-252;
  14,-254,-101, -44,   7,  -6, -16,-967,-255;
  15,-255,-108, -43,   7,  -6, -18,-962,-253;
  19,-256,-103, -42,   7,  -3, -20,-970,-257;
  14,-253,-108, -42,   8,  -5, -19,-972,-252;
  15,-255,-103, -42,   8,  -4, -23,-969,-253;
  14,-254,-105, -44,   7,  -5, -24,-968,-252;
  13,-255,-105, -45,   8,  -4, -18,-969,-256;
  17,-256,-105, -45,   9,  -4, -18,-969,-253;
  19,-256,-101, -46,  10,  -4, -20,-972,-252;
  17,-254,-100, -44,  10,  -3, -18,-969,-252;
  15,-256,-106, -43,  11,  -4, -24,-971,-254;
  13,-251,-102, -43,  11,  -2, -22,-975,-250;
  18,-256,-105, -42,  12,  -4, -15,-974,-253;
  12,-257,-105, -41,  12,  -4, -18,-976,-255;
  15,-256,-105, -40,  11,  -4, -18,-975,-256;
  20,-257,-107, -35,   9,  -5, -14,-976,-257;
  13,-255,-109, -31,  10,  -4, -18,-971,-253;
  17,-256,-107, -29,   9,  -2,  -9,-975,-249;
  16,-256,-107, -27,   9,  -4, -15,-970,-254;
  16,-254,-110, -27,   8,  -3, -13,-965,-253;
  16,-256,-106, -27,  10,  -2, -11,-966,-254;
  16,-254,-102, -28,  11,   0, -10,-964,-252;
  18,-258,-105, -30,  14,  -1,  -9,-964,-257;
  19,-257,-103, -30,  15,  -2, -15,-963,-259;
  15,-253,-104, -32,  17,  -1, -12,-960,-253;
  17,-256,-103, -33,  19,  -3, -18,-960,-247;
  15,-254,-104, -33,  19,  -2, -18,-968,-254;
  18,-254,-107, -32,  19,  -1, -17,-968,-251;
  19,-256,-108, -33,  18,  -4, -18,-971,-257;
  19,-255,-107, -34,  15,  -4, -15,-967,-250;
  17,-254,-108, -37,  15,  -3, -16,-975,-248;
  19,-255,-101, -36,  15,  -4, -15,-970,-251;
  14,-251,-100, -35,  14,  -3, -15,-967,-250;
  12,-256,-111, -35,  14,  -4, -19,-968,-252;
  15,-254,-106, -35,  13,  -6, -18,-974,-255;
  14,-255,-106, -36,  15,  -4, -21,-969,-250;
  16,-256,-104, -36,  14,  -4, -20,-968,-251;
  15,-256,-103, -37,  14,  -5, -20,-974,-250;
  15,-256,-106, -35,  13,  -6, -20,-976,-253;
  19,-257,-104, -38,  14,  -6, -18,-971,-254;
  14,-255,-104, -35,  14,  -8, -18,-968,-253;
  16,-255,-104, -35,  14,  -8, -20,-971,-251;
  13,-256,-106, -34,  14,  -7, -26,-969,-251;
  13,-253,-105, -33,  15,  -8, -17,-969,-251;
  17,-253,-101, -31,  16,  -7, -18,-968,-255;
  12,-249,-112, -31,  15,  -5, -18,-968,-254;
  17,-256,-105, -31,  17,  -6, -20,-965,-255;
  13,-254,-106, -30,  18,  -6, -16,-963,-250;
  15,-256,-102, -30,  18,  -4, -22,-968,-245;
  16,-256,-106, -28,  19,  -5, -21,-963,-254;
  17,-255,-104, -28,  20,  -6, -20,-966,-250;
  13,-254,-105, -28,  21,  -5, -19,-967,-253;
  13,-252,-103, -29,  22,  -5, -22,-969,-255;
  12,-257,-107, -28,  22,  -6, -16,-968,-247;
  19,-257,-101, -27,  22,  -6, -16,-968,-253;
  14,-255,-106, -29,  24,  -4, -19,-967,-255;
  22,-254,-104, -29,  25,  -5, -12,-964,-250;
  14,-255,-107, -31,  24,  -6, -14,-966,-252;
  18,-256,-106, -33,  25,  -7, -13,-972,-249;
  15,-254,-105, -35,  24,  -5, -12,-970,-246;
  15,-256,-103, -35,  25,  -7, -15,-969,-248;
  15,-256,-107, -36,  24,  -6, -13,-972,-248;
  16,-255,-105, -34,  24,  -7, -15,-971,-253;
  13,-255,-104, -34,  22,  -8, -14,-972,-246;
  17,-256,-106, -32,  21,  -6, -16,-971,-248;
  17,-256,-102, -33,  19,  -7, -11,-971,-242;
  14,-255,-106, -32,  18,  -6, -15,-969,-247;
  10,-256,-100, -32,  17,  -6, -16,-973,-246;
  17,-255,-101, -31,  16,  -6, -16,-969,-247;
  19,-255,-105, -31,  15,  -7, -17,-968,-245;
  16,-255,-107, -31,  16,  -7, -17,-969,-241;
  15,-254,-102, -31,  15,  -6, -12,-968,-247;
  12,-253,-104, -31,  17,  -5, -18,-966,-243;
  15,-254,-101, -32,  18,  -5, -18,-968,-238;
  13,-254,-104, -34,  20,  -6, -19,-970,-244;
  13,-255,-105, -34,  21,  -5, -24,-972,-241;
  14,-256,-102, -32,  21,  -6, -20,-971,-242;
  12,-256,-103, -30,  21,  -4, -18,-972,-246;
   8,-251,-104, -27,  21,  -5, -17,-968,-243;
  13,-254,-103, -24,  20,  -4, -18,-970,-248;
  16,-254,-101, -25,  19,  -4, -21,-967,-246;
  13,-253,-102, -26,  20,  -3, -17,-969,-247;
  17,-256,-102, -28,  21,  -5, -18,-970,-246;
  18,-255,-103, -29,  21,  -4, -22,-972,-246;
  15,-256,-101, -28,  21,  -3, -25,-973,-246;
  14,-254,-104, -27,  23,  -3, -20,-970,-241;
  14,-254,-100, -26,  23,  -2, -23,-973,-246;
  15,-255,-101, -26,  24,  -2, -19,-970,-240;
  13,-257,-101, -26,  23,  -1, -27,-972,-244;
  12,-256,-104, -24,  24,  -4, -24,-970,-244;
  15,-255,-101, -21,  24,  -5, -21,-972,-239;
  14,-258,-102, -21,  22,  -4, -21,-971,-235;
  16,-256,-102, -21,  20,  -6, -23,-968,-232;
  14,-254,-100, -21,  17,  -6, -21,-972,-244;
  14,-255,-103, -21,  16,  -8, -23,-967,-242;
  16,-254,-104, -18,  14, -10, -21,-967,-238;
  15,-254,-103, -15,  13, -11, -19,-970,-245;
  15,-255,-102, -11,  13, -10, -19,-971,-238;
  16,-253,-102,  -9,  13, -12, -22,-965,-240;
  17,-254, -99, -10,  13, -13, -21,-964,-239;
  13,-252, -94, -11,  13, -13, -18,-969,-245;
  16,-252,-104, -13,  12, -12, -14,-968,-242;
  16,-254,-102, -16,  12, -11, -15,-966,-242;
  16,-254, -99, -16,  13, -11, -15,-967,-245;
  17,-255,-100, -18,  13, -11, -15,-970,-240;
  17,-255,-100, -21,  14, -11, -11,-971,-247;
  16,-256,-100, -19,  15,  -9, -10,-968,-244;
  14,-252,-102, -18,  15,  -9, -17,-972,-244;
  14,-256,-106, -21,  17,  -8, -18,-968,-243;
  18,-255,-102, -26,  18,  -6, -12,-968,-239;
  17,-257,-102, -29,  19,  -8, -19,-972,-239;
  16,-253,-101, -30,  20,  -7,  -6,-967,-234;
  15,-256, -97, -32,  20,  -8, -17,-971,-233;
