  16,-251,-112, -54,  23,   0, -17,-954,-282;
  15,-253,-110, -55,  22,   0, -20,-960,-271;
  17,-253,-112, -56,  22,  -1, -25,-960,-271;
  11,-252,-112, -58,  21,  -3, -21,-960,-271;
  16,-255,-112, -60,  20,  -2, -22,-968,-275;
  18,-254,-112, -61,  18,  -1, -21,-964,-271;
  10,-256,-108, -58,  17,  -2, -15,-962,-273;
  16,-254,-112, -56,  15,  -1, -20,-966,-271;
  14,-255,-113, -52,  13,  -3, -18,-963,-266;
  16,-253,-107, -47,  12,  -3, -18,-967,-271;
  15,-254,-111, -44,  11,  -2, -23,-957,-270;
  17,-253,-108, -43,  13,  -2, -18,-959,-267;
  16,-253,-111, -42,  12,  -2, -16,-960,-274;
  17,-252,-110, -43,  14,  -1, -16,-968,-277;
  18,-258,-112, -44,  17,  -1, -18,-968,-272;
  15,-251,-113, -44,  18,   1, -16,-966,-274;
  15,-256,-111, -45,  19,   0, -25,-965,-279;
  13,-252,-110, -46,  19,   2, -18,-965,-271;
  15,-256,-109, -48,  19,   2, -21,-969,-268;
  17,-255,-108, -48,  20,   2, -17,-970,-271;
  14,-256,-110, -48,  19,   3, -20,-970,-266;
  16,-255,-108, -48,  18,   3, -17,-971,-270;
  12,-255,-111, -48,  18,   3, -17,-970,-270;
  15,-256,-110, -46,  18,   3, -17,-970,-272;
  17,-253,-103, -43,  19,   2, -19,-970,-268;
  13,-254,-114, -39,  18,   3, -14,-970,-272;
  18,-256,-108, -39,  18,   3, -17,-974,-271;
  17,-253,-109, -38,  16,   4, -23,-966,-269;
  17,-254,-112, -36,  16,   3, -22,-968,-273;
  14,-255,-110, -33,  17,   3, -21,-961,-273;
  14,-253,-113, -31,  17,   4, -20,-970,-267;
  17,-255,-109, -32,  18,   4, -17,-966,-267;
  14,-254,-110, -32,  20,   4, -26,-965,-267;
  13,-252,-110, -34,  19,   2, -22,-963,-265;
  14,-256,-106, -34,  20,   3, -22,-962,-268;
  14,-254,-107, -36,  21,   2, -27,-960,-268;
  18,-254,-109, -35,  21,   2, -23,-966,-263;
  10,-249,-107, -33,  21,   2, -23,-961,-264;
  15,-255,-110, -32,  21,   2, -25,-960,-266;
  17,-256,-108, -31,  20,   2, -18,-958,-262;
  14,-253,-107, -28,  20,   0, -18,-964,-264;
  15,-255,-108, -28,  19,   0, -23,-960,-266;
  15,-254,-109, -29,  18,   1, -14,-965,-261;
  14,-253,-107, -32,  18,   1, -19,-963,-266;
  15,-255,-108, -31,  18,   0, -22,-963,-272;
  14,-254,-111, -31,  19,  -1, -19,-960,-267;
  14,-252,-110, -29,  20,   0, -24,-959,-271;
  16,-252,-107, -30,  20,   2, -30,-961,-270;
  14,-259,-118, -31,  20,   1, -23,-958,-269;
  19,-254,-108, -35,  20,   2, -21,-962,-272;
  13,-254,-107, -35,  20,   1, -23,-963,-266;
  13,-252,-104, -37,  20,   1, -28,-964,-265;
  15,-255,-111, -40,  20,   0, -29,-968,-268;
  15,-255,-109, -40,  21,   1, -22,-961,-262;
  13,-255,-108, -39,  21,   1, -23,-959,-268;
  15,-253,-108, -38,  22,   0, -20,-966,-267;
  15,-253,-111, -38,  20,   0, -26,-966,-266;
  13,-252,-111, -38,  21,  -1, -21,-964,-266;
  16,-253,-106, -36,  21,   0, -25,-963,-269;
  18,-253,-107, -36,  22,  -1, -24,-966,-265;
  14,-255,-110, -36,  21,   0, -18,-967,-267;
  14,-253,-111, -35,  21,   0, -23,-967,-268;
  11,-253,-110, -32,  20,   1, -22,-968,-264;
  16,-256,-109, -31,  18,   0, -21,-971,-272;
  12,-252,-111, -30,  18,  -1, -22,-973,-267;
  10,-256,-110, -29,  18,   0, -19,-969,-265;
  19,-255,-106, -28,  19,   0, -20,-969,-265;
  12,-252,-106, -26,  18,   1, -25,-967,-269;
  17,-255,-108, -24,  19,   3, -26,-966,-268;
  15,-254,-104, -24,  18,   1, -23,-967,-261;
  14,-254,-107, -25,  18,   1, -26,-966,-270;
  12,-254,-112, -27,  19,   1, -29,-968,-264;
  15,-256,-108, -27,  15,   0, -22,-968,-264;
  14,-254,-111, -28,  15,   1, -23,-962,-260;
  12,-252,-108, -25,  14,  -1, -28,-966,-262;
  14,-252,-110, -25,  12,  -2, -31,-970,-261;
  12,-253,-112, -26,  13,  -2, -27,-962,-264;
  12,-249,-112, -27,  10,  -3, -24,-961,-259;
  14,-253,-102, -30,  11,  -3, -21,-966,-263;
  14,-254,-109, -31,   9,  -4, -23,-962,-260;
  12,-252,-109, -31,   7,  -6, -20,-958,-262;
  13,-257,-102, -30,   7,  -5, -24,-965,-258;
  15,-255,-108, -30,   6,  -5, -32,-964,-261;
  12,-250,-109, -30,   6,  -6, -28,-962,-266;
  12,-253,-107, -32,   6,  -6, -28,-962,-259;
  14,-254,-110, -33,   7,  -6, -27,-964,-262;
  11,-253,-106, -34,   9,  -6, -24,-967,-265;
  14,-253,-108, -35,  10,  -6, -26,-962,-266;
  14,-254,-109, -33,  12,  -6, -27,-965,-261;
  16,-256,-106, -32,  12,  -6, -28,-967,-263;
  12,-252,-105, -33,  13,  -5, -30,-964,-266;
  10,-253,-111, -36,  12,  -6, -29,-970,-265;
  14,-254,-109, -33,  12,  -7, -32,-969,-266;
  14,-252,-113, -32,  13,  -5, -25,-967,-260;
  12,-255,-108, -29,  12,  -6, -22,-960,-267;
   9,-254,-107, -26,  14,  -4, -27,-968,-272;
  12,-255,-108, -26,  15,  -4, -29,-969,-264;
  16,-255,-109, -24,  17,  -4, -25,-969,-263;
  14,-256,-107, -26,  16,  -5, -30,-964,-267;
  15,-254,-105, -26,  15,  -3, -27,-966,-265;
  14,-256,-111, -28,  14,  -4, -24,-972,-262;
  14,-252,-108, -30,  15,  -4, -24,-972,-265;
  16,-255,-113, -29,  14,  -5, -24,-966,-266;
  10,-251,-103, -26,  13,  -4, -26,-968,-266;
  15,-255,-112, -26,  12,  -6, -22,-969,-264;
  16,-255,-107, -25,  11,  -6, -18,-964,-262;
  14,-253,-108, -27,  11,  -6, -15,-969,-261;
  14,-251,-106, -27,  11,  -5, -22,-962,-261;
  16,-253,-108, -27,  11,  -6, -22,-965,-259;
  15,-254,-107, -28,  12,  -8, -20,-962,-261;
  16,-255,-111, -27,  10,  -6, -20,-965,-256;
  16,-251,-103, -28,   9,  -7, -24,-964,-256;
  13,-251,-107, -29,  11,  -8, -25,-961,-263;
  14,-253,-106, -28,  10,  -7, -19,-966,-261;
  14,-256,-109, -30,  12,  -8, -14,-959,-260;
  15,-256,-107, -32,  12,  -8, -20,-966,-258;
  16,-255,-106, -31,  11,  -7, -19,-968,-261;
  14,-255,-111, -34,  13,  -7, -26,-965,-260;
  10,-255,-107, -38,  14,  -5, -28,-971,-258;
  12,-255,-105, -38,  13,  -7, -21,-971,-259;
  13,-254,-106, -36,  14,  -7, -26,-981,-259;
  15,-256,-109, -34,  13,  -7, -22,-970,-256;
  11,-253,-108, -32,  13,  -7, -25,-974,-261;
  15,-257,-109, -31,  14,  -7, -22,-971,-261;
  10,-259,-110, -30,  14,  -7, -23,-967,-264;
  15,-254,-109, -29,  15,  -6, -22,-971,-256;
  17,-255,-113, -30,  16,  -5, -22,-968,-262;
  12,-253,-106, -29,  17,  -6, -22,-967,-261;
  14,-255,-109, -27,  19,  -5, -27,-965,-261;
  14,-255,-107, -27,  18,  -5, -29,-966,-260;
  14,-255,-105, -26,  18,  -6, -25,-966,-253;
  15,-253,-103, -24,  17,  -6, -27,-965,-254;
  16,-252,-105, -22,  17,  -6, -27,-969,-254;
  12,-253,-106, -24,  16,  -7, -29,-963,-249;
  17,-255,-108, -24,  15,  -8, -22,-968,-254;
  15,-253,-105, -28,  14,  -9, -26,-965,-252;
  14,-255,-105, -29,  14, -11, -27,-968,-250;
  13,-254,-107, -28,  14, -10, -29,-968,-254;
  15,-254,-108, -24,  13, -11, -29,-970,-256;
  17,-255,-109, -22,  12, -11, -21,-962,-258;
  15,-253,-104, -20,  12, -11, -20,-965,-260;
  12,-254,-107, -17,  10, -10, -25,-963,-259;
  15,-254,-105, -18,  12, -12, -22,-960,-255;
  18,-256,-108, -20,  12, -11, -19,-965,-258;
  13,-257,-109, -21,  10, -11, -25,-962,-259;
  19,-255,-108, -23,  11, -10, -20,-967,-261;
  11,-254,-107, -24,  12,  -9, -20,-966,-259;
  17,-254,-106, -25,  11,  -9, -18,-964,-258;
  15,-254,-106, -28,  12,  -8, -15,-965,-260;
  18,-254,-110, -34,  13,  -6, -24,-963,-261;
  17,-252,-106, -35,  14,  -6, -19,-971,-261;
  18,-253,-104, -36,  14,  -5, -14,-968,-261;
  16,-255,-107, -39,  16,  -4, -13,-970,-258;
  16,-254,-105, -41,  15,  -6, -17,-972,-257;
  15,-257,-109, -41,  14,  -5, -21,-975,-257;
  14,-255,-101, -42,  15,  -5, -19,-972,-259;
  16,-258,-103, -44,  15,  -6, -17,-973,-254;
  19,-257,-104, -44,  16,  -6, -18,-976,-250;
  17,-255,-105, -42,  19,  -7, -17,-972,-251;
  14,-255,-104, -42,  20,  -7, -17,-980,-255;
  14,-255,-103, -38,  19,  -9, -17,-973,-251;
  15,-256,-103, -37,  20,  -8, -21,-978,-252;
  18,-255,-106, -34,  18, -11, -20,-974,-247;
  12,-254,-105, -33,  16, -12, -22,-970,-253;
  12,-255,-101, -31,  15, -12, -19,-968,-256;
  16,-257,-109, -29,  15, -13, -27,-971,-250;
  18,-255,-105, -28,  14, -11, -15,-968,-250;
  16,-254,-100, -25,  17, -12, -18,-964,-255;
  14,-257, -99, -26,  17, -12, -25,-967,-253;
  14,-252,-109, -24,  17, -12, -17,-962,-253;
  13,-254,-105, -27,  16, -11, -19,-968,-253;
  15,-254,-105, -26,  17, -11, -21,-966,-249;
  14,-254,-105, -27,  18, -12, -19,-963,-251;
  16,-254,-105, -29,  18, -11, -24,-964,-255;
  16,-254,-101, -32,  19, -12, -23,-960,-250;
  14,-253,-108, -35,  17, -12, -23,-965,-249;
  13,-252,-103, -36,  17, -11, -29,-963,-252;
  12,-255,-105, -37,  17, -13, -24,-963,-249;
  13,-254,-105, -37,  17, -13, -28,-962,-253;
   8,-253,-101, -37,  18, -12, -20,-964,-252;
  15,-251,-108, -38,  17, -12, -28,-965,-256;
  15,-254,-109, -39,  18, -12, -26,-963,-257;
  15,-255,-106, -41,  18, -13, -24,-964,-257;
  15,-253,-100, -41,  17, -13, -20,-963,-252;
  14,-252,-106, -44,  17, -12, -31,-967,-248;
  13,-254,-103, -45,  18, -11, -20,-966,-254;
  17,-253,-107, -47,  19, -11, -24,-965,-256;
  16,-255,-104, -46,  19, -13, -21,-969,-253;
  17,-258,-108, -45,  21, -11, -26,-970,-249;
  12,-256,-107, -44,  22, -11, -21,-971,-255;
  10,-254,-101, -44,  24,  -9, -25,-968,-253;
  12,-255,-105, -43,  24,  -9, -18,-971,-255;
  14,-256,-105, -43,  25,  -9, -24,-968,-251;
  17,-255,-101, -44,  22,  -9, -21,-971,-251;
  16,-257,-105, -43,  20,  -8, -17,-972,-253;
  13,-258,-106, -42,  19,  -8, -18,-970,-248;
  14,-254,-107, -40,  18,  -8, -18,-972,-248;
  16,-256,-107, -40,  17,  -8, -21,-972,-250;
  17,-254,-104, -37,  14,  -9, -24,-973,-251;
  15,-250,-104, -37,  14, -10, -19,-971,-252;
  15,-254,-106, -40,  15,  -9, -22,-971,-250;
  12,-254,-107, -38,  17,  -9, -21,-970,-254;
  14,-254,-104, -38,  18,  -9, -18,-974,-249;
  16,-256,-104, -39,  19,  -8, -19,-972,-254;
  16,-255,-101, -39,  17,  -9, -18,-971,-255;
  15,-252,-104, -39,  18,  -9, -19,-970,-249;
  14,-256,-103, -42,  18,  -8, -16,-972,-247;
  15,-253,-101, -41,  16,  -8, -21,-970,-248;
  15,-254,-105, -44,  17,  -7, -18,-969,-246;
  15,-256,-104, -42,  16,  -8, -15,-967,-254;
  14,-255,-105, -44,  14,  -7, -18,-968,-249;
  13,-255,-105, -43,  13,  -8, -19,-966,-251;
  14,-255,-101, -45,  12,  -9, -20,-967,-248;
  16,-255,-106, -46,   9,  -9, -16,-976,-246;
  17,-255,-107, -45,  12, -10, -19,-967,-252;
  15,-257,-105, -42,  10, -10, -20,-976,-248;
  17,-256,-105, -43,  11, -10, -19,-968,-255;
  16,-257,-103, -43,  12, -11, -23,-968,-250;
  17,-255,-104, -44,  12,  -9, -17,-965,-249;
  13,-255,-108, -46,  15, -11, -17,-969,-251;
  13,-255,-105, -46,  15,  -9, -23,-969,-254;
  16,-256,-109, -47,  16, -10, -18,-970,-249;
  10,-255,-109, -47,  15,  -9, -16,-971,-252;
  19,-255,-104, -47,  15,  -8, -21,-970,-251;
  13,-254,-106, -47,  12,  -8, -24,-971,-254;
  16,-255,-102, -47,  13,  -9, -20,-972,-258;
  16,-259,-104, -46,  14,  -9, -19,-969,-259;
  17,-256,-104, -44,  13,  -8, -12,-970,-254;
  17,-256,-107, -41,  13,  -9, -16,-968,-256;
  16,-255,-109, -40,  13, -11, -16,-971,-251;
  18,-254,-106, -35,  15, -11, -13,-971,-253;
  17,-251,-104, -36,  14, -10, -16,-966,-251;
  15,-255,-105, -36,  13, -11, -13,-967,-254;
  17,-255,-106, -35,  15, -10, -15,-966,-258;
  15,-255,-107, -35,  14, -11, -15,-963,-253;
  19,-255,-107, -35,  15, -10,  -9,-961,-253;
  15,-253,-103, -34,  13, -11, -12,-966,-251;
  17,-254,-103, -36,  14, -11, -14,-961,-253;
  17,-255,-105, -39,  15, -10,  -9,-960,-252;
  18,-254,-106, -42,  15, -10,  -9,-958,-255;
  19,-253,-108, -43,  16, -11, -18,-961,-256;
  16,-255,-113, -43,  16, -10, -16,-965,-249;
  19,-257,-106, -45,  17,  -9, -12,-965,-257;
  17,-255,-104, -46,  19, -11, -15,-969,-257;
  17,-253, -98, -44,  19, -10, -17,-966,-254;
  16,-255,-105, -45,  19,  -9, -14,-969,-258;
  17,-254,-106, -45,  18,  -9, -17,-965,-255;
  16,-255,-110, -41,  17,  -8, -12,-968,-253;
  17,-255,-105, -44,  17,  -9, -16,-967,-259;
  15,-255,-108, -45,  17,  -8, -20,-969,-256;
  15,-256,-105, -46,  16,  -8, -13,-974,-260;
  17,-256,-107, -45,  15,  -9, -16,-969,-259;
  16,-256,-107, -44,  16,  -7, -16,-968,-256;
  15,-256,-106, -43,  15,  -8, -19,-976,-256;
  15,-254,-105, -43,  15,  -8, -21,-975,-253;
  20,-263, -99, -43,  15,  -8, -20,-975,-261;
  16,-255,-106, -40,  15,  -8, -16,-968,-256;
  16,-253,-105, -42,  16,  -8, -19,-966,-255;
  16,-255,-105, -41,  17,  -7, -17,-965,-252;
  15,-253,-104, -43,  17,  -6, -22,-963,-254;
  17,-254,-105, -43,  18,  -5, -13,-965,-252;
  14,-254,-107, -43,  19,  -4, -22,-963,-255;
  15,-252,-102, -42,  19,  -5, -19,-964,-255;
  14,-256,-106, -40,  18,  -5, -23,-966,-249;
  18,-254,-105, -38,  19,  -4, -20,-959,-261;
  16,-254,-105, -38,  19,  -6, -20,-966,-255;
  12,-255,-113, -40,  17,  -7, -24,-965,-255;
  13,-253,-107, -42,  16,  -7, -21,-962,-253;
  15,-254,-105, -44,  13,  -8, -24,-966,-256;
  13,-255,-108, -43,  12,  -9, -20,-968,-256;
  17,-256,-107, -41,  10, -10, -19,-964,-256;
  15,-254,-102, -43,  10, -12, -23,-969,-260;
  13,-253,-104, -40,   9, -11, -18,-963,-254;
  13,-251,-110, -38,   9, -10, -10,-959,-256;
  15,-254,-106, -36,  11, -12, -13,-960,-254;
  21,-252,-110, -36,  11, -11, -17,-961,-256;
  15,-252,-106, -40,  12, -11, -13,-958,-256;
  16,-256,-103, -41,  14,  -9, -14,-963,-260;
  16,-254,-105, -45,  14,  -8, -11,-964,-260;
  19,-254,-106, -46,  14,  -8, -16,-965,-261;
  17,-257,-109, -47,  15,  -7, -13,-963,-261;
  15,-254,-107, -49,  16,  -5, -12,-968,-262;
  17,-253,-107, -49,  15,  -5, -10,-962,-258;
  15,-253,-108, -50,  16,  -5, -10,-967,-257;
  21,-254,-107, -53,  15,  -6,  -7,-967,-254;
  12,-256,-108, -53,  16,  -5, -18,-970,-252;
  17,-256,-109, -53,  16,  -5,  -9,-968,-254;
  25,-257,-100, -54,  15,  -5, -13,-970,-251;
  16,-256,-108, -53,  17,  -5, -21,-971,-251;
  15,-254,-106, -55,  17,  -5,  -8,-969,-253;
  15,-255,-105, -56,  17,  -5, -13,-972,-249;
  19,-257,-103, -57,  16,  -5, -12,-974,-247;
  16,-253,-108, -54,  17,  -4, -20,-971,-251;
  15,-256,-106, -53,  16,  -3,  -9,-969,-250;
  16,-257,-110, -52,  16,  -3,  -7,-972,-251;
  14,-255,-106, -51,  16,  -4, -10,-970,-257;
  20,-255,-103, -50,  16,  -3, -11,-968,-254;
  15,-256,-108, -49,  17,  -4, -12,-971,-253;
  15,-255,-107, -48,  17,  -4, -11,-965,-250;
  18,-253,-108, -51,  17,  -4, -12,-970,-257;
  17,-256,-108, -48,  16,  -3, -14,-969,-256;
  18,-254,-108, -49,  17,  -3, -16,-969,-257;
  19,-256,-102, -50,  18,  -3, -21,-967,-254;
  15,-250,-109, -50,  19,  -4, -17,-970,-256;
  15,-255,-106, -50,  20,  -3, -18,-965,-256;
  17,-252,-109, -52,  21,  -4, -12,-961,-251;
  16,-254,-108, -51,  21,  -3, -19,-967,-251;
  15,-255,-104, -52,  22,  -5, -15,-966,-255;
  15,-252,-108, -54,  22,  -4, -20,-967,-255;
  16,-253,-107, -55,  22,  -5, -19,-969,-250;
  17,-257,-109, -56,  22,  -6, -18,-966,-254;
  14,-254,-103, -55,  21,  -6, -24,-965,-250;
  14,-255,-103, -55,  20,  -6, -18,-963,-248;
  12,-253,-106, -56,  20,  -7, -21,-965,-256;
  15,-254,-105, -58,  19,  -6, -21,-967,-247;
  16,-254,-106, -58,  18,  -7, -20,-967,-255;
  15,-254,-104, -60,  17,  -7, -19,-965,-253;
  20,-258,-101, -61,  16,  -8, -18,-970,-251;
  17,-256,-108, -62,  16,  -8, -16,-971,-256;
  16,-254,-101, -60,  16,  -7, -18,-975,-253;
  17,-257,-107, -58,  16,  -8, -14,-973,-252;
  16,-253,-108, -58,  18,  -8, -20,-971,-253;
  18,-255,-104, -57,  18,  -7, -21,-968,-253;
  15,-255,-106, -55,  19,  -7, -20,-970,-255;
  15,-254,-102, -55,  20,  -7, -17,-967,-253;
  16,-256,-110, -53,  20,  -7, -12,-969,-260;
  16,-255,-109, -55,  20,  -6, -13,-969,-254;
  18,-255,-109, -55,  20,  -6, -17,-975,-253;
  16,-257,-105, -55,  21,  -6, -14,-970,-254;
  16,-255,-102, -55,  22,  -5,  -5,-969,-261;
  19,-255,-107, -55,  24,  -4, -15,-978,-256;
  15,-254,-105, -53,  24,  -4, -10,-979,-256;
  17,-256,-105, -54,  25,  -3, -11,-978,-256;
  17,-257,-109, -52,  25,  -4, -12,-976,-258;
  17,-256,-104, -53,  26,  -4,  -6,-976,-254;
  14,-256,-108, -54,  25,  -5,  -8,-973,-257;
  18,-256,-107, -53,  25,  -5,  -8,-969,-250;
  16,-257,-108, -53,  25,  -7, -10,-972,-253;
  14,-255,-106, -53,  23,  -7, -12,-967,-255;
  16,-253,-105, -54,  22,  -9, -15,-970,-253;
  16,-256,-104, -55,  25,  -6, -18,-967,-250;
  11,-254,-108, -56,  24,  -6, -17,-972,-252;
  14,-254,-103, -57,  24,  -7, -12,-969,-250;
  15,-254,-103, -57,  23,  -7, -16,-967,-248;
  15,-256,-104, -59,  21,  -7, -20,-965,-250;
  13,-255,-109, -60,  21,  -8, -18,-969,-247;
  19,-256,-104, -60,  20,  -8, -14,-961,-254;
  16,-253,-106, -60,  19, -11, -16,-969,-251;
  14,-257,-104, -61,  18, -10, -20,-967,-250;
  16,-253,-104, -64,  18, -12, -22,-968,-255;
  17,-256,-109, -63,  17, -13, -19,-971,-256;
  15,-254,-106, -64,  17, -12, -22,-968,-257;
  11,-251,-109, -64,  20, -10, -21,-969,-259;
  15,-253,-106, -64,  20, -12, -21,-967,-254;
  13,-255,-108, -64,  20, -12, -17,-968,-262;
  16,-256,-106, -64,  22, -10, -17,-967,-258;
  18,-256,-107, -65,  23, -12, -20,-970,-259;
  15,-256,-103, -64,  23, -12, -16,-969,-256;
  14,-254,-106, -65,  22,  -9, -20,-967,-257;
  14,-255,-106, -65,  23,  -9, -18,-968,-259;
  13,-253,-105, -65,  25,  -9, -21,-969,-260;
  17,-256,-108, -63,  26, -10, -16,-963,-261;
  15,-256,-113, -63,  26,  -8, -25,-968,-258;
  14,-256,-107, -64,  26,  -9, -15,-967,-263;
  19,-253,-109, -65,  27, -10, -19,-961,-258;
  16,-256,-108, -63,  26, -10, -16,-967,-260;
  15,-254,-104, -65,  25, -10, -19,-967,-255;
  16,-252,-107, -65,  25,  -9, -19,-968,-259;
  16,-254,-104, -63,  24,  -9, -15,-966,-259;
  16,-255,-108, -63,  23, -10, -21,-966,-262;
  18,-256,-104, -63,  22,  -9, -16,-967,-259;
  15,-254,-108, -63,  21,  -7, -16,-961,-259;
  18,-254,-106, -62,  20,  -8, -13,-965,-257;
  18,-255,-107, -64,  19,  -8, -17,-963,-255;
  18,-256,-105, -66,  19,  -6, -14,-966,-253;
  21,-255,-100, -66,  18,  -7, -16,-965,-252;
  14,-254,-105, -66,  17,  -6, -19,-964,-255;
  16,-254,-102, -67,  14,  -8, -18,-971,-255;
  16,-255,-106, -68,  14,  -8, -18,-964,-255;
  18,-256,-107, -69,  12,  -7, -17,-971,-256;
  16,-256,-109, -70,  11,  -7, -18,-965,-262;
  16,-252,-107, -68,  11,  -8, -18,-966,-259;
  14,-252,-107, -70,  11,  -8, -15,-970,-257;
  16,-256,-107, -70,  12,  -7, -18,-961,-258;
  17,-254,-108, -73,  13,  -8, -16,-966,-264;
  14,-256,-110, -74,  14,  -7, -12,-976,-260;
  15,-261,-106, -73,  15,  -7, -22,-969,-263;
  16,-256,-105, -72,  16,  -7, -18,-966,-260;
  15,-254,-106, -70,  18,  -7, -17,-969,-266;
  17,-255,-111, -70,  17,  -5, -17,-969,-265;
  18,-254,-110, -71,  19,  -5, -18,-969,-269;
  16,-254,-112, -71,  19,  -5, -12,-967,-266;
  17,-255,-108, -74,  19,  -5,  -7,-958,-267;
  17,-255,-108, -76,  20,  -5, -15,-968,-265;
  16,-254,-110, -76,  20,  -4, -14,-966,-263;
  15,-256,-107, -73,  22,  -5, -17,-963,-270;
  13,-252,-107, -72,  20,  -4, -19,-961,-265;
  15,-255,-101, -69,  18,  -3, -18,-964,-260;
  15,-254,-109, -68,  18,  -2, -21,-962,-262;
  16,-255,-107, -68,  17,  -4, -24,-966,-263;
  15,-253,-110, -66,  16,  -3, -21,-961,-263;
  14,-255,-105, -67,  14,  -5, -23,-959,-261;
  16,-255,-104, -66,  11,  -5, -20,-963,-264;
  14,-254,-106, -66,   9,  -3, -24,-962,-263;
  14,-250,-107, -69,   6,  -5, -19,-960,-262;
  12,-252,-111, -71,   4,  -7, -18,-961,-267;
  18,-254,-104, -72,   2,  -8, -15,-965,-262;
  13,-250,-107, -72,   1,  -7, -15,-957,-263;
  17,-255,-106, -70,   1, -10, -16,-958,-263;
  16,-253,-104, -70,   1,  -9, -10,-959,-266;
  16,-254,-105, -70,   2,  -9, -10,-956,-261;
  16,-254,-111, -71,   6, -10,  -7,-963,-265;
  16,-253,-111, -71,   7,  -8, -18,-958,-264;
  17,-255,-107, -71,   9,  -8,  -8,-963,-262;
  17,-253,-110, -71,  12,  -5, -12,-965,-269;
  14,-255,-107, -74,  14,  -3, -17,-969,-271;
  15,-254,-104, -74,  16,  -3, -15,-968,-265;
  16,-256,-115, -74,  18,  -2, -10,-970,-269;
  17,-256,-115, -75,  18,  -1,  -9,-970,-272;
  19,-256,-108, -72,  18,  -1, -13,-966,-269;
  18,-257,-109, -69,  20,  -1, -14,-974,-271;
  17,-258,-110, -68,  20,   0, -15,-981,-274;
  18,-257,-110, -66,  21,   0, -18,-972,-270;
  16,-256,-111, -65,  21,   0, -14,-973,-271;
  17,-256,-104, -67,  21,  -1, -17,-971,-265;
  18,-256,-106, -63,  22,  -1, -18,-970,-270;
  14,-255,-114, -59,  23,  -1, -17,-972,-267;
  18,-256,-109, -57,  23,  -1, -15,-969,-268;
  19,-255,-105, -55,  23,  -1, -14,-973,-267;
  19,-257,-111, -53,  23,  -2, -17,-964,-262;
  16,-254,-101, -53,  21,  -2, -12,-968,-265;
  17,-256,-109, -53,  22,  -1, -15,-972,-266;
  17,-257,-108, -53,  23,  -1, -19,-969,-264;
  17,-254,-108, -53,  22,  -2, -19,-965,-264;
  17,-254,-104, -51,  23,  -2, -16,-962,-264;
  16,-254,-109, -53,  23,  -3, -17,-960,-269;
  17,-253,-104, -55,  23,  -4, -16,-962,-265;
  12,-253,-116, -55,  24,  -3, -18,-960,-265;
  16,-255,-109, -57,  24,  -3,  -9,-960,-262;
  19,-254,-106, -57,  22,  -4, -16,-962,-265;
  19,-251,-112, -60,  22,  -5,  -8,-964,-263;
  20,-253,-105, -61,  21,  -4, -13,-963,-264;
  13,-253,-109, -62,  19,  -7, -10,-961,-270;
  18,-256,-111, -62,  18,  -6,  -8,-964,-269;
  18,-253,-110, -63,  17,  -6, -16,-964,-265;
  19,-252,-107, -62,  16,  -8,  -8,-959,-265;
  14,-252,-109, -61,  15,  -7, -15,-966,-271;
  14,-252,-107, -60,  17,  -6, -15,-963,-262;
  14,-252,-109, -57,  17,  -7, -17,-964,-271;
  16,-255,-109, -58,  15,  -7, -13,-963,-266;
  19,-253,-105, -56,  16,  -7, -12,-968,-266;
  13,-252,-110, -52,  16,  -6, -18,-963,-269;
  18,-255,-111, -50,  17,  -7, -13,-964,-272;
  17,-254,-108, -50,  18,  -5, -16,-963,-268;
  15,-253,-109, -48,  20,  -7, -13,-961,-266;
  17,-253,-112, -49,  23,  -7, -17,-966,-274;
  15,-252,-107, -52,  23,  -7, -16,-962,-267;
  17,-251,-108, -54,  23,  -6, -16,-967,-268;
  15,-253,-107, -55,  24,  -5, -18,-967,-266;
  14,-255,-106, -59,  25,  -5, -17,-961,-268;
  17,-251,-105, -61,  28,  -5, -15,-968,-266;
  14,-252,-110, -60,  26,  -6, -14,-964,-267;
  17,-257,-113, -60,  28,  -6, -15,-963,-264;
  16,-255,-112, -60,  30,  -7, -17,-966,-265;
  19,-255,-109, -59,  30,  -7, -16,-964,-267;
  18,-255,-112, -61,  30,  -5, -13,-968,-268;
  17,-254,-108, -61,  30,  -5, -13,-964,-265;
  16,-253,-112, -61,  30,  -5, -17,-963,-265;
  16,-253,-106, -62,  29,  -5, -14,-966,-263;
  17,-255,-106, -62,  29,  -7, -15,-961,-267;
  18,-256,-107, -61,  28,  -7, -12,-961,-269;
  12,-252,-109, -58,  27,  -6, -13,-963,-269;
  14,-253,-112, -56,  28,  -7, -16,-960,-268;
  19,-255,-106, -53,  28,  -8, -12,-963,-263;
  16,-254,-107, -52,  28,  -9, -16,-966,-269;
  16,-254,-111, -50,  29, -12, -13,-962,-267;
  17,-252,-110, -47,  28, -12, -17,-964,-271;
  15,-253,-107, -45,  27, -12, -20,-961,-276;
  15,-253,-115, -44,  26, -13, -15,-959,-270;
  14,-252,-110, -42,  24, -13, -15,-961,-270;
  16,-253,-113, -41,  23, -13, -18,-962,-270;
  17,-254,-111, -41,  23, -13, -22,-960,-277;
  18,-251,-107, -42,  21, -14, -17,-961,-271;
  15,-254,-108, -40,  20, -14, -19,-959,-272;
  15,-250,-104, -39,  18, -15, -23,-959,-268;
  14,-252,-109, -38,  18, -16, -13,-958,-268;
  17,-251,-112, -39,  18, -16, -18,-953,-275;
  15,-251,-108, -40,  17, -17, -14,-953,-276;
  15,-251,-112, -43,  15, -17, -12,-953,-274;
  18,-252,-111, -44,  14, -16, -19,-955,-278;
  18,-251,-111, -45,  14, -17, -17,-951,-281;
  14,-250,-116, -47,  16, -16, -10,-951,-280;
  18,-248,-114, -46,  16, -16, -18,-951,-275;
  15,-251,-111, -48,  17, -14,  -8,-948,-276;
  18,-249,-114, -49,  17, -14, -15,-949,-279;
  16,-248,-105, -50,  20, -13, -10,-944,-279;
  20,-251,-113, -52,  21, -14,  -5,-944,-282;
  17,-246,-113, -57,  22, -16,  -5,-933,-285;
  16,-245,-116, -61,  24, -15,  -8,-937,-285;
  19,-247,-113, -69,  24, -12,  -5,-935,-289;
  17,-244,-112, -77,  25, -12,  -4,-934,-293;
  20,-245,-111, -82,  26, -13,  -3,-934,-291;
  21,-246,-114, -87,  25, -12,  -4,-930,-292;
  20,-243,-112, -92,  24, -14,  -2,-923,-297;
  19,-241,-116, -98,  25, -14,  -2,-927,-298;
  19,-243,-115,-105,  25, -15,  -4,-928,-305;
  18,-245,-125,-110,  27, -14, -11,-921,-305;
  21,-242,-121,-118,  26, -14,  -5,-918,-306;
  19,-244,-117,-124,  24, -14,  -1,-919,-307;
  18,-240,-117,-130,  23, -13,  -3,-915,-310;
  18,-238,-123,-135,  21, -13,  -7,-911,-316;
  16,-237,-119,-144,  17, -13,  -6,-904,-313;
  17,-238,-124,-151,  13, -13,  -5,-900,-317;
  19,-238,-122,-161,   8, -14,  -8,-897,-318;
  14,-233,-124,-168,   6, -14,  -6,-892,-321;
  17,-233,-122,-176,   4, -14,  -7,-886,-325;
  16,-233,-122,-186,   1, -14, -13,-886,-324;
  12,-233,-117,-197,  -2, -13,  -9,-877,-328;
  20,-235,-124,-209,  -3, -11, -24,-880,-328;
  14,-233,-125,-220,  -4,  -9, -22,-882,-327;
  14,-234,-124,-231,  -5,  -7, -22,-882,-331;
  13,-233,-126,-243,  -8,  -5, -23,-887,-334;
  14,-234,-124,-254, -12,  -2, -30,-882,-335;
  14,-236,-127,-266, -16,   1, -26,-884,-337;
  13,-231,-126,-281, -18,   3, -20,-883,-334;
  14,-229,-127,-293, -19,   5, -24,-883,-336;
  15,-231,-127,-302, -21,   9, -17,-879,-338;
  17,-232,-129,-311, -23,  11, -20,-886,-340;
  16,-232,-123,-319, -25,  14, -22,-874,-345;
  14,-230,-125,-330, -29,  16, -23,-875,-348;
  13,-231,-128,-344, -32,  20, -16,-868,-360;
  14,-228,-129,-357, -34,  22, -18,-865,-352;
  17,-229,-130,-371, -37,  24, -22,-863,-353;
  14,-229,-131,-383, -39,  26, -18,-865,-355;
  14,-228,-128,-398, -41,  27, -19,-866,-357;
  16,-225,-129,-411, -41,  27, -22,-863,-360;
  18,-228,-132,-426, -43,  27, -21,-863,-353;
  14,-228,-128,-441, -47,  27, -25,-866,-357;
  12,-226,-136,-454, -51,  26, -23,-865,-365;
  12,-228,-135,-467, -54,  25, -24,-866,-368;
  14,-229,-133,-480, -57,  24, -21,-866,-371;
  13,-228,-136,-491, -59,  24, -18,-865,-375;
  13,-226,-133,-500, -61,  23, -21,-859,-374;
  16,-228,-134,-509, -61,  22, -18,-864,-374;
  16,-228,-134,-518, -59,  22, -17,-866,-375;
  15,-228,-134,-529, -58,  22, -17,-861,-378;
  15,-229,-133,-540, -54,  21, -18,-863,-376;
  18,-224,-140,-551, -52,  20, -17,-860,-377;
  20,-226,-140,-561, -49,  18, -11,-863,-378;
  16,-228,-135,-573, -47,  18, -12,-862,-382;
  19,-227,-140,-583, -45,  18,  -3,-856,-393;
  18,-226,-140,-594, -42,  20, -12,-858,-398;
  18,-226,-140,-606, -40,  19,  -7,-859,-403;
  17,-226,-143,-621, -37,  19,  -8,-858,-409;
  14,-223,-144,-635, -33,  20,  -8,-859,-407;
  16,-226,-144,-648, -34,  20, -17,-854,-412;
  16,-230,-148,-660, -33,  20, -11,-859,-414;
  15,-227,-143,-672, -32,  21, -13,-857,-420;
  17,-227,-146,-686, -33,  22, -11,-860,-416;
  17,-228,-144,-695, -31,  23,  -8,-859,-425;
  15,-225,-148,-704, -29,  24, -11,-862,-428;
  19,-226,-149,-714, -22,  25,  -2,-863,-423;
  20,-228,-149,-725, -16,  26,  -4,-858,-427;
  17,-224,-150,-734, -11,  25,  -2,-860,-432;
  16,-224,-149,-741,  -5,  24,  -4,-862,-436;
  20,-228,-153,-749,  -1,  26,  -5,-856,-433;
  19,-224,-155,-758,   2,  24,  -4,-853,-436;
  20,-225,-147,-767,   1,  23,  -4,-843,-437;
  19,-224,-150,-774,   0,  24, -15,-849,-442;
  16,-221,-153,-781,  -3,  24, -17,-847,-444;
  16,-224,-152,-789,  -4,  25, -17,-843,-453;
  19,-230,-155,-797,  -6,  26, -20,-844,-457;
  15,-223,-156,-800,  -8,  29, -19,-842,-459;
  11,-222,-158,-804, -10,  31, -22,-848,-462;
  12,-227,-158,-810, -13,  34, -24,-859,-468;
  13,-228,-160,-814, -17,  36, -19,-855,-470;
  15,-228,-159,-817, -20,  38, -17,-857,-469;
  16,-225,-158,-819, -20,  39, -19,-862,-465;
  18,-227,-156,-817, -17,  41, -12,-855,-473;
  17,-227,-159,-817, -13,  42, -14,-857,-468;
  17,-227,-160,-818,  -7,  42, -14,-850,-478;
  13,-225,-158,-819,  -5,  41, -22,-852,-479;
  16,-223,-166,-819,  -3,  41, -24,-846,-481;
  14,-222,-161,-820,  -7,  42, -29,-841,-482;
  13,-224,-163,-820,  -8,  43, -24,-839,-482;
  12,-220,-168,-824, -16,  44, -28,-839,-483;
  11,-222,-162,-829, -24,  43, -31,-835,-490;
  10,-222,-167,-836, -32,  43, -33,-836,-493;
  11,-222,-166,-838, -36,  43, -32,-830,-500;
  10,-221,-168,-840, -40,  45, -33,-835,-498;
  11,-218,-165,-842, -40,  46, -36,-830,-510;
   9,-220,-166,-843, -42,  48, -39,-829,-510;
   9,-217,-169,-848, -42,  48, -37,-826,-516;
  10,-216,-164,-852, -43,  49, -39,-827,-516;
   9,-218,-172,-859, -45,  50, -38,-829,-526;
   9,-219,-174,-867, -41,  52, -35,-828,-530;
  11,-222,-175,-871, -35,  55, -37,-824,-530;
   8,-220,-175,-877, -31,  58, -34,-830,-544;
  13,-223,-172,-881, -24,  62, -32,-830,-537;
  11,-224,-178,-882, -17,  65, -29,-832,-540;
  12,-221,-178,-879, -10,  69, -26,-841,-541;
  13,-221,-179,-877,  -4,  71, -28,-835,-551;
  14,-222,-180,-870,   1,  71, -32,-837,-555;
  11,-220,-183,-865,   4,  71, -27,-829,-565;
  15,-217,-184,-860,   2,  70, -23,-826,-566;
  12,-219,-182,-853,  -1,  67, -25,-820,-568;
  12,-216,-187,-849,  -7,  64, -28,-824,-577;
   8,-217,-186,-848, -13,  59, -31,-818,-583;
  12,-215,-191,-847, -18,  56, -32,-819,-585;
   9,-215,-189,-846, -23,  54, -35,-815,-592;
   9,-220,-191,-845, -28,  50, -39,-820,-600;
  10,-218,-190,-843, -35,  48, -43,-818,-599;
  10,-220,-188,-841, -41,  47, -43,-820,-607;
   6,-216,-192,-837, -45,  46, -47,-822,-605;
   7,-218,-192,-832, -51,  46, -50,-823,-606;
   8,-213,-189,-830, -48,  44, -55,-820,-603;
   3,-218,-193,-830, -45,  46, -59,-817,-608;
   5,-216,-194,-831, -39,  45, -54,-816,-611;
   3,-216,-192,-830, -31,  47, -55,-813,-614;
   5,-211,-194,-830, -25,  50, -60,-804,-611;
   4,-212,-196,-826, -20,  53, -52,-802,-627;
   7,-212,-197,-822, -16,  57, -54,-793,-629;
   8,-212,-203,-817, -13,  63, -45,-787,-633;
   9,-208,-200,-812, -12,  66, -45,-786,-641;
  10,-209,-204,-807, -10,  69, -43,-783,-643;
   9,-205,-217,-803,  -9,  72, -32,-780,-655;
  11,-207,-206,-800,  -7,  75, -33,-781,-660;
  11,-204,-206,-799,  -7,  78, -32,-776,-670;
  13,-204,-206,-799,  -8,  81, -29,-780,-670;
  10,-205,-211,-801,  -9,  81, -30,-781,-683;
  15,-208,-210,-796, -10,  82, -27,-782,-691;
  13,-204,-213,-787, -10,  80, -24,-783,-692;
  12,-207,-213,-778,  -8,  77, -24,-782,-688;
  11,-206,-214,-770,  -8,  75, -31,-776,-689;
  10,-203,-215,-765,  -4,  75, -32,-768,-698;
  10,-203,-212,-761,  -1,  71, -35,-763,-700;
  12,-200,-215,-757,   2,  67, -39,-757,-700;
   5,-197,-212,-751,   7,  63, -48,-758,-697;
   1,-196,-213,-744,  12,  58, -54,-749,-696;
   1,-196,-218,-739,  13,  55, -66,-747,-696;
   1,-197,-213,-735,  13,  53, -71,-736,-697;
   0,-195,-215,-729,  10,  51, -83,-733,-694;
   0,-195,-216,-719,   4,  51, -84,-734,-698;
  -5,-195,-218,-711,  -4,  53, -94,-723,-702;
  -2,-192,-215,-703, -14,  55, -94,-721,-704;
  -5,-189,-215,-698, -24,  60, -95,-709,-703;
  -3,-191,-214,-692, -36,  63, -96,-705,-706;
  -5,-184,-221,-688, -46,  68, -96,-701,-708;
  -5,-185,-217,-685, -53,  71, -92,-685,-712;
   0,-184,-219,-687, -59,  76, -80,-681,-713;
   2,-183,-222,-692, -63,  82, -75,-677,-724;
   2,-184,-221,-699, -64,  86, -74,-675,-723;
   1,-182,-223,-707, -61,  90, -63,-677,-728;
   4,-182,-223,-712, -56,  93, -60,-677,-738;
   5,-180,-222,-719, -49,  93, -55,-676,-740;
   5,-181,-230,-722, -42,  93, -49,-678,-740;
   8,-184,-228,-723, -32,  92, -43,-674,-750;
   7,-181,-227,-718, -25,  94, -37,-676,-751;
   8,-188,-239,-712, -18,  94, -36,-675,-766;
   9,-181,-232,-702,  -8,  92, -31,-671,-769;
  11,-179,-237,-689,   4,  92, -37,-669,-773;
  10,-179,-237,-680,  17,  89, -34,-662,-778;
  11,-176,-235,-673,  32,  86, -36,-655,-780;
   7,-173,-238,-666,  48,  82, -35,-647,-785;
   7,-172,-236,-663,  60,  79, -42,-639,-790;
   5,-167,-233,-663,  71,  77, -52,-632,-792;
   7,-168,-232,-664,  77,  78, -51,-629,-778;
   2,-164,-234,-668,  80,  79, -58,-614,-779;
   3,-166,-233,-671,  80,  80, -62,-609,-780;
   2,-164,-224,-678,  78,  79, -75,-609,-778;
   0,-163,-238,-687,  75,  81, -69,-602,-781;
  -2,-161,-236,-695,  72,  87, -70,-603,-783;
   0,-163,-237,-701,  64,  85, -78,-610,-780;
  -4,-166,-238,-706,  55,  82, -83,-614,-776;
  -2,-165,-238,-704,  48,  85, -91,-615,-787;
   1,-166,-237,-701,  42,  86, -81,-617,-791;
  -3,-168,-239,-694,  36,  84, -75,-624,-793;
  -3,-166,-241,-686,  30,  76, -95,-614,-802;
  -9,-164,-243,-680,  29,  74, -98,-617,-803;
   0,-164,-241,-676,  32,  75, -80,-613,-808;
 -10,-165,-240,-672,  31,  65,-109,-601,-814;
  -8,-158,-244,-673,  34,  63,-107,-593,-819;
  -3,-159,-242,-673,  38,  68, -97,-595,-818;
  -2,-159,-242,-670,  36,  61, -90,-591,-817;
  -8,-157,-246,-671,  33,  52,-117,-581,-829;
 -11,-155,-249,-674,  38,  64,-111,-574,-821;
  -1,-154,-249,-674,  38,  73, -96,-573,-825;
  -1,-150,-238,-676,  38,  78, -90,-563,-823;
   0,-148,-244,-673,  41,  81, -67,-547,-816;
  -1,-146,-251,-667,  43,  73, -81,-538,-829;
  -5,-145,-254,-666,  55,  75,-106,-529,-829;
   3,-151,-248,-670,  69,  90, -78,-522,-832;
   1,-142,-252,-675,  76,  97, -67,-526,-838;
  11,-144,-247,-678,  83,  94, -33,-531,-825;
  -7,-138,-253,-678,  81,  77,-104,-523,-842;
   0,-141,-250,-681,  87,  82, -83,-526,-846;
   0,-146,-252,-684,  86,  86, -68,-538,-852;
  -5,-147,-251,-685,  81,  76, -91,-535,-856;
  -3,-147,-256,-685,  82,  76, -95,-547,-852;
   0,-149,-253,-684,  80,  78, -76,-543,-852;
  12,-156,-253,-677,  78,  73, -47,-553,-864;
  -6,-144,-257,-664,  71,  56,-106,-538,-868;
  -5,-148,-257,-658,  77,  66, -93,-544,-886;
  -2,-147,-261,-656,  74,  76, -80,-552,-895;
   3,-154,-258,-657,  68,  79, -46,-571,-885;
  -6,-152,-265,-649,  55,  60,-104,-559,-906;
 -11,-150,-267,-643,  57,  62,-107,-565,-914;
  -1,-152,-263,-638,  71,  81, -88,-568,-914;
  -3,-149,-268,-633,  77,  86, -97,-567,-918;
  -4,-150,-273,-625,  85,  82, -84,-555,-921;
   3,-151,-264,-616,  95,  81, -60,-557,-911;
  -2,-149,-264,-595, 103,  65, -88,-538,-926;
 -14,-142,-277,-580, 114,  65,-133,-525,-935;
  -2,-137,-274,-583, 134,  96,-102,-537,-937;
  -1,-143,-271,-591, 137, 101, -90,-528,-933;
  -1,-142,-266,-592, 140, 101, -74,-524,-927;
   0,-142,-267,-580, 143, 106, -74,-528,-928;
  22,-152,-256,-551, 150, 100, -17,-549,-915;
 -17,-135,-264,-512, 136,  65,-146,-497,-936;
  -1,-138,-273,-493, 149, 105, -85,-522,-938;
  -1,-141,-277,-492, 151, 121, -82,-522,-935;
   1,-139,-275,-497, 150, 119, -81,-519,-934;
  -1,-140,-267,-493, 152, 118, -70,-510,-930;
  -5,-136,-272,-471, 153,  91,-102,-504,-930;
 -17,-132,-285,-443, 154,  88,-135,-487,-944;
  -3,-135,-267,-438, 162, 122, -98,-505,-939;
   0,-135,-265,-450, 155, 121, -95,-502,-931;
  -2,-133,-265,-458, 148, 121, -92,-493,-936;
   0,-138,-273,-456, 146, 123, -89,-498,-931;
  -7,-134,-267,-441, 150, 111,  31,-523,-912;
 -20,-129,-281,-418, 133,  80,-165,-476,-949;
  -9,-132,-276,-413, 147, 122, -90,-497,-942;
  -3,-132,-280,-428, 137, 126, -86,-496,-938;
   1,-135,-271,-439, 126, 116, -66,-483,-932;
   7,-131,-267,-439, 120, 117, -62,-482,-931;
   9,-130,-269,-431, 120, 114, -42,-481,-928;
  29,-134,-266,-418, 119,  93,  49,-492,-890;
  -8,-122,-272,-386,  95,  53,-140,-437,-951;
  11,-124,-266,-375, 119,  94, -47,-458,-941;
   9,-124,-273,-388, 123, 108, -44,-450,-937;
  10,-119,-272,-397, 120, 103, -36,-429,-932;
  11,-117,-272,-394, 120,  96, -32,-426,-927;
  40,-123,-255,-376, 126,  88, 109,-470,-899;
  -7,-114,-270,-339,  99,  39,-110,-405,-942;
   7,-117,-285,-324, 124,  82, -53,-429,-945;
   5,-119,-276,-344, 126,  97, -42,-425,-931;
   6,-119,-273,-360, 113,  97, -40,-431,-927;
   8,-120,-275,-362, 104,  95, -39,-427,-929;
  11,-121,-271,-353,  98,  94, -29,-429,-933;
 -22,-113,-298,-333,  95,  64, -77,-424,-931;
 -15,-111,-300,-311,  79,  48,-111,-407,-967;
   0,-118,-281,-319,  80,  97, -62,-426,-960;
   5,-118,-274,-347,  65, 107, -53,-427,-954;
   5,-121,-273,-369,  53, 106, -57,-428,-948;
   8,-121,-271,-379,  48, 104, -47,-424,-946;
  29,-128,-273,-384,  47, 104,  -7,-430,-939;
 -27,-112,-288,-365,  28,  53,-138,-405,-955;
  -9,-108,-280,-349,  38,  72,-131,-404,-975;
   1,-117,-272,-364,  50, 114, -80,-424,-962;
   2,-116,-270,-383,  44, 120, -75,-423,-952;
   3,-118,-270,-385,  40, 121, -72,-420,-953;
   3,-119,-277,-372,  39, 121, -67,-430,-950;
   1,-118,-278,-357,  38, 118, -60,-425,-956;
  19,-119,-255,-336,  46, 109, 182,-489,-917;
 -29,-102,-294,-304,  24,  46,-173,-381,-979;
  -8,-112,-299,-296,  58, 105, -87,-409,-987;
  -2,-113,-293,-323,  58, 124, -68,-408,-978;
   2,-115,-281,-348,  49, 121, -54,-405,-970;
   6,-112,-278,-356,  44, 117, -56,-400,-960;
   4,-110,-277,-356,  40, 114, -51,-393,-975;
   9,-108,-278,-353,  39, 115, -42,-391,-961;
  31,-116,-258,-343,  44, 101,  34,-406,-955;
 -22, -95,-282,-321,  19,  36,-172,-339,-985;
  -1,-104,-288,-320,  55,  94, -60,-375,-977;
   0,-102,-291,-352,  60, 111, -60,-368,-958;
   6,-104,-279,-374,  58, 105, -58,-370,-950;
   5,-102,-274,-377,  55,  98, -58,-366,-947;
   4,-102,-278,-369,  54,  93, -54,-366,-953;
   5,-101,-275,-358,  56,  86, -53,-356,-954;
   3, -98,-280,-352,  58,  77, -60,-347,-953;
   7, -99,-279,-343,  60,  70, -56,-344,-952;
  45,-107,-242,-332,  63,  58, 170,-393,-926;
 -18, -83,-264,-303,  31, -13,-176,-295,-964;
   4, -93,-280,-289,  66,  38, -62,-333,-963;
   0, -90,-286,-311,  72,  48, -49,-333,-947;
   3, -93,-285,-327,  71,  41, -48,-317,-933;
   7, -90,-275,-330,  67,  32, -44,-319,-932;
   8, -88,-273,-328,  65,  25, -42,-311,-931;
   8, -87,-266,-324,  65,  19, -40,-299,-933;
  10, -83,-266,-324,  62,  17, -42,-302,-938;
   4, -87,-273,-320,  59,  15, -45,-308,-942;
   2, -89,-277,-316,  54,  14, -53,-308,-951;
   3, -89,-280,-309,  51,  13, -57,-313,-954;
  72,-113,-276,-300,  48,  10, -11,-333,-946;
 -22, -81,-278,-271,   3, -69,-156,-281,-969;
   3, -89,-275,-239,  18, -15,-126,-309,-1008;
   6, -91,-272,-248,  34,  13, -74,-324,-994;
   2, -96,-276,-261,  37,  11, -77,-332,-986;
  -1, -93,-285,-255,  35,   4, -82,-330,-989;
   0, -94,-288,-243,  27,  -3, -82,-333,-988;
  -2, -94,-289,-231,  22,  -9, -75,-332,-989;
  -3, -91,-286,-224,  19, -14, -89,-319,-989;
   0, -92,-286,-218,  17, -18, -83,-324,-993;
   0, -92,-286,-213,  16, -20, -83,-320,-992;
  -3, -89,-286,-206,  17, -23, -91,-325,-988;
  -4, -91,-288,-197,  12, -24, -93,-324,-982;
   0, -91,-286,-186,   6, -24, -92,-319,-977;
   0, -88,-283,-174,  -2, -27, -90,-323,-981;
  35,-106,-277,-163,  -6, -31,  66,-355,-938;
 -44, -75,-294,-136, -55,-101,-232,-267,-978;
   4, -90,-277,-118, -18, -45, -73,-312,-1000;
   8, -97,-273,-145,  -5, -32, -75,-312,-981;
   4, -90,-274,-166,   8, -34, -74,-315,-961;
   2, -86,-275,-163,  11, -38, -61,-325,-963;
   0, -90,-285,-157,  10, -41, -63,-320,-970;
   2, -90,-284,-155,  11, -43, -60,-322,-972;
   4, -88,-283,-154,  12, -45, -57,-312,-972;
   5, -92,-277,-148,  14, -46, -53,-315,-971;
   5, -85,-282,-147,  16, -48, -58,-312,-973;
   6, -88,-278,-143,  14, -51, -52,-310,-974;
   7, -88,-282,-139,  13, -51, -50,-305,-972;
   7, -91,-277,-133,  12, -53, -43,-306,-975;
   6, -87,-281,-128,  12, -53, -49,-305,-973;
   6, -85,-286,-125,  15, -51, -50,-305,-978;
   8, -85,-283,-121,  19, -51, -48,-301,-979;
   6, -82,-278,-120,  23, -49, -53,-300,-973;
   4, -81,-280,-123,  25, -48, -46,-293,-976;
   3, -81,-281,-122,  28, -47, -51,-292,-969;
   5, -81,-281,-124,  31, -43, -48,-286,-971;
   3, -82,-286,-127,  30, -41, -49,-284,-970;
   4, -79,-280,-128,  27, -41, -57,-288,-971;
   4, -80,-283,-128,  23, -38, -56,-281,-972;
   3, -76,-276,-129,  19, -38, -55,-280,-972;
   2, -81,-283,-128,  13, -35, -63,-280,-973;
   1, -82,-280,-128,   9, -35, -61,-280,-972;
   1, -80,-280,-130,   4, -33, -61,-275,-967;
   2, -81,-280,-131,   2, -31, -63,-283,-971;
   3, -82,-277,-132,   2, -28, -66,-275,-973;
   1, -78,-282,-133,   1, -28, -67,-279,-970;
   1, -80,-279,-134,   2, -26, -68,-283,-968;
   1, -78,-279,-134,   3, -24, -63,-279,-972;
   2, -82,-286,-134,   6, -21, -66,-278,-972;
   2, -81,-275,-135,  10, -20, -66,-277,-971;
   2, -79,-283,-136,  14, -20, -64,-277,-965;
   2, -77,-280,-138,  17, -21, -59,-275,-969;
   2, -78,-278,-139,  20, -19, -63,-276,-966;
   3, -80,-278,-140,  20, -20, -61,-277,-965;
   3, -79,-282,-140,  20, -22, -61,-279,-969;
   4, -81,-281,-143,  19, -20, -62,-273,-974;
   3, -77,-285,-144,  18, -21, -56,-265,-972;
   6, -78,-284,-143,  14, -22, -54,-273,-976;
   6, -73,-282,-144,  12, -25, -52,-266,-981;
   5, -76,-283,-147,  12, -27, -56,-261,-976;
   1, -78,-282,-148,  14, -28, -53,-262,-976;
   4, -75,-287,-150,  14, -29, -54,-274,-970;
   2, -78,-278,-152,  15, -29, -54,-275,-973;
   3, -78,-283,-150,  15, -29, -60,-274,-975;
   5, -75,-280,-147,  15, -29, -61,-275,-972;
   1, -79,-281,-145,  18, -28, -60,-282,-973;
   3, -80,-285,-147,  16, -26, -60,-274,-972;
   2, -80,-280,-148,  18, -27, -62,-276,-970;
   2, -81,-284,-148,  20, -25, -64,-277,-975;
   1, -81,-286,-148,  22, -26, -66,-275,-978;
   0, -80,-282,-148,  22, -25, -69,-276,-976;
   2, -80,-284,-147,  21, -25, -65,-276,-981;
   1, -77,-283,-145,  20, -26, -70,-271,-984;
   1, -79,-284,-142,  17, -27, -69,-275,-989;
   1, -78,-286,-138,  14, -26, -68,-272,-984;
   1, -78,-283,-136,  13, -24, -68,-277,-985;
   0, -76,-290,-133,  12, -24, -68,-276,-990;
   1, -81,-287,-131,  12, -22, -70,-274,-985;
   1, -78,-287,-130,  10, -19, -67,-277,-987;
   1, -79,-287,-128,  10, -17, -67,-283,-988;
   1, -82,-288,-125,   7, -17, -66,-279,-988;
   0, -78,-287,-120,   5, -14, -67,-276,-989;
   2, -80,-284,-116,   4, -15, -70,-275,-986;
   5, -80,-284,-112,   3, -18, -65,-275,-986;
   0, -77,-283,-109,   2, -21, -70,-274,-984;
   2, -75,-284,-103,   1, -24, -64,-272,-983;
   1, -77,-282,-100,   1, -26, -62,-262,-982;
   1, -77,-280, -95,   1, -29, -64,-262,-976;
   0, -75,-281, -92,   0, -31, -59,-259,-973;
   2, -74,-281, -91,   1, -32, -64,-263,-971;
   2, -78,-287, -91,   3, -32, -61,-262,-969;
   2, -74,-280, -92,   4, -32, -61,-254,-972;
   4, -79,-281, -95,   2, -32, -61,-255,-975;
   4, -74,-280, -97,   1, -31, -60,-255,-979;
   4, -81,-284,-100,  -1, -29, -63,-259,-978;
   4, -75,-282,-100,   1, -30, -62,-257,-983;
   1, -76,-284, -98,   1, -29, -65,-258,-986;
   5, -77,-282, -95,   1, -29, -66,-264,-986;
   4, -73,-282, -94,   3, -30, -60,-254,-988;
   2, -75,-284, -92,   4, -31, -59,-255,-982;
   2, -75,-284, -92,   7, -31, -58,-261,-980;
   4, -75,-286, -89,   8, -31, -54,-259,-979;
   7, -76,-283, -86,  10, -31, -53,-264,-981;
   8, -81,-286, -84,  12, -32, -55,-262,-981;
   8, -74,-281, -80,  14, -34, -48,-261,-984;
   9, -73,-282, -77,  16, -32, -53,-259,-976;
   4, -74,-284, -74,  19, -33, -47,-257,-981;
   6, -74,-286, -73,  20, -34, -46,-257,-977;
   5, -74,-283, -71,  22, -33, -51,-254,-980;
   6, -75,-282, -72,  22, -31, -49,-254,-981;
   7, -73,-283, -71,  22, -30, -51,-250,-978;
   4, -73,-286, -74,  23, -30, -46,-252,-976;
   3, -74,-285, -77,  24, -31, -53,-253,-974;
   4, -71,-282, -79,  23, -32, -52,-250,-976;
   5, -73,-281, -83,  23, -33, -50,-252,-971;
   6, -74,-283, -85,  22, -32, -52,-250,-970;
   5, -68,-282, -89,  22, -33, -48,-250,-977;
   5, -75,-282, -90,  22, -30, -54,-254,-975;
   4, -73,-279, -87,  22, -28, -53,-251,-976;
   4, -72,-284, -84,  22, -28, -55,-252,-980;
   6, -73,-281, -83,  21, -28, -57,-247,-973;
   6, -70,-281, -78,  21, -26, -53,-243,-973;
   5, -68,-283, -76,  20, -26, -54,-237,-976;
   5, -70,-278, -75,  18, -25, -56,-238,-974;
   5, -70,-287, -77,  18, -23, -60,-242,-972;
   1, -68,-280, -81,  16, -22, -58,-235,-975;
   6, -69,-282, -87,  15, -23, -59,-240,-978;
   5, -68,-281, -93,  17, -24, -59,-242,-979;
   2, -69,-278, -99,  18, -24, -64,-241,-978;
   2, -71,-286,-107,  20, -25, -66,-239,-972;
   0, -72,-287,-113,  20, -25, -66,-250,-984;
   0, -73,-291,-116,  18, -24, -67,-253,-982;
   2, -74,-284,-117,  17, -21, -64,-256,-983;
   2, -72,-289,-110,  15, -20, -67,-256,-985;
   3, -73,-287,-105,  14, -20, -62,-253,-991;
   2, -74,-286,-101,  15, -20, -64,-251,-988;
   5, -74,-287, -97,  16, -20, -59,-251,-991;
   3, -74,-285, -95,  18, -23, -59,-251,-995;
   1, -73,-287, -95,  19, -25, -61,-249,-989;
   2, -71,-283, -96,  19, -27, -59,-251,-986;
   5, -71,-291, -95,  18, -30, -58,-257,-984;
   6, -74,-289, -95,  20, -31, -63,-254,-986;
   1, -75,-286, -95,  20, -31, -63,-255,-986;
   2, -73,-282, -93,  23, -31, -62,-253,-977;
   1, -70,-283, -93,  24, -32, -63,-257,-981;
   2, -75,-283, -90,  26, -32, -61,-249,-977;
   2, -74,-285, -85,  26, -32, -60,-254,-973;
   8, -72,-286, -78,  27, -32, -57,-250,-971;
   4, -72,-280, -73,  26, -30, -56,-251,-972;
   3, -71,-282, -68,  24, -30, -52,-249,-971;
   3, -71,-286, -67,  23, -29, -50,-248,-976;
   5, -68,-283, -66,  22, -30, -56,-241,-980;
   3, -68,-285, -69,  21, -30, -51,-242,-973;
   4, -69,-281, -72,  20, -30, -46,-239,-981;
   5, -71,-284, -77,  20, -30, -44,-244,-973;
   4, -71,-285, -78,  20, -32, -47,-248,-983;
   9, -70,-285, -80,  21, -32, -46,-245,-981;
   5, -73,-287, -80,  24, -34, -45,-245,-981;
   8, -71,-283, -81,  25, -36, -46,-246,-983;
   7, -70,-285, -80,  27, -35, -50,-239,-984;
   5, -72,-285, -80,  28, -37, -49,-245,-986;
   8, -70,-285, -80,  29, -35, -47,-243,-990;
   7, -74,-289, -79,  28, -35, -46,-250,-985;
   8, -72,-285, -75,  29, -33, -43,-244,-985;
   7, -71,-286, -72,  30, -33, -41,-243,-984;
   5, -72,-281, -68,  28, -31, -48,-250,-986;
  11, -70,-278, -61,  26, -30, -48,-247,-983;
   6, -68,-287, -54,  24, -27, -43,-241,-982;
   7, -69,-285, -50,  21, -27, -47,-245,-984;
   7, -69,-287, -46,  18, -27, -42,-237,-978;
   6, -68,-290, -44,  18, -24, -42,-232,-984;
   8, -66,-284, -46,  21, -24, -42,-234,-981;
   9, -67,-288, -48,  21, -24, -45,-234,-987;
   8, -68,-284, -52,  24, -23, -42,-233,-982;
   9, -68,-284, -54,  24, -20, -45,-232,-982;
   8, -66,-284, -58,  26, -19, -43,-234,-984;
   8, -68,-285, -61,  27, -18, -44,-236,-981;
   8, -71,-287, -63,  30, -17, -45,-241,-983;
   4, -71,-289, -63,  29, -17, -47,-238,-976;
   6, -67,-282, -61,  27, -18, -47,-245,-977;
   7, -71,-282, -58,  24, -18, -42,-244,-981;
  13, -69,-288, -54,  21, -20, -42,-244,-980;
   5, -72,-287, -49,  19, -21, -45,-248,-979;
   9, -71,-286, -45,  14, -22, -45,-244,-986;
   7, -72,-280, -45,  12, -24, -41,-245,-978;
   8, -72,-284, -43,   9, -25, -40,-249,-979;
   9, -74,-282, -43,   9, -26, -42,-254,-981;
   9, -74,-284, -43,   9, -26, -38,-249,-985;
   7, -73,-279, -43,  10, -26, -39,-254,-982;
   6, -69,-282, -43,  12, -27, -44,-255,-989;
   3, -72,-286, -41,  15, -25, -50,-245,-988;
   7, -72,-286, -42,  16, -26, -41,-251,-988;
   9, -76,-283, -42,  14, -27, -51,-248,-991;
   6, -74,-283, -41,  13, -28, -49,-250,-988;
   3, -71,-284, -41,  11, -30, -49,-244,-990;
   4, -75,-286, -40,  10, -30, -51,-246,-988;
   4, -70,-286, -38,   8, -32, -56,-247,-987;
   8, -70,-289, -35,   7, -34, -48,-244,-987;
   6, -67,-287, -32,   8, -36, -48,-243,-984;
   6, -74,-285, -30,   7, -37, -51,-238,-984;
   4, -71,-287, -27,   9, -39, -48,-244,-983;
   6, -69,-282, -25,   9, -40, -59,-242,-974;
   5, -72,-284, -25,   8, -40, -51,-238,-977;
   8, -71,-284, -23,   5, -39, -53,-241,-977;
   6, -71,-282, -24,   4, -37, -54,-243,-982;
   5, -72,-280, -25,   2, -34, -50,-240,-980;
   5, -69,-284, -26,   2, -34, -53,-240,-981;
   6, -71,-282, -28,   3, -34, -48,-242,-981;
   7, -69,-283, -29,   3, -34, -49,-244,-983;
   5, -70,-286, -29,   5, -34, -52,-242,-972;
   7, -71,-275, -31,   6, -33, -49,-242,-979;
   4, -73,-283, -32,   4, -32, -54,-240,-984;
   8, -72,-284, -33,   4, -34, -54,-242,-982;
   5, -70,-284, -34,   3, -34, -55,-247,-983;
   2, -70,-291, -33,   4, -33, -59,-250,-982;
   6, -73,-283, -34,   3, -33, -56,-247,-987;
   5, -71,-286, -35,   5, -34, -54,-251,-987;
   2, -71,-287, -33,   6, -35, -56,-249,-981;
   3, -69,-285, -33,   6, -37, -57,-246,-984;
   2, -68,-286, -33,   6, -37, -59,-242,-985;
   2, -71,-282, -34,   5, -37, -54,-243,-978;
   5, -72,-281, -33,   6, -39, -54,-239,-976;
   5, -72,-278, -34,   7, -37, -60,-241,-974;
   6, -66,-284, -34,   7, -37, -51,-239,-974;
   4, -68,-284, -33,   8, -35, -51,-234,-973;
  12, -66,-283, -35,   8, -34, -51,-239,-976;
   6, -67,-279, -38,   9, -32, -49,-240,-976;
   7, -68,-281, -39,  11, -31, -51,-239,-974;
   5, -69,-283, -42,  12, -31, -46,-239,-981;
   8, -70,-283, -41,  17, -32, -45,-236,-980;
   3, -70,-284, -45,  16, -31, -41,-240,-975;
   3, -71,-285, -48,  15, -30, -43,-247,-978;
   7, -70,-284, -50,  15, -30, -42,-249,-978;
   4, -66,-286, -49,  15, -28, -44,-244,-983;
   6, -70,-283, -50,  14, -28, -46,-246,-981;
   7, -75,-281, -52,  13, -28, -48,-241,-982;
   7, -70,-283, -51,  13, -28, -46,-244,-978;
   6, -70,-289, -50,  14, -28, -48,-245,-983;
   5, -68,-284, -49,  13, -30, -51,-240,-979;
   6, -70,-281, -48,  11, -31, -55,-240,-976;
   4, -70,-283, -46,   8, -30, -53,-237,-976;
   3, -69,-282, -48,   6, -31, -57,-239,-975;
   2, -68,-285, -49,   7, -28, -61,-238,-977;
   1, -69,-287, -50,   6, -26, -58,-231,-968;
   2, -66,-281, -51,   7, -23, -52,-232,-975;
   2, -71,-283, -53,   5, -21, -55,-230,-979;
   9, -68,-286, -57,   5, -18, -57,-236,-974;
   2, -69,-281, -60,   5, -15, -60,-237,-971;
   5, -67,-282, -63,   4, -15, -59,-232,-971;
   6, -69,-283, -63,   4, -13, -56,-240,-972;
   4, -70,-282, -67,   4, -12, -56,-234,-973;
   4, -72,-284, -68,   4, -13, -55,-245,-975;
   5, -68,-285, -70,   3, -13, -57,-239,-974;
   2, -68,-282, -72,   3, -12, -60,-240,-977;
   3, -69,-285, -74,   4, -13, -61,-242,-980;
   3, -69,-291, -78,   7, -12, -58,-241,-981;
   5, -68,-281, -81,   9, -11, -59,-242,-979;
   4, -68,-285, -89,  11, -10, -54,-245,-979;
   4, -71,-288, -93,  13,  -8, -54,-244,-980;
   5, -74,-285, -96,  17,  -7, -53,-245,-979;
   1, -71,-284, -98,  18,  -7, -58,-249,-975;
   5, -72,-284, -98,  19,  -7, -57,-250,-985;
   3, -74,-282, -95,  21,  -6, -58,-249,-988;
   4, -75,-284, -90,  21,  -6, -55,-253,-984;
   7, -73,-286, -84,  20,  -7, -55,-250,-986;
   3, -76,-282, -80,  20,  -8, -61,-247,-985;
   2, -71,-286, -72,  21,  -8, -56,-245,-993;
   3, -69,-285, -71,  21,  -9, -58,-239,-988;
   3, -68,-287, -67,  20, -10, -52,-237,-986;
   7, -69,-283, -68,  22,  -9, -52,-234,-982;
   5, -68,-288, -72,  24,  -9, -55,-239,-983;
   4, -67,-283, -79,  25,  -8, -51,-237,-984;
   6, -68,-285, -82,  24,  -8, -48,-239,-984;
   4, -69,-288, -87,  25,  -9, -49,-243,-984;
   6, -68,-282, -90,  26,  -9, -53,-242,-974;
   4, -70,-280, -90,  26, -10, -55,-240,-980;
   2, -68,-283, -92,  26,  -9, -52,-238,-976;
   3, -69,-283, -92,  26, -11, -55,-239,-974;
   4, -68,-281, -91,  26, -11, -58,-236,-970;
   1, -66,-281, -91,  25,  -9, -58,-240,-978;
   3, -69,-283, -89,  24,  -9, -62,-240,-980;
   2, -69,-282, -90,  24,  -6, -59,-238,-977;
   2, -69,-283, -88,  22,  -5, -57,-244,-976;
   2, -68,-288, -88,  21,  -4, -55,-244,-980;
   2, -70,-283, -87,  19,  -3, -54,-241,-978;
   5, -70,-282, -88,  18,  -3, -51,-241,-984;
   3, -68,-287, -91,  18,  -5, -51,-241,-986;
   6, -70,-281, -94,  18,  -6, -52,-247,-988;
   3, -69,-286, -97,  19,  -6, -51,-244,-987;
   4, -70,-286,-100,  19,  -6, -51,-248,-991;
  11, -70,-291,-102,  18,  -6, -57,-247,-990;
   4, -74,-286,-104,  17,  -6, -52,-249,-993;
   5, -74,-287, -99,  15,  -5, -55,-248,-992;
   2, -69,-288, -97,  14,  -5, -53,-247,-992;
   8, -74,-288, -91,  12,  -5, -51,-244,-993;
   5, -71,-290, -84,  11,  -1, -52,-247,-995;
   7, -74,-288, -80,   9,   1, -45,-242,-989;
   6, -71,-283, -77,  10,   2, -44,-240,-988;
   7, -68,-289, -74,  11,   3, -46,-237,-990;
   9, -71,-287, -72,  11,   4, -49,-240,-989;
   7, -72,-288, -74,  14,   3, -48,-236,-990;
  11, -71,-278, -74,  15,   2, -47,-237,-985;
   7, -66,-280, -74,  19,   3, -45,-233,-983;
   7, -68,-284, -73,  19,   4, -46,-236,-980;
   7, -66,-286, -74,  19,   5, -50,-235,-984;
   4, -68,-282, -74,  19,   7, -45,-234,-978;
   7, -68,-286, -74,  16,   7, -50,-232,-980;
   6, -66,-286, -75,  13,   8, -49,-236,-982;
   6, -70,-286, -76,  12,   6, -49,-233,-986;
   5, -67,-285, -76,  11,   6, -47,-229,-990;
   3, -68,-286, -77,  10,   6, -48,-226,-987;
   7, -64,-286, -78,  11,   6, -50,-229,-983;
   7, -71,-285, -78,  11,   5, -47,-226,-988;
   4, -65,-285, -83,  13,   7, -49,-226,-983;
   2, -64,-282, -85,  13,   7, -48,-227,-983;
   3, -66,-285, -87,  15,   7, -53,-226,-985;
   4, -68,-284, -88,  15,   9, -52,-234,-980;
   3, -65,-283, -87,  16,   9, -49,-233,-978;
   5, -68,-283, -86,  15,  10, -52,-236,-985;
   7, -67,-283, -82,  14,   9, -46,-234,-979;
   3, -69,-285, -78,  13,   9, -53,-236,-978;
   9, -69,-283, -75,  13,   8, -56,-235,-986;
   6, -69,-281, -72,  13,   6, -53,-232,-979;
   6, -70,-277, -71,  12,   5, -55,-229,-980;
   4, -68,-287, -71,  13,   5, -58,-224,-982;
   4, -66,-288, -73,  12,   3, -59,-225,-986;
   5, -66,-289, -74,  13,   3, -56,-221,-987;
   4, -67,-286, -76,  12,   1, -57,-219,-989;
   5, -65,-289, -79,  13,   1, -54,-224,-988;
   6, -68,-282, -81,  13,   3, -54,-226,-988;
   3, -66,-288, -87,  14,   1, -53,-224,-984;
   4, -66,-287, -89,  14,   3, -54,-225,-987;
   5, -67,-285, -92,  16,   5, -57,-225,-989;
   8, -64,-282, -94,  16,   5, -53,-230,-986;
   3, -69,-286, -94,  16,   5, -56,-230,-988;
   3, -65,-286, -95,  16,   5, -51,-228,-984;
   4, -64,-286, -96,  16,   5, -48,-226,-982;
   6, -68,-285, -97,  16,   4, -52,-223,-984;
   8, -66,-287, -95,  16,   4, -47,-234,-984;
   6, -65,-284, -94,  15,   4, -48,-230,-979;
   4, -65,-285, -92,  14,   3, -48,-227,-984;
   4, -65,-291, -90,  12,   5, -50,-229,-985;
   6, -65,-283, -88,  12,   4, -49,-229,-985;
  11, -72,-291, -86,   9,   5, -47,-231,-989;
   8, -66,-285, -85,   8,   5, -49,-232,-985;
   6, -70,-286, -82,   7,   5, -51,-236,-987;
   5, -68,-288, -83,   6,   4, -43,-235,-995;
   6, -66,-286, -83,   6,   3, -50,-230,-996;
   6, -68,-289, -83,   6,   3, -49,-234,-999;
   4, -63,-289, -84,   7,   3, -52,-228,-999;
   6, -65,-286, -84,   5,   3, -49,-225,-996;
   6, -63,-288, -87,   7,   4, -53,-222,-994;
   6, -68,-288, -90,   7,   4, -50,-218,-990;
   5, -63,-288, -91,  10,   3, -48,-218,-986;
   7, -64,-286, -93,  11,   3, -52,-220,-986;
   3, -62,-287, -91,  10,   4, -46,-221,-986;
   4, -65,-286, -90,  10,   4, -52,-220,-985;
   4, -65,-281, -87,  13,   5, -50,-225,-988;
   6, -64,-281, -85,  15,   4, -48,-225,-983;
   6, -65,-285, -82,  17,   6, -53,-227,-984;
   5, -65,-287, -78,  18,   5, -49,-225,-982;
   6, -66,-287, -75,  20,   4, -51,-221,-986;
   4, -64,-289, -72,  21,   5, -57,-221,-984;
   8, -64,-282, -72,  22,   4, -50,-220,-983;
   7, -63,-287, -73,  22,   5, -58,-216,-991;
   5, -64,-291, -74,  22,   5, -54,-214,-991;
   3, -54,-291, -76,  24,   5, -60,-217,-990;
   4, -64,-287, -80,  22,   5, -59,-213,-992;
   5, -63,-285, -84,  21,   4, -61,-212,-988;
   3, -64,-290, -90,  21,   6, -59,-211,-989;
   6, -64,-283, -91,  19,   6, -56,-211,-986;
   5, -63,-282, -95,  19,   6, -54,-209,-987;
   4, -64,-283, -96,  18,   5, -56,-213,-986;
   7, -63,-287, -95,  18,   5, -55,-214,-987;
   4, -65,-288, -93,  17,   4, -54,-213,-984;
   4, -65,-286, -93,  15,   3, -58,-213,-984;
   3, -62,-282, -90,  14,   3, -59,-212,-989;
   0, -64,-286, -89,  13,   3, -57,-213,-980;
   5, -63,-283, -87,  12,   4, -57,-208,-986;
   5, -62,-285, -87,  12,   4, -59,-206,-979;
   3, -63,-286, -86,  11,   5, -61,-211,-987;
   1, -61,-288, -86,   9,   7, -63,-211,-987;
   2, -60,-280, -87,   9,   7, -57,-206,-988;
   3, -64,-286, -89,   8,   8, -64,-207,-990;
   2, -61,-287, -90,   7,  10, -59,-215,-990;
   1, -65,-293, -91,   7,  10, -60,-209,-987;
   1, -62,-285, -91,   7,  12, -62,-214,-993;
   2, -64,-287, -90,   7,  13, -66,-217,-994;
   1, -64,-289, -91,   7,  14, -66,-216,-994;
   5, -65,-288, -89,   8,  15, -68,-214,-990;
   2, -64,-286, -87,   9,  13, -63,-214,-992;
   3, -63,-290, -88,  11,  13, -63,-216,-996;
   7, -64,-287, -90,  12,  13, -56,-210,-990;
   2, -63,-287, -89,  12,  14, -61,-214,-991;
   5, -65,-286, -87,  12,  14, -53,-211,-991;
   5, -63,-287, -86,  12,  12, -59,-212,-994;
   6, -64,-284, -81,  11,  11, -52,-203,-987;
   8, -62,-288, -76,  12,  11, -48,-204,-991;
   8, -63,-287, -74,  15,  11, -45,-203,-990;
   3, -60,-293, -73,  16,  11, -45,-196,-989;
   7, -60,-286, -75,  21,   8, -46,-196,-989;
   4, -61,-286, -80,  24,   6, -45,-197,-985;
   6, -60,-287, -85,  27,   6, -49,-198,-986;
   7, -60,-285, -90,  29,   6, -50,-196,-986;
   3, -62,-284, -93,  29,   5, -51,-197,-985;
   5, -63,-286, -93,  30,   6, -53,-202,-981;
   5, -63,-289, -92,  31,   6, -56,-204,-983;
   5, -59,-289, -90,  29,   5, -54,-201,-983;
   3, -62,-289, -88,  27,   7, -56,-202,-979;
   3, -59,-284, -87,  29,   7, -62,-194,-982;
   3, -59,-285, -87,  26,   7, -60,-193,-989;
   2, -59,-288, -88,  26,   7, -63,-197,-986;
   1, -59,-288, -86,  24,  10, -67,-198,-995;
   1, -60,-288, -86,  23,  10, -68,-196,-997;
   0, -61,-287, -86,  23,  10, -65,-201,-995;
   1, -61,-287, -88,  22,  11, -63,-200,-994;
   2, -61,-288, -88,  23,  11, -70,-201,-991;
   2, -60,-288, -88,  23,  11, -62,-197,-996;
   1, -57,-287, -92,  22,  13, -57,-196,-996;
   5, -61,-288, -95,  21,  14, -61,-195,-991;
   3, -63,-285, -96,  22,  15, -57,-198,-991;
   1, -65,-286, -98,  23,  16, -54,-201,-991;
   3, -62,-283,-100,  26,  15, -57,-203,-987;
   4, -62,-287,-100,  28,  14, -57,-193,-983;
   6, -62,-282, -99,  28,  15, -63,-196,-986;
   3, -61,-284,-103,  26,  15, -57,-197,-983;
   4, -61,-286,-102,  25,  19, -53,-195,-989;
   4, -58,-289,-102,  22,  19, -51,-194,-991;
   3, -55,-287,-103,  21,  20, -50,-192,-985;
   4, -59,-286,-100,  21,  21, -48,-195,-990;
   7, -58,-288, -98,  21,  22, -48,-188,-990;
   5, -62,-290, -96,  20,  22, -45,-189,-991;
   3, -62,-290, -93,  22,  24, -46,-191,-1001;
   7, -58,-287, -92,  24,  23, -47,-188,-997;
   6, -59,-288, -92,  25,  24, -48,-183,-995;
   6, -57,-289, -95,  29,  24, -50,-189,-998;
   7, -59,-287, -96,  32,  24, -49,-191,-993;
   8, -57,-291,-101,  34,  23, -47,-187,-994;
   7, -57,-288,-106,  37,  22, -47,-185,-997;
   5, -57,-288,-110,  39,  20, -51,-184,-992;
   4, -60,-290,-113,  41,  20, -51,-186,-985;
   4, -57,-287,-117,  44,  20, -50,-184,-991;
   6, -55,-292,-119,  46,  17, -53,-184,-987;
   5, -60,-288,-120,  48,  19, -57,-187,-986;
   2, -60,-289,-121,  49,  19, -61,-181,-986;
   4, -59,-286,-119,  49,  20, -60,-182,-984;
   3, -59,-287,-118,  52,  21, -61,-196,-994;
   1, -57,-283,-115,  51,  21, -63,-181,-989;
   3, -59,-284,-109,  48,  21, -61,-187,-988;
   3, -59,-286,-107,  45,  22, -60,-188,-993;
   1, -60,-291,-102,  41,  22, -64,-192,-995;
   3, -62,-289, -98,  35,  24, -58,-193,-996;
   1, -57,-292, -96,  29,  23, -60,-201,-1004;
   0, -63,-290, -93,  25,  22, -59,-188,-1007;
   1, -60,-291, -93,  22,  20, -60,-190,-1005;
   1, -59,-290, -95,  17,  16, -62,-191,-1007;
   3, -58,-293, -98,  14,  16, -62,-188,-1005;
   5, -59,-288,-100,  12,  14, -63,-187,-1006;
   4, -58,-289,-101,  13,  11, -58,-188,-1003;
   4, -59,-292,-102,  13,   9, -59,-186,-1004;
   7, -62,-290,-101,  13,   8, -57,-193,-1005;
   5, -59,-287, -98,  13,   6, -53,-191,-995;
   8, -58,-288, -94,  14,   4, -51,-190,-1000;
   3, -60,-291, -88,  16,   3, -49,-187,-1001;
   8, -59,-291, -84,  18,   4, -53,-184,-1003;
   7, -59,-294, -82,  20,   5, -45,-190,-998;
   6, -54,-288, -81,  24,   5, -48,-186,-997;
   7, -55,-291, -82,  25,   6, -46,-179,-996;
   9, -59,-289, -82,  25,   9, -46,-189,-993;
   7, -58,-291, -83,  25,  11, -51,-182,-992;
   6, -57,-290, -84,  23,  13, -47,-183,-993;
   4, -58,-285, -82,  22,  14, -46,-182,-993;
   6, -52,-288, -82,  20,  14, -55,-192,-992;
   7, -54,-284, -80,  19,  14, -57,-183,-995;
   6, -53,-292, -77,  17,  15, -58,-183,-994;
   5, -59,-285, -74,  17,  15, -56,-189,-1000;
   2, -59,-293, -71,  17,  13, -59,-182,-1001;
   5, -57,-292, -66,  16,  15, -61,-186,-1006;
   4, -55,-294, -63,  19,  15, -59,-187,-1003;
   3, -58,-291, -59,  20,  14, -58,-190,-1013;
   3, -59,-297, -58,  20,  12, -59,-186,-1010;
   3, -59,-293, -57,  19,  10, -61,-188,-1014;
   1, -56,-290, -55,  18,   7, -62,-184,-1017;
   1, -58,-291, -53,  16,   5, -65,-183,-1013;
   2, -55,-293, -52,  15,   2, -64,-193,-1015;
   2, -56,-293, -50,  14,   1, -64,-183,-1009;
   6, -58,-294, -46,  13,   0, -62,-183,-1003;
   4, -58,-291, -42,  12,  -1, -59,-183,-999;
   3, -57,-290, -40,  12,  -2, -58,-183,-997;
   4, -57,-286, -38,  12,   0, -55,-179,-992;
   5, -59,-289, -37,  14,   0, -53,-181,-993;
   4, -59,-287, -34,  15,   2, -53,-181,-990;
   3, -57,-292, -31,  17,   3, -54,-186,-988;
   8, -58,-286, -28,  19,   3, -54,-182,-990;
   4, -56,-290, -28,  21,   3, -51,-177,-995;
   6, -56,-289, -27,  24,   2, -55,-176,-991;
   4, -58,-290, -29,  26,   2, -55,-175,-993;
   9, -57,-288, -29,  27,   2, -51,-174,-997;
   2, -55,-284, -24,  27,   2, -53,-177,-991;
   3, -54,-287, -21,  28,   0, -54,-178,-990;
   5, -58,-286, -18,  29,  -2, -55,-178,-995;
   6, -56,-286, -17,  30,  -3, -58,-177,-992;
   2, -53,-288, -17,  31,  -4, -54,-179,-995;
   6, -57,-288, -18,  30,  -7, -59,-177,-996;
   3, -57,-291, -21,  30,  -9, -60,-180,-996;
   6, -54,-289, -21,  28, -11, -63,-178,-994;
   3, -60,-290, -19,  27, -12, -60,-179,-1003;
   0, -52,-288, -17,  27, -12, -57,-180,-999;
   5, -59,-293, -13,  23, -12, -60,-182,-1002;
   3, -56,-288, -12,  21, -11, -61,-180,-1004;
   2, -57,-292,  -8,  19,  -9, -59,-181,-999;
   3, -57,-290,  -6,  18,  -9, -59,-180,-996;
   4, -57,-292,  -5,  15,  -9, -59,-182,-995;
   5, -59,-291,  -2,  16,  -9, -65,-184,-998;
   1, -55,-288,   1,  13, -11, -55,-184,-999;
   2, -58,-287,   3,  14, -10, -58,-195,-999;
   3, -61,-289,   5,  15, -11, -62,-197,-998;
   3, -61,-292,   9,  17, -11, -57,-197,-1002;
   3, -55,-297,  13,  19, -11, -62,-204,-1002;
   6, -63,-289,  14,  22, -11, -58,-202,-1000;
   5, -60,-287,  17,  25, -10, -54,-203,-1008;
   7, -63,-289,  24,  28, -10, -55,-202,-1005;
   6, -63,-291,  28,  32,  -8, -50,-204,-1008;
   6, -59,-293,  31,  36,  -7, -53,-197,-1007;
   7, -60,-293,  36,  41,  -6, -49,-200,-1007;
   8, -62,-293,  39,  44,  -6, -40,-203,-1006;
   5, -63,-290,  46,  47,  -5, -36,-199,-1007;
   8, -61,-295,  53,  49,  -5, -45,-205,-1020;
   4, -64,-289,  64,  51,  -3, -48,-206,-1014;
   9, -61,-293,  75,  50,  -4, -42,-212,-1019;
   6, -63,-293,  84,  47,  -3, -54,-212,-1023;
   3, -62,-295,  91,  43,  -3, -51,-210,-1018;
   3, -63,-296,  95,  41,  -3, -53,-216,-1015;
   2, -65,-290,  98,  39,  -4, -52,-219,-1017;
   4, -64,-292,  99,  39,  -4, -55,-219,-1015;
   4, -64,-292, 101,  39,  -3, -58,-222,-1007;
   5, -67,-292, 105,  39,  -4, -60,-234,-1009;
   2, -66,-296, 109,  40,  -3, -66,-229,-1015;
  -2, -68,-296, 113,  42,  -3, -67,-239,-1012;
   4, -73,-293, 120,  40,  -3, -68,-240,-1012;
   0, -69,-290, 130,  40,  -2, -69,-243,-1019;
   0, -71,-296, 143,  39,  -2, -72,-240,-1021;
   0, -73,-295, 159,  35,  -2, -72,-237,-1019;
   0, -71,-294, 173,  32,  -1, -71,-243,-1025;
  34, -84,-283, 187,  29,  -2, -21,-257,-1007;
 -39, -61,-308, 225,  11, -65,-129,-229,-1014;
   1, -67,-304, 274,  10, -41,-123,-243,-1072;
   6, -73,-284, 240,  14,  -7, -70,-249,-1033;
   4, -77,-279, 204,  30,  -3, -61,-255,-1006;
  -4, -72,-293, 208,  36,  -6, -57,-262,-1010;
   3, -79,-295, 217,  39,  -5, -55,-259,-1018;
   1, -78,-294, 221,  40,  -7, -49,-273,-1018;
   2, -76,-295, 224,  41,  -7, -55,-276,-1011;
   4, -76,-291, 231,  40,  -5, -54,-282,-1015;
   3, -80,-292, 240,  38,  -7, -50,-277,-1016;
   5, -79,-292, 251,  34,  -9, -52,-279,-1016;
   2, -79,-294, 264,  28, -13, -52,-279,-1016;
   4, -81,-293, 279,  22, -16, -52,-276,-1014;
   7, -78,-295, 291,  16, -20, -44,-272,-1016;
  12, -80,-291, 308,  11, -22, -42,-275,-1004;
  26, -87,-280, 328,  10, -32,  27,-297,-993;
  -2, -77,-294, 360,  -4, -51,-108,-250,-1022;
   7, -75,-300, 380,  10, -24, -42,-263,-1032;
  11, -80,-291, 367,  17, -19, -38,-274,-1015;
   9, -81,-288, 363,  27, -20, -38,-283,-1000;
   7, -82,-287, 374,  31, -22, -38,-282,-998;
  10, -84,-290, 391,  31, -21, -34,-293,-1004;
  10, -86,-290, 406,  29, -21, -40,-302,-1003;
   5, -85,-291, 421,  27, -16, -44,-306,-1005;
   8, -91,-285, 438,  21, -16, -37,-313,-999;
  10, -89,-289, 457,  14, -17, -43,-315,-1004;
  -5, -90,-291, 484,   0, -38, -22,-327,-988;
  -4, -89,-293, 516,  -6, -31, -85,-308,-1025;
   1, -90,-293, 519, -11, -12, -63,-330,-1014;
   3, -97,-289, 510, -12,  -9, -58,-338,-996;
   2, -98,-286, 514, -14,  -9, -62,-336,-987;
   1, -96,-289, 527, -21, -11, -65,-339,-988;
   1, -96,-288, 544, -30, -12, -66,-341,-991;
   1, -97,-285, 555, -37, -14, -65,-340,-991;
   2, -95,-287, 563, -43, -14, -63,-345,-992;
   2, -97,-284, 569, -44, -14, -61,-344,-988;
   4, -99,-287, 575, -47, -14, -63,-351,-993;
   5, -99,-286, 580, -48, -16, -56,-357,-996;
   3,-104,-290, 585, -47, -17, -56,-368,-990;
   4,-107,-288, 592, -47, -18, -55,-375,-995;
   7,-110,-288, 598, -48, -15, -54,-382,-986;
   4,-110,-288, 608, -48, -14, -50,-393,-988;
   6,-110,-286, 615, -48, -11, -47,-402,-990;
   6,-111,-286, 625, -47, -10, -46,-405,-989;
   5,-113,-286, 632, -44,  -9, -50,-406,-987;
   8,-115,-286, 640, -45,  -8, -49,-417,-984;
   3,-117,-288, 647, -45,  -7, -52,-417,-985;
   6,-118,-283, 653, -44,  -7, -50,-424,-989;
   4,-119,-284, 659, -45,  -4, -52,-434,-984;
   6,-119,-285, 667, -45,  -2, -48,-434,-984;
   5,-123,-286, 675, -45,   1, -50,-442,-984;
   3,-122,-284, 689, -44,   3, -49,-444,-984;
   7,-124,-285, 706, -43,   4, -49,-446,-980;
   5,-123,-283, 720, -43,   5, -50,-450,-974;
   7,-125,-286, 733, -41,   5, -48,-454,-978;
   5,-124,-281, 745, -38,   5, -51,-457,-974;
   4,-125,-277, 753, -35,   4, -51,-456,-968;
   6,-126,-275, 759, -31,   4, -53,-451,-963;
   3,-124,-273, 762, -27,   5, -55,-457,-960;
   4,-126,-277, 768, -24,   6, -59,-457,-954;
   3,-125,-276, 774, -23,   4, -57,-458,-953;
   2,-125,-276, 778, -20,   3, -59,-457,-946;
   0,-126,-273, 782, -21,   3, -60,-464,-939;
   4,-128,-268, 785, -24,   0, -61,-469,-936;
   2,-129,-272, 793, -28,  -1, -59,-473,-930;
   2,-130,-270, 803, -31,  -3, -62,-476,-928;
   1,-131,-267, 815, -38,  -5, -63,-484,-920;
   1,-134,-265, 823, -41,  -6, -63,-485,-925;
   1,-134,-264, 828, -42,  -7, -66,-489,-917;
   1,-132,-265, 830, -40,  -7, -69,-496,-919;
  -3,-141,-267, 835, -37,  -8, -68,-499,-912;
   0,-140,-269, 844, -36,  -8, -72,-507,-912;
   1,-137,-264, 850, -39,  -8, -74,-508,-908;
   0,-138,-263, 855, -42,  -7, -71,-512,-897;
   1,-138,-262, 855, -42,  -6, -69,-505,-901;
   3,-139,-264, 855, -42,  -4, -66,-520,-901;
   4,-139,-258, 853, -40,  -5, -66,-514,-891;
   6,-142,-257, 847, -37,  -5, -64,-517,-886;
   5,-140,-260, 843, -32,  -5, -61,-522,-887;
   1,-143,-265, 837, -29,  -6, -60,-524,-875;
   1,-146,-260, 832, -27,  -7, -61,-529,-866;
   4,-147,-251, 831, -28,  -6, -61,-531,-864;
   2,-147,-255, 835, -29,  -5, -63,-541,-863;
   0,-150,-257, 840, -30,  -5, -66,-548,-864;
   5,-155,-255, 844, -31,  -4, -66,-559,-858;
   4,-153,-253, 850, -33,  -6, -60,-570,-856;
   2,-155,-253, 852, -32,  -7, -60,-581,-855;
   5,-155,-256, 850, -33,  -7, -52,-584,-858;
   4,-157,-256, 850, -30,  -8, -59,-583,-854;
   4,-162,-257, 849, -27,  -9, -49,-590,-853;
   5,-159,-249, 852, -27, -11, -51,-598,-851;
   5,-163,-251, 856, -24, -13, -49,-600,-843;
  11,-161,-250, 858, -22, -14, -44,-602,-839;
  10,-163,-251, 860, -19, -17, -44,-603,-838;
  10,-164,-249, 860, -15, -18, -45,-605,-830;
   6,-162,-247, 857, -12, -20, -35,-603,-823;
   9,-164,-244, 854,  -8, -20, -37,-611,-818;
  12,-169,-244, 850,  -5, -20, -35,-611,-821;
  11,-166,-245, 851,   0, -21, -34,-620,-812;
  10,-166,-241, 852,   5, -20, -34,-621,-810;
  12,-169,-241, 852,  13, -19, -38,-619,-805;
  13,-167,-240, 851,  21, -15, -36,-628,-793;
   9,-170,-243, 847,  32, -13, -34,-633,-788;
  13,-173,-240, 845,  39, -15, -34,-628,-784;
  11,-169,-233, 844,  44, -16, -40,-639,-787;
  11,-171,-236, 840,  48, -15, -40,-634,-784;
   5,-170,-233, 838,  52, -13, -41,-641,-773;
   6,-170,-235, 832,  56, -13, -54,-643,-777;
   8,-173,-231, 827,  57, -14, -52,-643,-771;
   4,-176,-232, 824,  60, -16, -55,-649,-770;
   4,-175,-230, 820,  63, -15, -58,-653,-767;
   3,-179,-232, 818,  66, -15, -55,-667,-762;
   2,-182,-232, 815,  68, -17, -61,-669,-763;
   2,-182,-231, 812,  70, -18, -77,-685,-762;
  -2,-181,-230, 810,  72, -17, -78,-688,-759;
  -3,-184,-228, 810,  73, -16, -88,-698,-768;
  -2,-188,-231, 811,  68, -18, -93,-699,-759;
  -1,-187,-229, 813,  63, -16, -91,-699,-757;
  -1,-191,-229, 816,  54, -15, -91,-706,-756;
   0,-191,-226, 821,  46, -13, -89,-707,-752;
   0,-190,-224, 823,  40, -13, -83,-710,-745;
   0,-192,-225, 823,  37, -15, -83,-709,-736;
   1,-189,-223, 825,  35, -15, -75,-710,-732;
  -2,-190,-223, 824,  33, -15, -74,-703,-725;
   2,-192,-216, 821,  33, -17, -71,-707,-723;
   0,-187,-218, 819,  34, -19, -70,-711,-709;
   1,-188,-215, 817,  33, -20, -68,-709,-706;
   2,-190,-213, 814,  35, -21, -67,-712,-704;
   1,-192,-212, 812,  36, -24, -66,-717,-694;
   2,-193,-213, 813,  39, -23, -71,-715,-694;
   1,-193,-211, 815,  45, -22, -63,-727,-690;
   3,-192,-207, 816,  52, -23, -65,-730,-686;
   3,-195,-209, 822,  56, -26, -63,-732,-680;
   2,-196,-211, 830,  57, -28, -62,-745,-674;
   4,-196,-206, 836,  55, -29, -58,-745,-676;
   6,-198,-206, 840,  50, -30, -62,-750,-662;
   3,-198,-204, 843,  47, -31, -62,-758,-670;
   2,-200,-207, 842,  45, -34, -61,-754,-668;
   3,-199,-203, 837,  45, -35, -60,-756,-674;
   1,-199,-205, 830,  42, -36, -65,-755,-654;
   1,-202,-205, 826,  41, -39, -60,-756,-649;
   2,-201,-202, 821,  38, -39, -61,-757,-646;
   4,-203,-196, 818,  36, -39, -67,-756,-638;
   2,-200,-199, 815,  31, -38, -65,-758,-627;
   6,-202,-195, 814,  29, -37, -64,-761,-625;
   7,-200,-190, 814,  28, -36, -58,-762,-616;
   7,-204,-193, 809,  27, -35, -62,-763,-617;
   5,-201,-191, 808,  28, -36, -56,-758,-608;
   4,-201,-192, 809,  25, -38, -61,-758,-607;
   6,-205,-192, 811,  24, -37, -63,-764,-606;
   6,-207,-189, 811,  16, -37, -64,-767,-604;
   1,-204,-190, 811,  10, -36, -59,-770,-600;
   5,-205,-188, 811,   3, -34, -63,-782,-598;
   4,-209,-190, 814,  -4, -34, -66,-787,-601;
   6,-210,-189, 816,  -7, -34, -63,-794,-600;
   3,-207,-187, 820,  -8, -33, -60,-804,-594;
   6,-216,-191, 824,  -6, -33, -60,-812,-591;
   7,-210,-189, 826,  -5, -32, -57,-819,-590;
   4,-219,-187, 824,  -6, -34, -61,-828,-585;
   4,-221,-186, 823,  -4, -36, -65,-833,-578;
   3,-222,-182, 819,   0, -38, -60,-834,-567;
   2,-220,-181, 819,   7, -39, -61,-839,-558;
   5,-221,-182, 819,  13, -41, -65,-831,-549;
   6,-220,-176, 821,  19, -46, -60,-826,-542;
   3,-216,-171, 823,  27, -45, -55,-821,-530;
   8,-220,-172, 825,  29, -44, -55,-818,-516;
   5,-214,-167, 823,  30, -44, -51,-818,-509;
   4,-216,-173, 821,  30, -42, -56,-818,-506;
   7,-214,-170, 813,  30, -39, -61,-817,-499;
   6,-216,-168, 806,  34, -38, -65,-815,-508;
   3,-215,-167, 801,  34, -35, -66,-818,-502;
   4,-220,-168, 801,  34, -31, -63,-823,-504;
   5,-221,-167, 800,  34, -29, -55,-827,-493;
   2,-220,-161, 799,  31, -27, -56,-831,-489;
   7,-219,-162, 792,  25, -25, -43,-828,-492;
  10,-223,-161, 782,  18, -23, -43,-846,-493;
   4,-223,-162, 768,  13, -26, -47,-839,-485;
   9,-223,-165, 761,   9, -27, -45,-846,-476;
   7,-225,-161, 755,   5, -28, -44,-844,-469;
  13,-226,-155, 754,   2, -26, -42,-844,-469;
   9,-222,-161, 749,   4, -25, -43,-844,-467;
  11,-222,-159, 738,   6, -24, -36,-844,-473;
  10,-219,-151, 725,   8, -25, -35,-838,-461;
  12,-222,-154, 715,  11, -27, -35,-836,-462;
   9,-222,-156, 707,  14, -29, -35,-829,-459;
  11,-220,-156, 704,  17, -29, -34,-830,-460;
  10,-221,-157, 700,  19, -34, -36,-833,-461;
  13,-224,-153, 694,  24, -36, -37,-842,-454;
   9,-221,-153, 684,  28, -39, -37,-842,-449;
   7,-223,-157, 674,  32, -45, -41,-842,-451;
  11,-225,-147, 665,  34, -51, -38,-832,-446;
   9,-224,-152, 656,  34, -57, -37,-835,-441;
  11,-223,-147, 649,  30, -59, -40,-845,-435;
   8,-224,-148, 640,  24, -61, -41,-847,-432;
   6,-221,-147, 630,  18, -61, -38,-849,-424;
   9,-224,-146, 623,  15, -62, -40,-848,-424;
  11,-224,-145, 617,  13, -65, -38,-848,-418;
   8,-221,-142, 609,  12, -66, -37,-847,-412;
  10,-225,-142, 603,  11, -69, -46,-843,-410;
   6,-226,-141, 594,  11, -72, -50,-847,-403;
   6,-224,-140, 584,   8, -72, -46,-850,-395;
   4,-224,-137, 577,  10, -72, -48,-851,-392;
   6,-226,-137, 566,  10, -71, -52,-864,-381;
   6,-227,-136, 556,   9, -69, -47,-872,-382;
   3,-230,-136, 542,   7, -67, -53,-868,-377;
   6,-232,-134, 532,   3, -63, -50,-876,-371;
   4,-232,-137, 522,  -2, -59, -47,-880,-371;
   7,-235,-133, 514,  -7, -59, -45,-883,-369;
   8,-236,-131, 510, -13, -56, -50,-885,-365;
   4,-238,-131, 507, -18, -53, -54,-900,-364;
   5,-237,-134, 500, -23, -55, -51,-907,-365;
   5,-241,-130, 496, -31, -55, -48,-908,-363;
   7,-242,-132, 490, -38, -53, -48,-910,-363;
   9,-239,-133, 486, -46, -55, -41,-906,-369;
   7,-237,-135, 478, -52, -62, -36,-910,-367;
   9,-238,-131, 472, -57, -67, -43,-897,-357;
  11,-238,-131, 465, -58, -67, -39,-897,-363;
  13,-233,-129, 461, -59, -66, -34,-883,-351;
  10,-235,-131, 461, -59, -65, -33,-904,-346;
  14,-236,-129, 455, -60, -70, -33,-890,-350;
  13,-232,-133, 451, -62, -71, -30,-887,-352;
  18,-235,-128, 443, -63, -70, -19,-881,-350;
  15,-233,-126, 433, -60, -69, -19,-877,-354;
  15,-232,-129, 423, -53, -69, -19,-879,-354;
  15,-228,-130, 407, -46, -70, -20,-867,-343;
  14,-229,-127, 393, -42, -67, -22,-869,-341;
  12,-231,-125, 378, -40, -68, -26,-879,-334;
  12,-232,-123, 360, -39, -69, -25,-876,-329;
  14,-233,-121, 345, -38, -67, -31,-880,-321;
  11,-229,-125, 334, -34, -66, -34,-868,-323;
  16,-231,-126, 328, -31, -66, -29,-878,-325;
   8,-237,-124, 317, -30, -68, -26,-891,-322;
  13,-236,-124, 301, -31, -68, -28,-908,-317;
  12,-241,-117, 290, -33, -66, -26,-905,-313;
  15,-237,-123, 287, -37, -62, -20,-908,-306;
  15,-240,-120, 284, -38, -59, -12,-907,-308;
  20,-239,-119, 280, -40, -55,  -3,-908,-305;
  19,-237,-118, 275, -38, -51,  -1,-896,-303;
  22,-236,-118, 271, -33, -47,   4,-901,-309;
  20,-235,-117, 262, -29, -46,   4,-896,-304;
  19,-234,-119, 251, -27, -45,  -2,-902,-306;
  13,-235,-117, 238, -25, -43, -15,-902,-305;
  17,-236,-119, 225, -25, -44, -19,-904,-297;
  13,-234,-116, 216, -24, -49, -25,-901,-304;
  10,-234,-113, 210, -23, -51, -26,-904,-300;
   9,-237,-116, 205, -23, -53, -37,-899,-305;
  11,-236,-119, 199, -24, -52, -37,-901,-311;
  10,-236,-120, 188, -25, -52, -44,-895,-303;
   7,-234,-122, 176, -27, -53, -44,-897,-307;
   6,-236,-122, 164, -28, -51, -51,-905,-303;
   6,-236,-115, 155, -27, -53, -52,-897,-305;
   3,-238,-117, 148, -30, -51, -55,-896,-303;
   5,-238,-117, 142, -32, -49, -59,-904,-303;
   5,-237,-117, 137, -34, -46, -56,-910,-300;
   7,-237,-118, 129, -36, -44, -54,-905,-302;
  10,-240,-116, 122, -38, -42, -53,-910,-299;
   6,-240,-117, 112, -40, -39, -54,-913,-294;
   4,-238,-119, 104, -44, -37, -54,-916,-289;
   7,-241,-116,  96, -50, -32, -49,-923,-296;
  10,-245,-115,  88, -54, -32, -46,-928,-294;
   9,-245,-113,  82, -58, -30, -43,-933,-290;
   8,-247,-113,  78, -62, -29, -37,-940,-292;
   8,-246,-116,  75, -66, -28, -35,-942,-296;
  12,-249,-113,  77, -69, -28, -34,-948,-290;
  10,-250,-112,  78, -73, -29, -35,-948,-284;
   9,-249,-110,  81, -75, -32, -38,-946,-283;
  12,-248,-112,  76, -76, -34, -39,-940,-284;
   8,-249,-113,  72, -78, -35, -43,-946,-278;
   9,-250,-111,  65, -77, -35, -39,-942,-274;
   7,-250,-113,  57, -76, -35, -43,-950,-270;
  10,-250,-108,  49, -76, -34, -41,-948,-264;
  11,-253,-106,  42, -75, -33, -38,-954,-264;
   8,-250,-108,  37, -77, -32, -39,-958,-265;
   7,-250,-108,  34, -78, -31, -40,-956,-262;
   9,-250,-104,  29, -80, -29, -41,-959,-258;
   8,-254,-105,  25, -84, -31, -42,-957,-257;
  16,-256,-105,  24, -90, -30, -44,-964,-251;
   5,-258,-101,  25, -94, -28, -36,-966,-254;
  11,-253,-105,  26, -97, -28, -33,-965,-254;
  13,-255,-105,  26, -96, -29, -32,-962,-248;
  11,-249,-106,  24, -94, -30, -30,-960,-255;
  13,-253,-107,  22, -91, -28, -26,-962,-252;
  16,-254,-104,  18, -87, -26, -30,-956,-251;
  15,-250,-107,  14, -83, -25, -31,-952,-250;
  11,-250,-110,  10, -79, -25, -27,-950,-255;
  13,-250,-106,   5, -76, -25, -23,-944,-247;
  15,-247,-102,   4, -75, -23, -24,-944,-248;
  13,-251,-111,   5, -77, -22, -24,-945,-248;
  14,-246,-109,   5, -78, -23, -25,-942,-254;
  14,-248,-108,   5, -79, -21, -27,-947,-257;
  13,-248,-108,   2, -79, -22, -28,-939,-256;
   8,-247,-104,  -2, -78, -22, -32,-946,-257;
  10,-247,-108,  -5, -73, -22, -34,-946,-258;
  11,-247,-104, -10, -71, -22, -35,-946,-255;
  11,-247,-106, -14, -69, -22, -34,-940,-257;
  14,-250,-105, -20, -64, -23, -33,-940,-254;
  12,-248,-105, -27, -59, -24, -32,-948,-254;
  11,-250,-106, -33, -57, -25, -26,-948,-257;
   9,-251,-105, -39, -58, -26, -28,-956,-259;
  20,-252,-101, -46, -60, -29, -32,-954,-260;
  12,-255,-104, -50, -66, -29, -35,-960,-261;
  10,-252,-109, -50, -68, -31, -30,-961,-263;
   9,-252,-109, -52, -74, -33, -33,-963,-261;
  14,-253,-108, -50, -77, -34, -32,-960,-264;
  12,-253,-111, -50, -81, -36, -32,-962,-265;
  10,-254,-106, -50, -81, -36, -30,-959,-260;
  12,-247,-105, -53, -82, -36, -28,-955,-269;
  15,-251,-110, -54, -84, -35, -31,-954,-266;
  15,-253,-106, -58, -86, -33, -32,-953,-265;
  13,-254,-111, -64, -88, -33, -30,-959,-271;
  10,-252,-107, -70, -86, -30, -25,-960,-265;
  12,-252,-111, -72, -85, -30, -26,-963,-269;
  16,-254,-110, -78, -83, -26, -25,-963,-271;
  14,-255,-110, -83, -79, -25, -22,-967,-272;
  16,-256,-110, -86, -76, -22, -21,-967,-275;
  15,-256,-112, -88, -73, -21, -22,-969,-274;
  15,-256,-108, -93, -72, -19, -26,-977,-277;
  14,-255,-118, -95, -72, -19, -19,-973,-272;
  10,-256,-114, -97, -69, -17, -20,-971,-274;
  15,-256,-107, -95, -66, -15, -19,-981,-273;
  15,-257,-105, -92, -66, -17, -19,-975,-274;
  11,-256,-115, -88, -64, -16, -21,-980,-271;
  14,-255,-110, -85, -61, -15, -18,-977,-271;
  15,-254,-107, -81, -58, -14, -16,-971,-273;
  17,-256,-111, -76, -54, -14, -14,-974,-268;
  18,-256,-110, -74, -47, -12, -12,-964,-271;
  17,-255,-109, -71, -41, -11, -10,-968,-265;
  16,-252,-112, -69, -35, -10,  -4,-969,-266;
  20,-254,-105, -68, -28,  -8,  -6,-965,-267;
  17,-254,-109, -70, -24,  -7,  -4,-968,-267;
  20,-255,-110, -71, -20,  -6,  -3,-968,-264;
  14,-256,-115, -72, -13,  -6,  -4,-966,-265;
  22,-254,-110, -74,  -8,  -6,  -5,-970,-265;
  19,-255,-110, -75,  -5,  -5,  -9,-971,-269;
  19,-255,-110, -73,  -2,  -6,  -3,-974,-267;
  17,-256,-107, -73,  -1,  -7,  -8,-974,-260;
  19,-258,-110, -71,  -2,  -7,  -3,-977,-266;
  19,-256,-108, -70,   0,  -9,  -2,-983,-268;
  19,-255,-112, -70,   0, -10,   0,-971,-266;
  19,-256,-111, -71,   3, -12,  -4,-968,-266;
  16,-254,-105, -72,   5, -14,  -3,-971,-269;
  18,-254,-110, -70,   7, -16,  -1,-961,-264;
  14,-255,-105, -67,  10, -16,  -4,-959,-268;
  20,-254,-110, -64,  13, -16,  -3,-953,-270;
  20,-250,-110, -66,  14, -18,  -1,-950,-270;
  17,-250,-107, -70,  16, -18,  -9,-946,-268;
  19,-252,-110, -75,  19, -19, -12,-947,-265;
  16,-249,-111, -82,  24, -19,  -6,-947,-269;
  17,-246,-109, -86,  29, -18,  -7,-950,-267;
  17,-250,-109, -93,  31, -17, -17,-954,-269;
  16,-253,-108, -95,  36, -14,  -9,-957,-269;
  20,-251,-104, -98,  37, -16, -16,-964,-271;
  17,-255,-108, -98,  37, -16, -16,-962,-270;
  17,-256,-109, -99,  37, -15, -12,-968,-268;
  16,-257,-111, -98,  36, -14, -17,-969,-273;
  14,-254,-113, -95,  36, -15, -20,-976,-279;
  17,-257,-110, -91,  37, -14, -19,-971,-279;
  17,-256,-112, -86,  38, -14, -23,-972,-276;
  15,-255,-115, -83,  40, -13, -24,-971,-282;
  15,-257,-111, -80,  41, -13, -30,-978,-280;
  13,-256,-116, -77,  42, -13, -30,-968,-282;
  12,-254,-106, -73,  40, -11, -29,-968,-280;
  14,-254,-110, -68,  39, -10, -26,-966,-280;
  13,-252,-114, -65,  39,  -7, -30,-970,-281;
  17,-250,-108, -62,  39,  -6, -30,-966,-279;
  12,-252,-113, -60,  41,  -3, -26,-962,-275;
  14,-254,-112, -60,  44,  -3, -23,-958,-288;
  13,-253,-115, -59,  46,  -1, -29,-958,-275;
  12,-254,-111, -59,  47,   0, -25,-958,-273;
  14,-249,-111, -59,  50,   2, -28,-957,-279;
  10,-252,-113, -62,  52,   4, -32,-952,-275;
   9,-253,-114, -64,  52,   5, -32,-954,-275;
  11,-251,-110, -68,  52,   7, -32,-962,-260;
  12,-254,-112, -72,  51,   8, -32,-969,-272;
  12,-255,-107, -74,  49,   8, -34,-969,-267;
  13,-255,-107, -75,  45,   6, -35,-976,-265;
  13,-256,-108, -72,  42,   6, -33,-970,-265;
  13,-258,-108, -70,  42,   5, -34,-971,-262;
  14,-256,-111, -66,  41,   3, -32,-974,-267;
  13,-254,-109, -62,  40,   3, -29,-967,-259;
  14,-256,-107, -58,  39,   1, -29,-964,-263;
  15,-255,-107, -54,  41,   2, -34,-961,-262;
  10,-257,-111, -51,  41,   1, -30,-962,-263;
  11,-252,-109, -51,  41,   1, -33,-960,-265;
  13,-255,-108, -53,  42,   2, -30,-965,-266;
  11,-252,-113, -54,  42,   1, -30,-966,-264;
  15,-253,-108, -56,  42,   2, -29,-966,-259;
  13,-255,-106, -58,  40,   2, -30,-960,-262;
  15,-255,-110, -58,  40,   2, -24,-967,-260;
  13,-255,-104, -58,  39,   3, -26,-973,-263;
  14,-254,-107, -58,  40,   2, -25,-969,-262;
  13,-256,-111, -56,  40,   4, -23,-964,-265;
  15,-255,-109, -56,  40,   2, -31,-969,-268;
  14,-256,-107, -55,  42,   3, -24,-965,-270;
  14,-252,-115, -54,  43,   2, -26,-964,-266;
  16,-256,-112, -52,  43,   2, -25,-963,-269;
  17,-255,-110, -49,  42,   2, -29,-961,-269;
  11,-253,-113, -47,  43,   1, -21,-953,-270;
  13,-250,-108, -44,  43,   3, -28,-959,-266;
  12,-251,-105, -47,  42,   3, -28,-953,-270;
  11,-251,-112, -49,  40,   3, -27,-957,-269;
  13,-252,-112, -49,  39,   3, -32,-951,-265;
  12,-250,-115, -53,  38,   3, -34,-957,-271;
  12,-251,-112, -54,  38,   5, -36,-958,-274;
  13,-254,-112, -55,  40,   5, -32,-957,-267;
   9,-251,-110, -58,  41,   5, -34,-960,-271;
  14,-254,-107, -61,  43,   7, -35,-961,-271;
  11,-251,-112, -66,  42,   6, -35,-961,-270;
  11,-251,-111, -69,  41,   6, -36,-962,-262;
  11,-252,-112, -71,  39,   6, -33,-965,-267;
  10,-253,-108, -73,  37,   6, -36,-963,-266;
  10,-256,-109, -73,  35,   7, -34,-962,-269;
  10,-255,-107, -73,  35,   6, -37,-965,-267;
  12,-254,-109, -74,  33,   5, -31,-965,-265;
  12,-255,-108, -73,  32,   6, -36,-968,-266;
   7,-255,-108, -71,  31,   7, -36,-967,-262;
   8,-257,-112, -68,  28,   6, -37,-971,-260;
  11,-256,-109, -64,  27,   5, -36,-970,-261;
   7,-250,-108, -61,  23,   6, -37,-965,-260;
  13,-252,-109, -59,  21,   5, -35,-965,-264;
  16,-249,-104, -56,  19,   5, -36,-961,-261;
  10,-254,-111, -53,  17,   6, -36,-963,-266;
  11,-253,-110, -52,  14,   6, -31,-964,-264;
  12,-254,-104, -53,  14,   7, -34,-963,-262;
  14,-255,-108, -54,  15,   7, -33,-958,-264;
  15,-253,-107, -53,  14,   9, -31,-958,-265;
  15,-252,-110, -54,  14,   9, -26,-959,-266;
  14,-252,-112, -57,  14,   9, -24,-952,-266;
  13,-249,-105, -61,  14,   8, -30,-952,-263;
  13,-254,-103, -66,  16,   8, -32,-950,-260;
  11,-249,-113, -70,  18,   9, -31,-953,-261;
  12,-245,-110, -75,  19,   9, -30,-959,-255;
  15,-252,-110, -77,  21,   9, -30,-959,-257;
  13,-252,-104, -80,  21,   8, -31,-962,-260;
  14,-252,-108, -85,  19,   8, -30,-963,-258;
  10,-254,-108, -88,  20,   5, -30,-965,-261;
  11,-256,-100, -94,  21,   3, -33,-964,-256;
   8,-253,-106, -97,  21,   3, -32,-968,-253;
  12,-258,-107, -96,  22,   1, -34,-979,-255;
  14,-259,-107, -94,  22,   0, -37,-979,-255;
  12,-259, -95, -90,  22,  -1, -34,-986,-260;
   9,-257,-110, -84,  21,   0, -36,-983,-258;
  12,-256,-106, -80,  20,  -3, -35,-980,-262;
  11,-256,-107, -73,  18,  -4, -35,-984,-265;
   9,-255,-105, -69,  17,  -5, -32,-975,-255;
  10,-257,-104, -64,  16,  -6, -35,-974,-260;
  11,-256,-104, -62,  13,  -7, -35,-978,-261;
   8,-254,-109, -61,  12,  -6, -33,-968,-262;
  13,-254,-106, -58,  10,  -7, -31,-965,-258;
  13,-255,-106, -56,   9,  -8, -34,-969,-258;
  13,-256,-106, -52,   7,  -9, -33,-962,-257;
  14,-251,-104, -52,  11,  -8, -34,-960,-258;
  11,-253,-108, -52,  12,  -7, -32,-964,-259;
  12,-253,-107, -54,  15,  -7, -30,-962,-253;
  10,-255,-106, -55,  17,  -6, -30,-967,-254;
   9,-254,-105, -55,  19,  -6, -32,-965,-254;
  12,-257,-105, -54,  22,  -6, -33,-969,-254;
  12,-255,-103, -50,  24,  -5, -32,-968,-247;
  15,-256,-103, -48,  25,  -6, -34,-974,-248;
  13,-257,-102, -45,  24,  -6, -33,-977,-250;
  13,-256,-103, -44,  23,  -7, -33,-972,-250;
  16,-257,-103, -40,  23,  -8, -33,-978,-250;
  15,-255,-106, -39,  21, -10, -34,-973,-248;
  12,-257,-105, -37,  20, -13, -32,-972,-250;
  10,-254,-103, -34,  18, -13, -33,-970,-248;
  12,-256,-104, -32,  18, -15, -32,-972,-251;
  14,-256,-107, -30,  17, -15, -28,-976,-250;
  12,-252,-104, -29,  15, -16, -35,-969,-251;
  13,-256,-107, -27,  13, -17, -30,-974,-251;
  13,-256,-104, -27,  12, -16, -33,-969,-251;
  13,-255,-104, -25,  10, -17, -30,-968,-254;
  13,-256,-106, -26,   8, -17, -29,-973,-253;
  13,-255,-104, -27,   7, -18, -33,-966,-258;
  14,-255,-106, -23,   7, -17, -31,-971,-255;
  13,-256,-108, -18,   6, -17, -32,-971,-259;
  12,-253,-107, -18,   7, -17, -31,-969,-262;
  13,-255,-106, -17,   7, -17, -28,-969,-259;
  12,-254,-108, -15,   9, -17, -27,-966,-263;
  14,-256,-107, -13,   9, -18, -30,-969,-262;
  13,-255,-111, -14,   8, -17, -30,-968,-256;
  10,-252,-111, -11,   7, -17, -30,-969,-262;
  14,-255,-107, -10,   9, -17, -32,-966,-263;
  10,-251,-106, -10,   7, -16, -32,-964,-262;
  12,-250,-108,  -9,   9, -17, -30,-963,-262;
   9,-252,-113, -11,  10, -17, -30,-960,-260;
  12,-253,-111, -10,  11, -16, -30,-960,-261;
  14,-253,-109, -12,  11, -15, -33,-958,-264;
  14,-254,-104, -15,  13, -15, -34,-958,-261;
  12,-253,-107, -15,  15, -13, -31,-960,-265;
  13,-253,-103, -15,  18, -12, -28,-953,-264;
  13,-255,-106, -17,  21, -11, -31,-954,-263;
   8,-250,-110, -17,  20, -10, -32,-952,-262;
   9,-253,-107, -21,  20,  -8, -35,-957,-255;
   8,-248,-108, -22,  18,  -8, -34,-959,-260;
  10,-251,-106, -25,  17, -10, -36,-959,-254;
  15,-256,-109, -29,  16, -10, -35,-958,-257;
   9,-254,-106, -28,  16,  -8, -39,-963,-257;
  11,-254,-104, -30,  16,  -8, -36,-966,-255;
   9,-253,-106, -28,  15,  -7, -34,-966,-253;
   8,-256,-108, -29,  14,  -8, -32,-966,-256;
  10,-256,-105, -29,  13,  -7, -37,-971,-256;
  10,-256,-107, -30,  12,  -7, -43,-974,-254;
  11,-256,-103, -31,  11,  -6, -39,-974,-254;
   8,-258,-109, -29,  12,  -5, -33,-986,-256;
  10,-258,-104, -27,   8,  -6, -36,-977,-261;
  12,-256,-105, -25,   7,  -7, -36,-980,-251;
   9,-253,-113, -21,   5,  -6, -36,-968,-255;
  11,-255,-103, -17,   3,  -6, -38,-968,-255;
  11,-255,-106, -17,   4,  -5, -37,-970,-251;
  10,-255,-107, -16,   1,  -5, -40,-961,-254;
   9,-253,-104, -16,   0,  -6, -36,-961,-259;
   9,-252,-106, -16,   0,  -6, -41,-963,-256;
   9,-253,-107, -16,  -2,  -5, -39,-959,-258;
  10,-250,-105, -15,  -5,  -5, -44,-959,-258;
  10,-252,-108, -15,  -8,  -8, -43,-955,-256;
  10,-252,-107, -14,  -8,  -8, -45,-959,-253;
   5,-255,-109, -15, -11,  -8, -45,-954,-260;
   5,-245,-101, -17, -12,  -7, -44,-958,-256;
   6,-251,-105, -19, -13,  -7, -49,-962,-249;
   8,-255,-105, -23, -15,  -8, -43,-963,-254;
   7,-255,-103, -27, -16,  -8, -37,-960,-254;
   6,-252,-109, -28, -19,  -9, -46,-965,-251;
   7,-255,-104, -30, -19, -10, -38,-964,-254;
   8,-255,-107, -28, -22, -10, -41,-968,-263;
  11,-256,-104, -27, -23,  -9, -42,-969,-256;
  11,-255,-105, -22, -23, -10, -38,-966,-255;
  10,-256,-104, -19, -22, -11, -33,-968,-254;
  10,-255,-109, -14, -22,  -9, -41,-972,-248;
  13,-258,-109, -11, -23,  -8, -35,-964,-252;
  11,-255,-101, -10, -23,  -8, -31,-964,-254;
   9,-254,-103, -12, -22,  -5, -34,-963,-251;
  13,-256,-106, -14, -21,  -4, -32,-964,-254;
  12,-253,-102, -20, -20,  -3, -35,-966,-249;
  13,-253,-107, -22, -17,  -3, -29,-969,-252;
   8,-255,-110, -25, -14,  -1, -30,-965,-252;
  11,-252,-103, -28, -12,   0, -30,-966,-247;
  10,-253,-106, -34, -11,   0, -32,-970,-249;
  11,-254,-101, -35, -11,  -1, -32,-965,-252;
   8,-260,-103, -36, -11,   0, -33,-975,-247;
  14,-255,-101, -38, -12,   0, -32,-968,-252;
  13,-257,-107, -38, -14,  -1, -33,-975,-254;
  13,-257,-107, -38, -17,  -2, -35,-977,-253;
   9,-255,-105, -38, -17,  -3, -35,-969,-253;
  11,-256,-102, -35, -18,  -3, -34,-978,-250;
  11,-257,-102, -34, -18,  -5, -32,-976,-249;
  11,-257,-105, -32, -19,  -5, -31,-978,-253;
  13,-257, -98, -28, -20,  -5, -32,-972,-251;
  13,-256,-103, -28, -23,  -5, -31,-976,-247;
   9,-256,-107, -27, -26,  -6, -32,-973,-247;
  11,-248,-101, -23, -28,  -6, -33,-970,-249;
  12,-256,-103, -21, -29,  -7, -31,-970,-249;
  11,-255,-106, -18, -28,  -7, -32,-967,-249;
  13,-255,-109, -17, -27,  -6, -34,-969,-250;
  13,-252,-104, -17, -24,  -5, -32,-964,-248;
  15,-254,-107, -17, -21,  -7, -32,-961,-251;
  13,-254,-104, -18, -20,  -6, -31,-965,-257;
  12,-255,-109, -18, -19,  -6, -35,-962,-255;
  12,-252,-105, -18, -16,  -8, -32,-960,-251;
  12,-254,-107, -22, -16,  -6, -32,-965,-248;
  15,-253,-106, -23, -14,  -7, -31,-967,-252;
  12,-252,-104, -24, -14,  -7, -30,-968,-250;
  11,-254,-105, -26, -15,  -9, -33,-967,-254;
  12,-256,-103, -27, -13,  -8, -35,-970,-255;
  14,-256,-102, -27, -12,  -9, -30,-966,-257;
  11,-251,-107, -27, -11,  -8, -33,-967,-251;
  11,-254,-106, -27,  -9,  -8, -34,-964,-254;
  13,-256,-105, -27,  -8,  -7, -31,-963,-257;
  11,-253,-102, -30,  -8,  -8, -32,-968,-254;
  12,-252,-103, -34,  -7,  -7, -33,-967,-248;
  12,-257,-105, -38,  -9,  -7, -34,-968,-246;
  11,-253,-101, -39,  -9,  -8, -34,-970,-247;
  12,-255,-111, -38, -10,  -7, -29,-971,-254;
  11,-256,-106, -38, -10,  -7, -33,-965,-252;
  12,-256,-104, -33,  -8,  -9, -36,-975,-243;
  10,-254,-103, -32,  -9,  -7, -34,-976,-255;
   9,-255,-103, -29,  -7,  -9, -34,-969,-247;
  10,-255,-107, -28,  -6, -10, -36,-969,-245;
  15,-254,-100, -28,  -7, -10, -35,-971,-246;
  16,-255,-101, -26,  -8, -11, -32,-968,-247;
  13,-255,-105, -25, -10, -11, -34,-970,-246;
  11,-254,-100, -25, -10, -10, -34,-968,-245;
  10,-254,-107, -24, -12, -10, -33,-970,-249;
  11,-252,-107, -25, -12, -10, -32,-968,-254;
   9,-252,-103, -26, -10, -10, -34,-969,-248;
  13,-256,-105, -24,  -6,  -9, -35,-966,-253;
  12,-256,-104, -25,  -5,  -9, -31,-968,-245;
  12,-253,-107, -24,  -4,  -8, -33,-972,-250;
  12,-253,-103, -25,  -5,  -8, -32,-969,-251;
  11,-256,-106, -28,  -5,  -6, -32,-966,-250;
  16,-256,-105, -32,  -3,  -6, -32,-968,-250;
  15,-254,-104, -33,  -1,  -6, -33,-966,-248;
  10,-255,-106, -37,  -1,  -6, -33,-970,-247;
  10,-254,-106, -38,   1,  -5, -32,-970,-249;
  12,-256,-103, -38,   1,  -7, -34,-969,-247;
  13,-255,-104, -37,   0,  -6, -31,-970,-254;
  11,-254,-105, -40,  -2,  -6, -31,-968,-246;
  10,-254,-106, -39,  -1,  -7, -33,-966,-245;
  12,-255,-106, -38,  -1,  -6, -33,-964,-243;
  10,-255,-104, -36,  -1,  -7, -34,-966,-249;
  14,-255,-105, -37,  -1,  -6, -31,-966,-244;
  12,-255,-109, -39,   1,  -7, -34,-961,-253;
  12,-256,-101, -38,   0,  -5, -31,-966,-247;
  13,-256,-110, -37,   0,  -6, -32,-965,-247;
  12,-256,-105, -35,   0,  -6, -34,-969,-248;
  11,-252,-105, -32,  -1,  -5, -29,-970,-249;
  13,-254,-105, -32,  -2,  -4, -32,-968,-246;
  11,-255,-104, -33,  -3,  -5, -30,-964,-247;
  13,-254,-105, -33,  -2,  -5, -32,-970,-248;
  21,-254,-104, -33,   0,  -3,  -7,-959,-253;
  12,-258,-101, -34,   3,  -1, -50,-967,-248;
  11,-256, -99, -34,  10,   1, -35,-969,-248;
  13,-251, -98, -38,  10,  -2, -31,-966,-246;
  14,-254,-108, -41,   5,  -3, -33,-970,-247;
   8,-254,-106, -43,   5,  -3, -32,-969,-250;
  10,-256,-103, -43,   5,  -4, -30,-969,-247;
   6,-253,-102, -43,   5,  -4, -29,-981,-247;
  13,-257,-104, -44,   4,  -3, -30,-974,-244;
  14,-257,-104, -44,   4,  -4, -28,-965,-246;
  11,-255,-104, -45,   2,  -5, -27,-972,-246;
  12,-257,-106, -44,   2,  -5, -30,-972,-248;
  13,-255,-106, -42,   2,  -6, -26,-976,-243;
  14,-256,-108, -41,   2,  -6, -28,-968,-251;
  10,-257,-104, -40,   4,  -6, -32,-972,-247;
  13,-256,-102, -40,   6,  -6, -30,-966,-244;
  13,-255,-103, -40,   5,  -7, -26,-968,-248;
  14,-256,-103, -40,   4,  -6, -32,-968,-246;
  10,-252,-108, -39,   2,  -6, -33,-968,-241;
  12,-255,-103, -40,   1,  -7, -33,-968,-246;
  11,-256,-102, -40,   1,  -7, -32,-969,-246;
  15,-256,-105, -41,   2,  -4, -32,-972,-245;
  12,-254,-105, -38,   3,  -5, -34,-969,-245;
  13,-254,-102, -38,   5,  -5, -32,-968,-243;
  12,-257, -98, -39,   7,  -4, -29,-972,-244;
  10,-254,-101, -41,   9,  -3, -30,-973,-249;
  15,-255,-103, -40,  12,  -3, -31,-969,-244;
  15,-256,-103, -38,  14,  -1, -31,-969,-247;
  11,-256,-105, -37,  16,  -3, -30,-969,-248;
  15,-254,-101, -34,  15,   0, -30,-966,-245;
  11,-254, -99, -35,  17,  -2, -33,-967,-245;
  12,-254,-105, -35,  17,  -2, -32,-967,-250;
  12,-253,-100, -38,  18,   0, -32,-967,-248;
   8,-253,-104, -40,  20,   2, -32,-974,-247;
  10,-256,-102, -44,  22,   1, -31,-969,-253;
  10,-256,-104, -45,  24,   3, -35,-969,-243;
  15,-257,-104, -47,  23,   3, -31,-968,-244;
  14,-256,-105, -47,  23,   3, -29,-969,-244;
  13,-255,-101, -46,  25,   4, -35,-970,-240;
  14,-253,-103, -46,  23,   2, -32,-973,-240;
  10,-255,-102, -46,  22,   0, -32,-971,-242;
  10,-255,-104, -46,  21,   1, -34,-968,-240;
  11,-255,-101, -46,  20,   0, -35,-971,-238;
  10,-254,-105, -45,  20,  -1, -32,-968,-237;
  13,-256,-106, -41,  19,  -1, -34,-969,-241;
  12,-255,-104, -39,  18,  -3, -35,-965,-243;
  10,-256,-104, -37,  16,  -5, -36,-968,-247;
   9,-252,-107, -35,  16,  -6, -35,-967,-242;
   8,-251,-101, -34,  14,  -7, -31,-969,-238;
  11,-251,-103, -33,  13,  -6, -33,-965,-251;
   8,-255,-101, -34,  10,  -7, -34,-965,-244;
  11,-254,-104, -34,   9,  -5, -32,-967,-244;
  14,-257,-103, -35,   8,  -7, -34,-967,-248;
  10,-254,-105, -36,   7,  -5, -32,-969,-250;
