  17,-256, -97, -54,  46,   3,  -4,-980,-215;
  23,-259, -94, -54,  47,   3,  -4,-978,-213;
  21,-256, -92, -53,  47,   1,  -5,-977,-216;
  18,-256, -97, -53,  47,   3,  -8,-983,-217;
  14,-256, -97, -54,  47,   3, -13,-983,-216;
  17,-254, -96, -55,  47,   2,  -6,-980,-221;
  21,-259, -93, -54,  47,   2,  -7,-978,-216;
  18,-261, -99, -54,  47,   3, -17,-982,-223;
  19,-256, -95, -53,  45,   2, -12,-980,-217;
  20,-256, -95, -53,  46,   1, -12,-984,-218;
  17,-260,-100, -54,  45,   0,  -7,-981,-215;
  19,-256, -94, -53,  45,   2, -18,-980,-215;
  17,-260, -96, -55,  45,  -1, -15,-982,-222;
  17,-257,-101, -53,  42,  -1, -19,-985,-216;
  18,-260, -98, -53,  42,  -1, -17,-983,-219;
  18,-258, -96, -52,  40,  -1, -15,-982,-215;
  19,-255, -98, -50,  40,  -1, -13,-979,-214;
  14,-254, -94, -49,  36,  -2, -16,-974,-219;
  16,-255, -92, -49,  35,   0, -13,-979,-216;
  14,-255, -96, -52,  37,  -1, -19,-973,-219;
  17,-258, -95, -53,  36,   0, -16,-972,-218;
  17,-256, -98, -53,  36,  -1, -17,-968,-218;
  17,-256, -95, -54,  37,  -1, -10,-977,-218;
  17,-254, -99, -54,  38,  -1, -18,-977,-218;
  15,-255,-100, -56,  40,  -2, -17,-980,-214;
  15,-255, -94, -55,  40,  -1, -10,-974,-218;
  17,-257, -94, -55,  42,  -1, -13,-978,-216;
  16,-256, -96, -55,  41,  -1, -12,-974,-215;
  17,-255, -95, -54,  41,  -2, -18,-976,-220;
  18,-258, -96, -56,  39,  -2, -17,-980,-216;
  17,-258, -98, -61,  39,  -3, -12,-973,-217;
  15,-257, -98, -62,  37,  -4, -18,-974,-221;
  18,-257, -96, -61,  35,  -5, -13,-974,-218;
  16,-257, -96, -64,  33,  -5, -15,-972,-216;
  17,-258,-101, -62,  33,  -7, -10,-974,-222;
  14,-257, -99, -59,  32,  -7, -15,-971,-222;
  18,-255, -97, -60,  31,  -6, -20,-970,-221;
  13,-252,-104, -60,  33,  -7,  -8,-973,-221;
  14,-255, -99, -60,  33,  -8, -15,-971,-223;
  17,-257, -99, -59,  34,  -8, -13,-971,-220;
  16,-259, -97, -58,  32,  -7, -19,-972,-225;
  17,-256, -98, -57,  32,  -6, -17,-973,-221;
  15,-255,-101, -60,  29,  -6, -15,-983,-220;
  16,-256, -95, -60,  30,  -4, -13,-987,-219;
  16,-259, -96, -61,  28,  -6, -10,-981,-219;
  15,-257, -96, -62,  27,  -6, -13,-982,-221;
  18,-256, -94, -61,  27,  -4, -17,-980,-223;
  17,-254, -99, -62,  27,  -5, -14,-980,-217;
  25,-259, -97, -61,  27,  -6, -14,-981,-219;
  14,-256, -97, -63,  26,  -6,  -8,-985,-217;
  16,-257, -99, -63,  25,  -4, -15,-974,-217;
  15,-257, -95, -67,  25,  -5, -11,-972,-216;
  17,-257, -95, -67,  24,  -6, -16,-982,-213;
  16,-259, -98, -67,  23,  -6, -13,-983,-218;
  16,-257, -96, -68,  23,  -6, -16,-983,-214;
  15,-255, -97, -67,  21,  -5, -12,-984,-217;
  15,-257,-104, -65,  21,  -5, -16,-978,-214;
  15,-257,-100, -63,  19,  -5, -20,-983,-217;
  18,-256, -94, -61,  18,  -6, -19,-978,-218;
   8,-262, -97, -59,  16,  -6, -18,-981,-215;
  17,-258, -97, -55,  16,  -6, -15,-976,-225;
  15,-258, -99, -53,  16,  -6, -16,-978,-220;
  14,-257, -95, -53,  17,  -5, -22,-976,-221;
  15,-255, -96, -54,  16,  -5, -19,-971,-221;
  14,-256,-100, -54,  17,  -6, -20,-975,-225;
  17,-256, -97, -55,  18,  -6, -16,-976,-223;
  18,-256,-100, -54,  18,  -5, -20,-973,-230;
  13,-256, -99, -54,  17,  -4, -25,-974,-230;
  16,-259, -99, -56,  16,  -6, -21,-971,-229;
  17,-256, -96, -59,  15,  -4, -19,-974,-228;
  20,-258, -97, -59,  13,  -5, -19,-978,-229;
  16,-256, -93, -59,  12,  -7, -23,-976,-228;
  15,-256, -99, -59,  13,  -7, -17,-977,-227;
  16,-255, -98, -60,  11,  -8, -13,-972,-225;
  18,-256, -95, -59,   9,  -7, -22,-976,-227;
  17,-255, -98, -57,   8,  -8, -17,-973,-223;
  18,-255, -96, -59,   8,  -9, -17,-971,-222;
  14,-255,-102, -61,   8,  -9, -17,-966,-226;
  17,-255, -94, -61,   6,  -9, -14,-972,-222;
  20,-255, -96, -64,   8, -10, -15,-971,-221;
  12,-252, -98, -66,   7,  -8, -17,-968,-218;
  22,-254, -94, -66,   7, -10, -19,-974,-227;
  17,-255, -97, -68,   6,  -9, -15,-972,-227;
  17,-256, -99, -68,   8,  -9, -12,-968,-226;
  19,-255,-100, -71,  10,  -9, -13,-968,-217;
  16,-252, -97, -69,   9,  -7, -11,-969,-223;
  20,-256, -99, -70,   8,  -9, -11,-970,-224;
  18,-257,-102, -70,   7,  -7, -19,-974,-227;
  18,-255, -98, -72,   7,  -7, -10,-974,-226;
  16,-256,-101, -71,   4,  -6,  -9,-980,-229;
  19,-256,-101, -71,   6,  -7, -16,-973,-231;
  16,-257,-103, -70,   5,  -7,  -8,-980,-232;
  20,-258, -99, -69,   6,  -6,  -9,-977,-230;
  19,-257,-102, -68,   6,  -7,  -8,-977,-229;
  20,-259,-100, -67,   5,  -5,  -5,-976,-235;
  16,-257,-102, -66,   5,  -6,  -9,-981,-237;
  20,-257, -98, -68,   5,  -6,  -8,-977,-234;
  19,-257,-101, -68,   5,  -6,  -4,-973,-235;
  16,-256, -96, -69,   5,  -5, -12,-974,-233;
  15,-256, -98, -69,   6,  -5,  -4,-971,-234;
  17,-254,-103, -67,   6,  -7,  -4,-969,-234;
  15,-252, -96, -67,   7,  -3, -10,-972,-231;
  18,-255, -98, -66,   8,  -3,  -9,-969,-236;
  14,-256,-103, -68,   8,  -4, -14,-971,-234;
  19,-256,-102, -70,   9,  -3,  -9,-971,-234;
  17,-255,-101, -70,   8,  -3, -10,-973,-231;
  19,-256, -98, -73,   7,  -1,  -7,-973,-234;
  20,-256,-103, -72,   9,  -2, -10,-984,-233;
  20,-257,-102, -75,   8,  -2,  -8,-985,-235;
  20,-256, -99, -73,   8,  -2,  -8,-974,-236;
  18,-255, -97, -73,   8,  -3, -12,-971,-231;
  17,-253,-101, -73,   6,  -3, -13,-971,-235;
  16,-256, -99, -71,   6,  -6,  -8,-975,-232;
  15,-256, -94, -73,   7,  -6,  -2,-976,-232;
  15,-254, -98, -70,  10,  -7, -10,-971,-229;
  18,-256, -99, -71,  10,  -8,  -6,-968,-232;
  19,-254,-102, -73,  10,  -7,  -4,-970,-229;
  17,-253,-100, -74,  11,  -5,  -5,-965,-233;
  17,-253,-100, -75,  13,  -6,  -4,-972,-233;
  18,-253, -99, -77,  13,  -6,  -4,-964,-230;
  17,-256,-101, -76,  13,  -6, -10,-966,-231;
  19,-252,-100, -76,  13,  -7,  -1,-965,-235;
  17,-254,-103, -75,  13,  -6,   0,-966,-231;
  20,-255,-100, -76,  13,  -7,  -3,-963,-236;
  18,-253, -92, -75,  14,  -7,  -3,-970,-240;
  19,-255,-101, -77,  15,  -8,  -2,-970,-244;
  16,-253,-103, -78,  16,  -8,  -8,-969,-236;
  21,-256,-103, -79,  17,  -8,  -3,-971,-243;
  18,-256,-103, -80,  17,  -7,   0,-966,-239;
  18,-254,-103, -80,  17,  -8,  -3,-968,-236;
  17,-256,-101, -81,  16, -10,  -3,-972,-240;
  21,-256,-102, -78,  18,  -8,  -4,-972,-243;
  20,-256, -96, -80,  18,  -7,  -1,-978,-241;
  20,-257,-102, -81,  18,  -7,  -5,-980,-239;
  21,-257,-100, -80,  19,  -7,  -2,-983,-238;
  26,-260,-105, -81,  21,  -5,  -7,-982,-237;
  21,-257,-100, -78,  21,  -4,  -1,-980,-236;
  18,-257,-101, -76,  23,  -3,  -5,-980,-233;
  20,-256,-104, -74,  23,  -4,  -2,-977,-242;
  21,-256, -97, -72,  24,  -4,  -6,-976,-246;
  17,-257,-103, -70,  23,  -3,  -7,-974,-242;
  20,-256,-102, -68,  23,  -3,  -5,-979,-236;
  20,-254,-101, -68,  24,  -2,  -2,-970,-234;
  16,-256,-102, -68,  23,  -2,  -4,-973,-242;
  17,-256,-100, -67,  22,  -3,  -1,-977,-236;
  20,-256, -97, -66,  23,  -3,  -5,-975,-235;
  20,-256,-101, -68,  22,  -3,  -6,-974,-235;
  20,-256,-101, -68,  21,  -4,  -9,-967,-238;
  16,-255, -99, -68,  22,  -3,  -6,-971,-243;
  19,-258,-106, -69,  23,  -3, -11,-975,-240;
  21,-254,-102, -71,  26,  -4,  -9,-970,-244;
  18,-256,-103, -73,  28,  -3,  -9,-971,-241;
  15,-256,-101, -75,  32,  -3,  -7,-974,-242;
  20,-256,-102, -77,  32,  -3,  -9,-973,-243;
  17,-254,-101, -77,  31,  -4,  -6,-971,-242;
  18,-256,-102, -77,  30,  -4,  -7,-974,-243;
  18,-256,-104, -77,  27,  -3, -14,-969,-243;
  22,-259,-103, -75,  27,  -3,  -9,-973,-237;
  20,-255,-103, -73,  27,  -5,  -7,-969,-247;
  19,-255, -98, -71,  28,  -5,  -5,-967,-243;
  18,-255,-107, -72,  28,  -4,  -5,-966,-250;
  18,-252,-103, -73,  31,  -3,  -3,-971,-242;
  17,-254,-105, -72,  32,  -3,  -8,-965,-247;
  16,-253,-107, -72,  34,  -3,  -3,-968,-247;
  16,-256,-101, -73,  35,  -2, -13,-965,-246;
  15,-254,-103, -74,  35,  -1, -11,-968,-243;
  16,-252,-105, -74,  35,  -3, -17,-966,-250;
  15,-256,-102, -77,  34,  -1,  -9,-966,-242;
  23,-253, -99, -78,  34,  -2,  -9,-966,-249;
  17,-254,-104, -80,  34,  -2, -11,-968,-245;
  18,-253,-104, -82,  34,  -3,  -9,-969,-248;
  19,-254,-102, -81,  33,  -4,  -7,-972,-243;
  20,-256,-104, -78,  31,  -5,  -7,-968,-242;
  15,-254,-102, -77,  29,  -7,  -6,-969,-249;
  17,-255,-106, -72,  26,  -9, -10,-971,-244;
  18,-254,-106, -70,  25,  -7,  -8,-969,-244;
  20,-256,-100, -66,  25,  -7,  -3,-969,-248;
  18,-252,-105, -65,  26,  -8,  -2,-967,-249;
  16,-254,-102, -64,  27,  -7,  -9,-967,-248;
  21,-249,-115, -66,  29,  -8,  -5,-964,-248;
  16,-255,-108, -67,  30,  -7, -10,-964,-251;
  18,-255,-107, -67,  32,  -6,  -8,-965,-247;
  17,-255,-105, -67,  32,  -4,  -7,-967,-248;
  18,-255,-102, -68,  32,  -4,  -7,-968,-247;
  16,-255,-107, -70,  32,  -4, -14,-975,-252;
  17,-257,-106, -70,  31,  -3,  -6,-976,-249;
  18,-255,-101, -67,  31,  -2,  -6,-971,-247;
  17,-256,-110, -66,  32,  -3, -10,-975,-249;
  16,-253,-106, -63,  31,  -2,  -5,-972,-252;
  15,-252,-110, -62,  31,  -3, -12,-968,-251;
  12,-253,-107, -59,  29,  -4, -12,-968,-246;
  16,-255,-102, -58,  27,  -3,  -7,-972,-249;
  17,-254,-105, -58,  28,  -3, -13,-968,-249;
  16,-255,-101, -57,  28,  -5,  -4,-962,-256;
  17,-255,-102, -57,  29,  -3,  -6,-965,-251;
  14,-254,-103, -57,  29,  -4, -12,-961,-251;
  17,-255,-105, -56,  30,  -4,  -9,-966,-251;
  20,-253,-101, -54,  30,  -5,  -9,-964,-250;
  17,-252,-100, -53,  29,  -6, -11,-965,-250;
  17,-256,-102, -52,  29,  -5, -15,-963,-249;
  17,-250,-103, -54,  28,  -6,  -6,-963,-252;
  14,-252,-111, -54,  24,  -7,  -8,-962,-251;
  14,-254,-107, -56,  23,  -8, -11,-964,-255;
  17,-255,-105, -57,  20,  -8, -13,-961,-253;
  16,-255,-103, -56,  19,  -8,  -6,-965,-254;
  16,-255,-105, -57,  16,  -8, -12,-968,-256;
  15,-254,-100, -57,  17,  -8, -14,-968,-252;
  17,-256,-104, -56,  15, -10, -10,-966,-250;
  21,-255,-104, -56,  14,  -9, -12,-969,-255;
  18,-252,-103, -55,  14, -10, -17,-968,-251;
  16,-255,-104, -53,  14,  -9, -16,-969,-248;
  15,-255,-105, -53,  14,  -9, -13,-970,-253;
  17,-254,-103, -55,  14, -10, -10,-971,-247;
  16,-254,-107, -54,  15,  -9, -16,-969,-253;
  19,-254,-104, -55,  14, -10, -13,-968,-252;
  16,-256,-105, -52,  14,  -9, -15,-970,-248;
  17,-255,-106, -51,  15,  -8, -16,-967,-249;
  16,-256,-104, -48,  14,  -8, -15,-964,-254;
  18,-254,-101, -46,  14,  -8, -15,-966,-252;
  20,-257,-105, -46,  15,  -7, -17,-962,-248;
  19,-257,-103, -46,  16,  -7,  -9,-963,-248;
  18,-255,-107, -46,  14,  -6,  -8,-965,-245;
  19,-257,-112, -46,  14,  -6, -14,-965,-249;
  17,-254,-104, -46,  13,  -7, -12,-970,-254;
  20,-255,-105, -45,  11,  -6,  -9,-969,-249;
  16,-253,-104, -46,  11,  -6, -11,-968,-255;
  17,-256,-105, -46,  11,  -6,  -8,-971,-252;
  17,-254,-103, -46,  12,  -5, -13,-971,-255;
  15,-254,-104, -45,  12,  -5, -11,-971,-247;
  17,-253,-104, -46,  13,  -5,  -6,-973,-247;
  18,-255,-102, -44,  13,  -6,  -6,-971,-247;
  17,-255,-103, -44,  13,  -4,  -8,-973,-247;
  17,-256,-105, -44,  12,  -5,  -2,-974,-248;
  18,-254, -97, -42,  12,  -3,  -4,-971,-246;
  18,-256,-102, -42,  12,  -4,  -4,-970,-246;
  17,-255,-104, -44,  11,  -4, -11,-973,-249;
  17,-254,-100, -43,  12,  -4, -11,-966,-248;
  16,-255,-105, -44,  11,  -4, -10,-969,-242;
  20,-256,-101, -42,  11,  -4,  -5,-969,-248;
  17,-257,-103, -42,  11,  -4, -13,-972,-249;
  14,-256,-109, -40,  11,  -6, -12,-968,-247;
  18,-255,-102, -40,   8,  -5,  -9,-968,-242;
  18,-255,-103, -43,   8,  -6,  -9,-970,-246;
  14,-256,-104, -43,   6,  -7, -16,-967,-245;
  21,-262,-102, -43,   5,  -8, -16,-977,-250;
  16,-255,-104, -45,   5,  -6,  -9,-972,-247;
  20,-256,-105, -43,   5,  -6, -17,-974,-247;
  16,-255,-103, -44,   4,  -8,  -6,-969,-243;
  17,-256,-105, -42,   4,  -6, -12,-972,-247;
  15,-255,-104, -42,   4,  -7,  -8,-971,-250;
  18,-257,-101, -41,   3,  -8, -13,-968,-250;
  17,-257,-104, -39,   4,  -7, -11,-967,-250;
  15,-255,-106, -38,   5,  -7, -13,-971,-248;
  19,-254, -98, -37,   5,  -7, -12,-974,-249;
  17,-255,-104, -37,   5,  -6, -13,-967,-248;
  16,-252,-103, -37,   5,  -5, -10,-965,-254;
  18,-255,-100, -37,   5,  -6,  -7,-968,-249;
  16,-254,-105, -36,   7,  -5, -11,-962,-246;
  20,-255,-104, -38,   8,  -4,  -8,-963,-247;
  17,-255,-105, -38,   9,  -4,  -7,-966,-256;
  15,-255,-101, -38,  10,  -4, -10,-967,-256;
  17,-254,-104, -39,  11,  -5, -14,-970,-248;
  17,-255,-104, -39,  11,  -3, -12,-971,-251;
  18,-257,-106, -37,  12,  -3, -10,-971,-247;
  18,-256,-103, -37,  12,  -2,  -9,-974,-253;
  22,-256,-106, -36,  12,  -2,  -4,-973,-249;
  18,-252,-107, -35,  10,  -2,  -5,-973,-246;
  18,-254,-103, -33,  10,  -2,  -3,-972,-251;
  19,-257,-102, -31,  10,  -3,  -6,-974,-247;
  20,-255,-103, -31,   9,  -2,  -5,-969,-246;
  19,-256,-104, -32,   9,  -4,  -3,-976,-247;
  17,-255,-105, -34,   9,  -3,  -2,-969,-246;
  18,-255,-101, -34,   8,  -4,  -1,-969,-248;
  18,-256,-108, -35,   9,  -3,  -4,-966,-249;
  15,-255, -99, -34,  11,  -5,  -3,-967,-248;
  15,-255,-104, -35,  10,  -5,  -5,-967,-249;
  19,-256,-103, -35,  10,  -4, -15,-971,-248;
  16,-254,-101, -35,  11,  -3,  -5,-970,-246;
  18,-257,-103, -35,  10,  -3,  -1,-967,-245;
  18,-256,-102, -36,  10,  -4,  -4,-969,-249;
  18,-254,-105, -37,   9,  -4,  -7,-969,-247;
  18,-255,-104, -37,   8,  -5,  -8,-969,-247;
  19,-256,-106, -38,   8,  -5,  -8,-971,-249;
  17,-256,-104, -38,   8,  -5,  -7,-968,-245;
  17,-253,-105, -40,   8,  -7,  -6,-969,-250;
  21,-258, -98, -42,   7,  -8, -10,-969,-243;
  16,-253,-102, -42,   6,  -8, -13,-970,-244;
  15,-256,-108, -40,   6,  -9,  -7,-970,-249;
  15,-255,-103, -37,   4,  -9, -15,-973,-246;
  19,-257,-106, -35,   4,  -8,  -5,-969,-251;
  17,-255,-103, -35,   5,  -8,  -5,-973,-250;
  14,-254,-106, -34,   5,  -9,  -7,-976,-247;
  19,-255,-109, -34,   5,  -8,  -7,-969,-246;
  16,-254,-105, -35,   7,  -8,  -7,-971,-249;
  20,-255,-105, -34,  10,  -7,  -3,-963,-250;
  22,-255,-104, -35,  11,  -6,  -3,-968,-246;
  18,-255,-105, -36,  14,  -6,  -6,-964,-252;
  19,-254,-103, -36,  16,  -7,  -7,-962,-248;
  20,-254,-102, -38,  16,  -5, -13,-964,-245;
  18,-254,-104, -40,  17,  -4, -13,-965,-250;
  18,-253,-109, -37,  16,  -3,  -9,-966,-252;
  16,-251,-102, -37,  17,  -3, -10,-959,-244;
  18,-251,-106, -38,  17,  -4,  -7,-959,-247;
  18,-253,-103, -37,  17,  -4, -15,-960,-253;
  17,-253,-102, -37,  17,  -5, -12,-964,-243;
  19,-256,-104, -41,  16,  -6,  -4,-962,-242;
  20,-254,-103, -43,  12,  -5, -12,-966,-253;
  15,-252,-106, -44,  10,  -6,  -9,-968,-250;
  20,-252,-103, -44,   9,  -7, -14,-968,-244;
  16,-255,-102, -44,   8,  -7, -13,-966,-241;
  16,-254,-104, -41,   9,  -8,  -6,-970,-251;
  19,-257,-107, -39,   9,  -9,  -7,-971,-246;
  17,-254,-102, -37,   9, -10,  -6,-970,-245;
  17,-254,-102, -36,  10,  -8,  -6,-968,-243;
  16,-253,-103, -36,   9,  -8,  -8,-964,-246;
  18,-255,-104, -37,   8,  -9,  -4,-970,-247;
  20,-256,-104, -37,   7,  -7,  -3,-970,-242;
  20,-258,-102, -37,   8,  -7,  -3,-972,-248;
  19,-256,-104, -38,   8,  -8,  -4,-974,-254;
  17,-255,-101, -38,   9,  -5,  -7,-969,-247;
  16,-256,-101, -39,  10,  -4,  -5,-973,-251;
  18,-257,-107, -39,  11,  -5,  -4,-972,-248;
  15,-256,-107, -39,  13,  -4,  -3,-971,-246;
  21,-254,-102, -42,  15,  -4,  -8,-978,-247;
  21,-257,-102, -44,  15,  -3,  -3,-981,-246;
  19,-257,-100, -43,  14,  -2,  -5,-977,-235;
  16,-254,-103, -46,  14,  -3, -11,-977,-243;
  18,-255,-106, -44,  15,  -3,  -4,-976,-243;
  16,-259,-101, -43,  17,  -3,  -5,-974,-240;
  17,-253,-104, -41,  16,  -3,  -4,-972,-242;
  18,-257,-102, -39,  17,  -3,  -6,-976,-243;
  17,-256,-108, -37,  16,  -4,  -7,-973,-246;
  18,-256,-105, -36,  15,  -3,  -4,-969,-243;
  18,-255,-103, -34,  15,  -3,  -5,-975,-244;
  17,-256,-104, -33,  14,  -4,  -7,-974,-245;
  18,-255,-102, -31,  14,  -5, -10,-970,-238;
  21,-256,-102, -31,  15,  -6,  -5,-969,-245;
  16,-254,-103, -32,  15,  -8, -10,-965,-241;
  17,-255,-103, -30,  16,  -7,  -9,-967,-240;
  14,-253,-101, -32,  16,  -6, -12,-971,-246;
  18,-254,-103, -31,  16,  -4, -15,-967,-246;
  17,-253,-103, -33,  15,  -7,  -9,-965,-244;
  19,-253,-104, -33,  15,  -6, -12,-967,-241;
  18,-256,-104, -36,  15,  -6,  -6,-968,-245;
  18,-256,-106, -34,  17,  -7, -14,-968,-250;
  16,-254,-103, -34,  17,  -8,  -9,-970,-249;
  17,-256,-106, -35,  17,  -7,  -6,-976,-241;
  15,-256,-101, -36,  16,  -7, -15,-971,-246;
  19,-255,-106, -36,  16,  -7,  -8,-972,-247;
  16,-253,-103, -35,  16,  -9, -10,-977,-248;
  17,-254,-107, -35,  14,  -8, -18,-978,-246;
  18,-258,-100, -35,  12,  -8, -16,-976,-243;
  15,-257,-104, -34,  13,  -7, -15,-980,-247;
  15,-256,-101, -34,  10,  -7,  -8,-973,-247;
  15,-255,-101, -35,  11,  -8, -13,-969,-241;
  19,-255, -99, -34,  10,  -8, -11,-974,-235;
  16,-256,-103, -33,  11,  -7, -10,-968,-239;
  16,-255,-102, -32,  12,  -8,  -9,-971,-242;
  17,-255,-103, -34,  14,  -8,  -2,-965,-237;
  19,-254,-100, -34,  15,  -8, -15,-965,-241;
  16,-256,-104, -33,  16,  -9, -17,-966,-235;
  19,-256,-104, -32,  15,  -9,  -8,-966,-230;
  22,-255,-100, -32,  15,  -8,  -7,-970,-235;
  18,-255,-103, -32,  14,  -8,  -5,-964,-237;
  19,-258, -93, -29,  12,  -9,  -6,-968,-246;
  12,-253,-101, -28,  12,  -9,  -5,-966,-242;
  16,-255,-101, -30,  12,  -9,  -7,-968,-245;
  18,-255,-104, -31,  13,  -9, -13,-970,-240;
  14,-252,-102, -31,  14,  -7, -17,-968,-239;
  18,-253,-105, -34,  15,  -5, -16,-971,-243;
  18,-256,-106, -34,  15,  -6, -12,-975,-243;
  17,-257,-104, -34,  14,  -6, -10,-976,-246;
  17,-257,-102, -36,  14,  -6,  -5,-975,-248;
  17,-257,-104, -37,  13,  -6,  -6,-974,-249;
  18,-256,-104, -37,  12,  -6,  -6,-978,-243;
  17,-259,-105, -38,   9,  -7, -10,-976,-252;
  19,-256,-101, -38,  10,  -8,  -6,-972,-249;
  20,-256,-102, -38,   9,  -7, -12,-973,-242;
  17,-256,-100, -38,  10,  -8,  -9,-971,-245;
  19,-255,-103, -37,  11,  -8,  -6,-965,-244;
  19,-255,-102, -37,  11,  -8, -14,-974,-240;
  17,-254,-100, -39,  12,  -7, -11,-967,-234;
  19,-256,-102, -39,  13,  -8, -12,-971,-244;
  19,-258,-104, -39,  14,  -8, -16,-969,-237;
  19,-255,-101, -38,  13,  -8, -10,-975,-236;
  15,-255,-102, -37,  12,  -9,  -9,-971,-242;
  21,-257, -95, -33,  13,  -9,  -9,-968,-244;
  17,-255, -97, -34,  12,  -9, -12,-968,-239;
  19,-256,-102, -34,  12,  -8, -16,-972,-239;
  15,-255,-101, -33,   9,  -9, -13,-970,-242;
  15,-253,-104, -32,   7, -10,  -5,-975,-241;
  15,-256,-102, -34,   6, -10, -15,-965,-239;
  16,-255,-101, -34,   5, -10, -15,-969,-237;
  14,-256, -97, -35,   4,  -9,  -8,-967,-239;
  18,-255,-107, -35,   4,  -9, -18,-974,-239;
  16,-254,-104, -36,   5,  -7, -14,-970,-241;
  19,-255,-103, -36,   8,  -9, -10,-969,-239;
  21,-260, -98, -37,   9,  -9,  -9,-966,-241;
  17,-255,-101, -36,   8,  -8, -12,-970,-237;
  19,-255,-101, -36,  10,  -8,  -7,-967,-242;
  18,-256,-103, -37,  11,  -8,  -8,-970,-244;
  17,-253,-101, -37,  11,  -8, -10,-967,-243;
  14,-254,-104, -37,  12,  -7,  -7,-977,-247;
  18,-255,-103, -37,  12,  -8,  -1,-969,-242;
  20,-255,-102, -37,  13,  -7,  -7,-971,-245;
  19,-256,-103, -36,  13,  -7, -12,-974,-244;
  22,-256,-103, -37,  13,  -9,  -2,-977,-246;
  16,-255,-105, -36,  14,  -8,  -3,-970,-244;
  12,-251, -96, -36,  12,  -7, -10,-972,-243;
  20,-255,-104, -36,  12,  -6,  -5,-966,-243;
  17,-256,-103, -38,  12,  -7,  -3,-969,-242;
  21,-256,-104, -39,  13,  -6,  -4,-967,-241;
  17,-253,-101, -40,  13,  -6,  -4,-968,-239;
  17,-251,-103, -40,  13,  -7,  -8,-968,-238;
  19,-256, -99, -39,  12,  -7,  -3,-968,-239;
  19,-257,-101, -41,  12,  -7,  -3,-969,-241;
  19,-257, -99, -40,  12,  -7,  -7,-969,-242;
  17,-256,-107, -42,  10,  -8,   0,-970,-238;
  17,-253,-102, -40,  12,  -7,  -4,-972,-237;
  18,-255,-100, -39,  11,  -7,  -5,-970,-237;
  18,-257,-103, -41,  12,  -7,  -9,-970,-243;
  19,-257, -99, -41,  12,  -8,  -3,-969,-241;
  16,-253,-107, -40,  13,  -7,  -7,-973,-239;
  19,-256,-102, -41,  12,  -7, -13,-969,-240;
  17,-256,-101, -41,  12,  -7,  -6,-971,-237;
  15,-257,-105, -40,  14,  -6, -12,-978,-242;
  18,-255,-101, -39,  13,  -6, -13,-977,-244;
  18,-255, -99, -40,  12,  -6,  -6,-968,-239;
  15,-257,-106, -42,  12,  -6, -14,-979,-242;
  16,-258,-105, -41,  14,  -6,  -5,-970,-245;
  16,-255,-103, -42,  13,  -6, -10,-969,-238;
  18,-252,-103, -45,  13,  -5, -16,-973,-241;
  17,-255,-103, -45,  12,  -6,  -6,-965,-239;
  20,-257,-101, -44,  13,  -6,  -9,-973,-237;
  15,-255,-102, -44,  14,  -5, -11,-971,-239;
  17,-255,-102, -46,  15,  -3,  -9,-968,-234;
  16,-256,-102, -44,  15,  -3, -13,-968,-239;
  16,-256,-110, -43,  15,  -3, -16,-972,-237;
  15,-256, -98, -41,  15,  -3, -17,-971,-235;
  18,-252,-104, -41,  14,  -3, -11,-969,-238;
  19,-253,-106, -41,  15,  -4, -15,-969,-239;
  18,-255, -99, -41,  14,  -4,  -6,-969,-233;
  16,-254,-101, -41,  13,  -5,  -6,-968,-240;
  16,-256,-103, -41,  10,  -6,  -9,-971,-233;
  18,-256,-102, -38,  10,  -7, -15,-971,-236;
  19,-254,-103, -37,  10,  -7,  -9,-971,-236;
  17,-255,-100, -34,  10,  -7, -10,-964,-243;
  17,-256,-101, -34,  10,  -7, -13,-969,-238;
  18,-254, -99, -34,  11,  -9,  -6,-968,-240;
  18,-257,-105, -35,  11,  -8, -16,-968,-239;
  18,-258, -98, -37,  10,  -9,  -8,-969,-232;
  17,-255,-104, -38,   9,  -7,  -6,-972,-235;
  20,-255, -99, -41,   9,  -8,  -7,-967,-238;
  16,-257,-102, -40,   7,  -7,  -4,-971,-235;
  16,-253,-103, -40,   9,  -7,  -2,-970,-242;
  16,-255,-103, -39,   9,  -9,  -6,-970,-237;
  18,-257, -99, -40,  10,  -8,  -2,-974,-245;
  15,-253,-104, -41,  10,  -7,  -4,-977,-239;
  18,-255, -99, -40,  11,  -7, -11,-975,-239;
  15,-254,-102, -42,  12,  -7,  -4,-976,-237;
  16,-254,-102, -43,  12,  -5,  -3,-976,-243;
  18,-254,-100, -45,  12,  -6, -12,-973,-237;
  20,-253,-103, -46,  11,  -4, -10,-972,-234;
  22,-259,-100, -47,  13,  -4,  -5,-977,-235;
  18,-255, -98, -45,  13,  -4,  -9,-980,-235;
  19,-255,-100, -45,  14,  -4, -10,-980,-234;
  20,-256,-101, -44,  15,  -2,  -4,-973,-235;
  18,-255,-101, -44,  15,  -4,  -6,-971,-234;
  19,-256,-101, -41,  15,  -5,  -4,-976,-229;
  21,-256, -98, -42,  15,  -5,  -7,-975,-237;
  18,-254,-101, -42,  15,  -4, -10,-969,-236;
  19,-257,-101, -40,  16,  -4,  -8,-971,-234;
  17,-256,-100, -42,  16,  -5,  -8,-970,-237;
  16,-255,-103, -42,  17,  -5,  -7,-970,-236;
  16,-256,-102, -42,  17,  -5,  -9,-977,-236;
  16,-254, -98, -43,  16,  -5, -11,-976,-244;
  18,-256, -99, -42,  15,  -6, -12,-973,-235;
  18,-255,-102, -42,  15,  -6, -15,-971,-236;
  15,-255,-102, -43,  15,  -6,  -6,-975,-234;
  16,-255,-100, -42,  13,  -6, -10,-979,-239;
  16,-256,-103, -44,  13,  -7, -14,-974,-237;
  15,-256,-100, -44,  14, -10, -17,-981,-238;
  17,-256,-102, -43,  13, -10,  -8,-973,-238;
  16,-255, -97, -41,  13,  -9, -16,-974,-237;
  18,-246,-101, -40,  13,  -8, -14,-969,-242;
  17,-256, -99, -38,  13,  -8, -13,-964,-238;
  16,-254,-101, -38,  13,  -9, -16,-967,-234;
  18,-256,-103, -40,  11,  -8, -16,-967,-236;
  17,-254,-102, -43,  12,  -9, -12,-969,-231;
  17,-256,-100, -45,  12,  -9, -10,-972,-235;
  19,-256,-102, -46,  12,  -8, -13,-969,-236;
  16,-257,-105, -46,  14,  -8, -13,-971,-236;
  15,-253,-102, -46,  14,  -9, -17,-971,-236;
  15,-255,-104, -45,  15,  -7,  -6,-970,-240;
  16,-255,-100, -46,  14,  -9,  -7,-973,-235;
  21,-250,-105, -44,  13,  -7, -13,-970,-236;
  17,-256,-102, -44,  15,  -8, -12,-971,-237;
  18,-255, -98, -43,  15,  -9, -10,-968,-241;
  15,-256,-102, -46,  15,  -6,  -7,-967,-241;
  19,-256,-100, -44,  15,  -7,  -9,-969,-235;
  15,-256,-100, -44,  15,  -9,  -7,-972,-239;
  18,-257,-100, -44,  14,  -6,   0,-970,-233;
  16,-257,-101, -43,  15,  -7,  -5,-969,-234;
  18,-255,-102, -44,  15,  -7,  -4,-973,-239;
  15,-258,-101, -44,  15,  -6,  -4,-972,-235;
  21,-257, -98, -47,  16,  -6,  -8,-974,-235;
  15,-256,-106, -47,  15,  -7,  -6,-973,-233;
  14,-255, -99, -47,  15,  -6,  -8,-970,-239;
  16,-254, -99, -46,  15,  -6,  -7,-971,-236;
  19,-256,-100, -48,  15,  -6,  -6,-968,-240;
  17,-256,-104, -48,  15,  -7, -11,-977,-236;
  16,-256,-103, -46,  13,  -5,  -8,-972,-236;
  18,-256,-101, -46,  12,  -6,  -7,-973,-239;
  14,-256, -97, -46,  11,  -8,  -8,-974,-236;
  18,-256, -97, -46,  11,  -8, -11,-971,-241;
  14,-256,-102, -45,  11,  -8,  -8,-975,-239;
  18,-255,-103, -45,  11,  -8,  -8,-973,-237;
  22,-251,-108, -47,  10,  -7,  -6,-968,-234;
  16,-255,-100, -48,  10,  -8,  -7,-969,-237;
  17,-257,-101, -48,   9,  -7, -16,-968,-238;
  17,-254,-102, -46,   8,  -7, -11,-974,-236;
  18,-255,-100, -46,   8,  -7, -14,-970,-236;
  19,-256, -99, -47,   7,  -7,  -4,-966,-234;
  14,-256,-100, -48,   9,  -5,  -9,-969,-236;
  17,-253,-103, -50,   8,  -7,  -9,-969,-238;
  17,-253,-104, -52,   8,  -7,  -8,-968,-235;
  14,-255,-105, -51,   9,  -7, -10,-969,-238;
  13,-253,-103, -51,  10,  -6, -11,-970,-240;
  18,-256,-100, -53,  12,  -7, -10,-973,-235;
  15,-255, -99, -53,  12,  -7, -13,-969,-238;
  15,-255,-101, -53,  12,  -8, -16,-969,-235;
  18,-254,-101, -52,  12,  -8, -12,-973,-233;
  20,-256,-102, -54,  13,  -8,  -9,-972,-234;
  16,-254,-100, -54,  14,  -8, -10,-973,-241;
  16,-256,-103, -55,  15,  -8,  -3,-977,-238;
  16,-255,-104, -54,  15,  -7,  -4,-972,-235;
  20,-257,-102, -52,  15,  -8, -15,-971,-237;
  18,-256,-104, -51,  16,  -7,  -9,-972,-240;
  18,-256,-103, -51,  16,  -7, -11,-970,-240;
  20,-256,-100, -51,  17,  -8,  -5,-968,-239;
  17,-255,-102, -51,  16,  -9,  -6,-965,-241;
  20,-253,-104, -51,  15,  -8,  -2,-968,-243;
  18,-254,-102, -51,  14,  -8,  -6,-971,-244;
  20,-253,-101, -52,  12,  -7,  -2,-964,-239;
  18,-254, -99, -54,  12,  -6,   0,-968,-237;
  21,-253,-106, -55,  12,  -7,  -4,-970,-237;
  20,-255,-103, -56,  14,  -7,  -2,-964,-244;
  19,-253,-102, -58,  15,  -7,  -1,-966,-245;
  21,-254,-100, -59,  16,  -8,  -5,-965,-236;
  23,-254, -99, -59,  17,  -8,  -1,-965,-240;
  20,-255,-101, -61,  17,  -9,  -7,-968,-246;
  17,-251,-102, -64,  19,  -8,  -2,-966,-240;
  18,-255,-102, -63,  19,  -9,  -1,-969,-236;
  19,-254,-100, -64,  18,  -9,  -1,-966,-241;
  19,-256,-104, -62,  17,  -9,  -1,-964,-244;
  20,-256,-101, -64,  17,  -9,  -7,-967,-237;
  20,-256,-102, -66,  17,  -9,  -2,-968,-247;
  17,-254,-104, -67,  17,  -8,  -6,-962,-241;
  20,-255,-103, -69,  18,  -8,  -3,-965,-252;
  18,-254,-102, -70,  18,  -8,  -7,-963,-246;
  20,-258,-102, -74,  21,  -7,  -4,-969,-244;
  19,-253,-103, -75,  24,  -6,  -7,-968,-251;
  18,-253,-105, -73,  25,  -6,   0,-977,-251;
  18,-255,-105, -72,  25,  -5,  -4,-972,-251;
  18,-254,-106, -75,  24,  -6,   1,-967,-250;
  19,-254,-103, -74,  22,  -6,  -7,-963,-256;
  19,-254,-108, -77,  22,  -6,   1,-962,-251;
  17,-253,-108, -78,  22,  -7,  -7,-961,-257;
  20,-254,-104, -82,  23,  -7,  -2,-959,-252;
  20,-253,-104, -85,  24,  -8,  -1,-962,-249;
  18,-251,-105, -89,  23,  -9,   0,-958,-255;
  21,-253,-113, -92,  22, -10,  -5,-953,-256;
  21,-254,-108, -94,  23, -11,  -4,-956,-259;
  20,-251,-108, -97,  25, -11,  -2,-950,-257;
  20,-251,-108, -99,  25, -12,   2,-955,-259;
  20,-251,-107,-102,  26, -11,  -3,-947,-260;
  21,-252,-106,-104,  26, -11,  -2,-945,-260;
  21,-249,-104,-108,  26, -12,   0,-945,-260;
  20,-249,-106,-113,  25, -15,  -5,-944,-265;
  22,-247,-105,-121,  25, -16,   1,-946,-265;
  19,-248,-105,-127,  23, -17,   0,-945,-264;
  22,-250,-106,-131,  21, -17,  -1,-941,-268;
  25,-245,-112,-136,  20, -17,   3,-936,-264;
  19,-247,-107,-138,  19, -21,   1,-935,-270;
  24,-245,-109,-140,  19, -22,  -2,-934,-270;
  17,-246,-110,-143,  20, -22,  -4,-932,-277;
  17,-248,-114,-150,  20, -23,  -5,-933,-273;
  17,-243,-114,-154,  21, -24,  -5,-924,-285;
  20,-246,-110,-161,  21, -24,  -6,-936,-279;
  18,-245,-111,-168,  21, -25,  -9,-932,-285;
  16,-244,-115,-174,  20, -23,  -8,-931,-289;
  16,-246,-118,-180,  18, -23, -10,-930,-289;
  19,-249,-117,-188,  18, -22, -13,-932,-290;
  21,-243,-118,-195,  15, -22,  -8,-930,-291;
  19,-246,-116,-200,  12, -21, -13,-930,-300;
  17,-244,-116,-206,   9, -18,  -8,-935,-301;
  18,-245,-115,-212,   4, -16, -18,-931,-292;
  13,-242,-117,-218,   1, -15, -14,-926,-301;
  14,-240,-117,-223,  -2, -12, -16,-927,-296;
  18,-244,-115,-230,  -5, -12, -16,-926,-302;
  11,-241,-118,-237,  -6, -10, -14,-930,-299;
  17,-241,-116,-244,  -6,  -9, -11,-928,-300;
  15,-241,-113,-249,  -7,  -7, -10,-926,-302;
  16,-244,-121,-257,  -7,  -5, -11,-924,-302;
  13,-242,-119,-263,  -9,  -3, -18,-920,-300;
  15,-241,-118,-268,  -8,  -1, -13,-924,-306;
  16,-240,-115,-274, -10,   1, -18,-916,-305;
  17,-240,-117,-279, -10,   1, -14,-919,-305;
  16,-240,-122,-287, -10,   3, -13,-917,-309;
  15,-241,-121,-295, -14,   5, -13,-916,-315;
  14,-242,-119,-303, -15,   5, -14,-916,-315;
  18,-244,-118,-312, -15,   6, -15,-911,-320;
  16,-241,-124,-319, -18,   8, -20,-919,-321;
  19,-241,-123,-327, -20,   8, -21,-917,-321;
  19,-240,-122,-334, -24,   7, -24,-908,-323;
  13,-237,-121,-343, -26,   9, -16,-909,-328;
  15,-238,-126,-352, -31,   9, -18,-898,-333;
  14,-233,-125,-362, -37,  10, -20,-894,-334;
  15,-233,-124,-372, -41,  10, -21,-892,-334;
  16,-235,-126,-382, -46,  11, -22,-886,-338;
  16,-233,-130,-393, -50,  11, -22,-887,-344;
  14,-229,-131,-403, -55,  12, -21,-884,-346;
  13,-231,-130,-413, -58,  13, -22,-879,-348;
  16,-231,-131,-425, -57,  14, -23,-874,-349;
  15,-229,-133,-436, -56,  13, -20,-880,-346;
  12,-230,-130,-448, -53,  15, -21,-875,-358;
  14,-231,-129,-461, -51,  16, -17,-874,-358;
  15,-226,-130,-473, -49,  18, -15,-874,-364;
  15,-230,-132,-486, -47,  19, -17,-866,-365;
  15,-231,-130,-499, -44,  21, -16,-863,-363;
  15,-228,-134,-517, -41,  24, -20,-867,-364;
  16,-231,-136,-530, -38,  24, -15,-867,-364;
  16,-230,-137,-545, -36,  26, -15,-873,-365;
  16,-230,-136,-558, -31,  26, -16,-871,-366;
  17,-229,-129,-568, -28,  28, -11,-871,-365;
  15,-233,-137,-577, -26,  29, -16,-873,-370;
  17,-232,-133,-584, -23,  29,  -7,-873,-368;
  15,-230,-131,-586, -23,  28, -13,-876,-372;
  15,-227,-135,-589, -26,  27,  -8,-875,-373;
  15,-231,-133,-593, -29,  24,  -8,-869,-375;
  16,-230,-136,-599, -35,  21,  -8,-872,-382;
  16,-231,-140,-606, -41,  18, -11,-875,-384;
  18,-229,-138,-612, -46,  17, -11,-869,-386;
  17,-232,-138,-620, -49,  14,  -7,-874,-389;
  21,-231,-142,-626, -52,  12,  -8,-872,-390;
  21,-234,-138,-634, -55,   9, -11,-879,-392;
  18,-230,-148,-639, -57,   9,  -6,-879,-405;
  16,-232,-143,-647, -59,   7,  -6,-877,-400;
  17,-227,-140,-653, -60,   4,  -2,-870,-399;
  18,-229,-141,-660, -60,   3,  -4,-869,-412;
  17,-228,-143,-672, -59,   2, -13,-865,-409;
  18,-226,-144,-680, -57,   0,  -6,-854,-410;
  18,-227,-143,-688, -58,  -2, -11,-850,-413;
  18,-226,-145,-700, -60,  -2, -11,-851,-419;
  18,-223,-147,-711, -62,  -1,  -9,-845,-421;
  17,-223,-144,-721, -63,  -2, -17,-841,-427;
  14,-224,-152,-735, -60,   1, -14,-844,-432;
  14,-228,-149,-749, -55,   3, -15,-845,-439;
  18,-224,-150,-761, -50,   7, -16,-855,-436;
  18,-223,-149,-769, -46,  10, -12,-850,-437;
  18,-222,-153,-777, -42,  13, -11,-843,-444;
  15,-223,-152,-781, -39,  16, -16,-844,-442;
  17,-223,-158,-786, -37,  19, -12,-848,-455;
  15,-219,-157,-788, -39,  22, -18,-844,-460;
  14,-223,-157,-790, -41,  23, -18,-840,-464;
  13,-221,-161,-791, -42,  24, -16,-844,-463;
  14,-222,-155,-794, -41,  27, -12,-841,-465;
  15,-227,-156,-797, -40,  28,  -9,-840,-461;
  14,-221,-159,-802, -33,  30, -13,-842,-466;
  14,-222,-162,-807, -27,  29, -15,-845,-472;
  14,-222,-156,-813, -21,  29, -16,-842,-472;
  16,-222,-158,-814, -16,  28, -16,-833,-476;
  15,-222,-159,-816, -15,  26, -22,-834,-474;
  14,-222,-163,-812, -17,  24, -26,-831,-484;
  13,-223,-164,-813, -24,  22, -23,-833,-485;
  15,-222,-161,-815, -30,  20, -20,-830,-492;
  15,-221,-161,-817, -35,  19, -19,-834,-499;
  14,-221,-169,-821, -38,  17, -24,-830,-500;
  14,-220,-166,-825, -36,  18, -20,-835,-501;
  11,-221,-167,-828, -33,  18, -23,-830,-501;
  16,-221,-171,-829, -27,  21, -22,-841,-506;
  13,-223,-171,-833, -23,  23, -19,-841,-507;
  14,-222,-170,-836, -19,  26, -22,-837,-511;
  12,-226,-170,-838, -17,  31, -15,-842,-514;
  13,-224,-170,-840, -14,  35, -19,-849,-521;
  12,-223,-172,-842, -13,  38, -18,-846,-518;
  15,-224,-171,-844, -11,  42, -22,-848,-530;
  15,-223,-174,-845,  -9,  44, -23,-848,-536;
  15,-223,-172,-845,  -5,  48, -26,-845,-541;
  15,-226,-177,-845,  -3,  50, -29,-847,-544;
  12,-226,-177,-847,  -2,  55, -22,-848,-549;
  16,-224,-174,-847,  -5,  55, -30,-847,-554;
  10,-225,-179,-847,  -9,  59, -30,-848,-558;
  12,-222,-175,-841, -14,  60, -37,-837,-561;
  10,-222,-183,-835, -22,  60, -39,-840,-565;
   8,-223,-184,-827, -26,  60, -45,-846,-574;
   7,-225,-184,-821, -29,  59, -47,-849,-580;
   7,-227,-184,-815, -33,  61, -54,-852,-576;
   4,-227,-181,-805, -34,  63, -58,-859,-587;
   3,-225,-189,-796, -35,  66, -61,-855,-582;
   6,-229,-189,-786, -35,  69, -61,-862,-584;
   6,-227,-186,-778, -37,  72, -57,-856,-582;
   4,-224,-191,-769, -36,  75, -52,-848,-588;
   6,-223,-190,-764, -36,  78, -45,-844,-599;
   7,-219,-189,-757, -35,  76, -45,-834,-598;
   8,-219,-187,-752, -32,  77, -46,-829,-592;
  10,-218,-191,-750, -28,  77, -40,-818,-606;
  10,-217,-190,-751, -24,  76, -36,-813,-604;
   9,-216,-191,-751, -24,  73, -39,-805,-606;
  14,-219,-192,-749, -24,  70, -35,-804,-615;
  10,-214,-194,-741, -27,  66, -39,-804,-616;
   7,-216,-201,-735, -31,  64, -36,-804,-624;
  11,-217,-193,-729, -34,  60, -37,-800,-625;
  11,-216,-200,-720, -35,  59, -44,-806,-631;
   5,-208,-193,-710, -35,  57, -38,-804,-636;
   9,-212,-195,-699, -37,  54, -40,-804,-634;
  11,-213,-199,-689, -37,  56, -38,-798,-637;
  10,-208,-198,-683, -34,  58, -39,-795,-642;
   5,-206,-198,-681, -31,  61, -40,-790,-643;
  10,-204,-201,-678, -22,  64, -39,-781,-650;
   9,-204,-202,-678, -15,  65, -38,-773,-652;
  10,-205,-209,-680,  -1,  67, -37,-766,-661;
   8,-201,-207,-680,  10,  69, -37,-760,-664;
  16,-200,-214,-682,  20,  71, -34,-757,-672;
  10,-200,-210,-681,  31,  75, -41,-757,-677;
  11,-201,-209,-683,  39,  75, -35,-754,-682;
   9,-198,-210,-685,  47,  75, -40,-757,-684;
  10,-201,-210,-686,  56,  76, -36,-757,-680;
   8,-199,-208,-686,  64,  75, -38,-762,-683;
   8,-204,-212,-684,  70,  74, -31,-769,-691;
  13,-206,-207,-682,  73,  71, -35,-763,-685;
  12,-208,-213,-676,  75,  71, -33,-772,-693;
  10,-204,-211,-672,  75,  72, -35,-769,-694;
  13,-206,-214,-671,  72,  72, -34,-771,-694;
  10,-204,-217,-668,  67,  74, -33,-767,-703;
  10,-201,-215,-659,  61,  76, -35,-757,-709;
   8,-198,-219,-649,  55,  77, -32,-752,-710;
  10,-197,-221,-638,  51,  78, -40,-741,-715;
   9,-195,-220,-628,  47,  78, -37,-731,-715;
   8,-194,-220,-623,  47,  78, -41,-730,-727;
   5,-191,-222,-619,  46,  80, -46,-721,-730;
   5,-192,-222,-619,  44,  78, -41,-717,-736;
   6,-189,-223,-620,  41,  78, -45,-711,-730;
   8,-187,-223,-625,  37,  78, -41,-703,-732;
   8,-186,-220,-626,  34,  80, -43,-698,-733;
   7,-188,-223,-626,  30,  81, -46,-694,-728;
   4,-185,-221,-624,  26,  81, -52,-683,-728;
   4,-184,-219,-622,  22,  82, -50,-679,-727;
   4,-183,-226,-621,  18,  80, -51,-681,-730;
   3,-181,-220,-618,  16,  78, -59,-667,-731;
   5,-179,-226,-617,  16,  80, -59,-662,-736;
   3,-177,-222,-616,  19,  77, -52,-659,-733;
   2,-177,-225,-618,  20,  76, -57,-650,-733;
   2,-171,-219,-620,  19,  79, -61,-645,-733;
   1,-171,-222,-622,  19,  83, -58,-639,-737;
   7,-173,-220,-622,  15,  87, -60,-634,-746;
   3,-168,-227,-622,  13,  91, -60,-629,-743;
   3,-169,-226,-620,  14,  94, -51,-634,-748;
   4,-168,-227,-621,  15,  97, -53,-627,-750;
   1,-166,-227,-624,  20, 101, -55,-617,-755;
   3,-164,-232,-628,  26, 106, -54,-615,-759;
   6,-164,-232,-640,  32, 105, -47,-614,-765;
   9,-166,-231,-650,  38, 101, -39,-617,-766;
   5,-168,-236,-661,  43,  93, -45,-613,-776;
   6,-168,-235,-666,  49,  91, -53,-624,-781;
   7,-172,-236,-668,  51,  91, -46,-634,-776;
   5,-169,-237,-667,  50,  87, -46,-632,-779;
   4,-171,-232,-665,  48,  84, -46,-640,-786;
   8,-170,-238,-662,  46,  75, -49,-638,-788;
   4,-173,-239,-657,  49,  75, -50,-633,-790;
   5,-171,-240,-649,  55,  75, -50,-633,-796;
   8,-172,-239,-644,  59,  74, -45,-631,-795;
  10,-170,-238,-637,  63,  69, -31,-635,-795;
   6,-168,-240,-631,  61,  58, -60,-621,-809;
   2,-167,-247,-629,  61,  60, -63,-620,-812;
   5,-167,-243,-627,  59,  64, -66,-614,-811;
   6,-165,-245,-625,  54,  63, -46,-617,-811;
   1,-163,-245,-623,  49,  51, -77,-611,-813;
  -4,-164,-248,-627,  51,  55, -78,-619,-809;
   1,-167,-241,-633,  51,  58, -67,-610,-809;
   5,-166,-244,-640,  52,  64, -58,-609,-813;
   7,-164,-245,-644,  49,  58, -38,-616,-811;
   0,-167,-242,-648,  47,  49, -79,-605,-814;
   1,-163,-244,-646,  49,  64, -59,-606,-816;
   4,-165,-246,-642,  46,  74, -53,-617,-819;
   6,-168,-245,-640,  42,  77, -49,-620,-824;
  11,-168,-243,-635,  41,  77, -34,-613,-823;
  11,-165,-244,-620,  39,  64, -34,-615,-825;
  -1,-166,-251,-611,  45,  61, -80,-599,-834;
   2,-163,-245,-608,  58,  80, -61,-593,-832;
   6,-159,-253,-609,  63,  86, -50,-588,-841;
   5,-153,-251,-613,  70,  82, -56,-573,-844;
  15,-156,-245,-618,  76,  74, -14,-575,-827;
  -1,-146,-250,-615,  73,  49, -91,-540,-843;
   1,-148,-252,-615,  90,  68, -78,-534,-841;
   2,-146,-251,-619,  95,  75, -63,-536,-841;
   2,-144,-248,-632,  95,  68, -58,-531,-840;
  16,-144,-248,-640,  98,  63, -10,-529,-843;
  -5,-138,-251,-637,  90,  35,-100,-505,-846;
   1,-140,-251,-642, 106,  52, -73,-513,-846;
   1,-141,-261,-652, 108,  62, -65,-516,-854;
   4,-141,-254,-660,  99,  59, -60,-518,-856;
   7,-143,-253,-664,  92,  55, -46,-524,-856;
   7,-143,-255,-653,  78,  31, -67,-523,-870;
  -5,-142,-263,-640,  75,  30, -86,-517,-888;
   6,-141,-263,-637,  79,  50, -56,-524,-888;
   3,-142,-262,-643,  75,  49, -51,-522,-894;
   6,-140,-262,-650,  72,  46, -42,-520,-904;
   6,-139,-263,-648,  75,  47, -38,-516,-901;
  24,-143,-256,-633,  78,  23, -34,-516,-904;
  -7,-132,-265,-615,  80,  15, -92,-500,-920;
   4,-144,-283,-608,  92,  51, -41,-519,-916;
   5,-139,-268,-609,  92,  58, -46,-516,-917;
   8,-138,-267,-606,  91,  58, -42,-514,-918;
   9,-143,-268,-596,  94,  59, -45,-520,-921;
  51,-154,-260,-586,  98,  56,  41,-541,-884;
  -3,-137,-262,-563,  71,  15,-117,-498,-923;
   3,-139,-259,-550,  92,  45, -74,-520,-931;
  -1,-144,-265,-557,  97,  59, -61,-521,-929;
   5,-143,-268,-567,  93,  58, -61,-525,-914;
  11,-145,-260,-569,  88,  53, -51,-531,-904;
  -4,-142,-274,-551,  78,  22, -37,-533,-908;
 -18,-137,-278,-525,  75,  13,-122,-502,-918;
   3,-141,-271,-517,  83,  47, -73,-513,-919;
   6,-135,-265,-521,  76,  58, -58,-503,-920;
   5,-137,-261,-519,  71,  59, -53,-499,-913;
  13,-135,-260,-503,  78,  38, 115,-525,-889;
 -11,-125,-274,-475,  71,   7,-127,-466,-926;
   1,-130,-279,-466,  92,  47, -69,-465,-937;
   3,-126,-277,-477,  90,  61, -55,-460,-941;
  24,-131,-268,-484,  87,  59, -23,-469,-917;
  -9,-123,-274,-470,  66,  13,-104,-429,-929;
 -15,-118,-272,-455,  80,  24,-113,-434,-938;
   0,-122,-268,-462,  91,  54, -87,-450,-937;
   1,-126,-267,-478,  86,  64, -82,-458,-928;
   1,-129,-264,-489,  78,  64, -75,-455,-922;
   0,-124,-269,-485,  70,  62, -69,-466,-921;
   0,-128,-270,-471,  65,  60, -72,-462,-923;
  47,-138,-238,-454,  68,  52, 160,-518,-882;
 -15,-120,-256,-419,  39,  -9,-177,-429,-951;
  -1,-125,-271,-408,  70,  42, -79,-451,-953;
  -2,-123,-285,-429,  71,  59, -72,-451,-943;
   0,-122,-283,-444,  64,  57, -64,-446,-937;
   3,-123,-277,-446,  59,  53, -65,-440,-940;
   2,-122,-273,-438,  60,  50, -61,-436,-945;
   2,-118,-274,-431,  58,  46, -64,-432,-950;
   4,-117,-274,-427,  60,  45, -61,-423,-953;
   4,-117,-277,-424,  60,  44, -60,-423,-957;
   5,-114,-278,-423,  60,  45, -51,-418,-956;
  64,-130,-259,-420,  60,  42, 178,-467,-894;
  -2,-113,-262,-401,  29,  -1,-150,-378,-973;
  15,-116,-266,-406,  60,  51, -50,-415,-972;
   8,-115,-277,-430,  66,  63, -36,-422,-959;
   6,-115,-286,-446,  67,  65, -32,-422,-954;
  11,-121,-274,-448,  65,  65, -33,-428,-956;
   9,-119,-278,-441,  62,  68, -33,-427,-957;
  14,-118,-280,-432,  62,  68, -31,-427,-963;
   9,-116,-278,-425,  63,  66, -33,-422,-960;
  12,-113,-272,-418,  64,  63, -36,-413,-952;
  10,-112,-277,-404,  62,  60, -34,-408,-950;
  10,-113,-272,-394,  61,  57, -33,-410,-949;
  10,-113,-272,-381,  58,  56, -33,-400,-948;
  12,-110,-278,-371,  58,  57, -36,-392,-948;
  70,-130,-254,-360,  60,  54,  89,-410,-884;
 -15, -95,-265,-330,  11, -13,-149,-348,-974;
  17,-107,-262,-317,  45,  47, -50,-378,-970;
   9,-107,-267,-342,  55,  69, -58,-380,-952;
   6,-100,-273,-362,  54,  68, -45,-358,-946;
   2,-101,-284,-367,  49,  73, -49,-356,-950;
   5,-100,-277,-363,  44,  81, -57,-355,-949;
   1, -96,-275,-359,  37,  85, -60,-346,-950;
   1, -93,-276,-360,  31,  87, -61,-344,-948;
   4, -93,-276,-365,  23,  88, -64,-339,-943;
  60,-116,-271,-370,  17,  89, 125,-385,-901;
 -34, -80,-283,-353, -38,  11,-192,-296,-950;
   3, -92,-268,-345, -10,  66, -94,-333,-963;
   7, -96,-246,-378,   6, 108, -74,-339,-947;
   2, -96,-265,-404,  15, 107, -85,-341,-943;
   4, -93,-276,-411,  14, 100, -53,-340,-942;
   4, -94,-282,-406,  12, 108, -52,-340,-952;
   5, -98,-283,-400,  15, 114, -44,-346,-957;
  42,-108,-271,-408,  22, 115,  48,-354,-927;
 -40, -74,-292,-392, -23,  24,-195,-285,-972;
  10, -95,-276,-390,  13,  91, -63,-340,-991;
   7, -97,-269,-431,  30, 143, -57,-341,-969;
  11, -94,-271,-466,  38, 154, -52,-339,-957;
  11, -99,-284,-476,  42, 156, -33,-346,-964;
 129,-115,-250,-476,  54, 169, 339,-449,-920;
   1, -98,-263,-475,  25, 138,-104,-336,-971;
  -6, -84,-271,-489,  95, 225, -88,-307,-986;
 -42, -72,-284,-513, 112, 247,-210,-242,-999;
 -13, -85,-291,-474,  89, 184,-137,-287,-1012;
  -7, -95,-298,-432,  41, 135, -95,-329,-1014;
   0, -95,-293,-401,  16,  87, -74,-334,-1009;
   1, -87,-287,-370,  14,  55, -66,-322,-997;
   1, -85,-287,-339,  20,  37, -68,-302,-992;
   3, -85,-282,-315,  26,  34, -64,-295,-995;
   1, -84,-288,-301,  28,  37, -66,-288,-999;
  -1, -80,-288,-302,  29,  42, -64,-294,-991;
   1, -80,-290,-312,  31,  47, -59,-288,-992;
   4, -80,-285,-325,  33,  47, -59,-295,-986;
   3, -81,-283,-333,  31,  47, -59,-283,-981;
   1, -82,-286,-337,  27,  49, -64,-285,-981;
   0, -85,-280,-343,  23,  44, -78,-296,-966;
 -36, -99,-274,-352,  11,  28,-226,-352,-956;
  23,-106,-173,-431, -54,-130, -12,-369,-703;
 169,   1,-276,-541,-320,-270, 469,  54,-1005;
  35, -43,-314,-473,-212, -39,  -6,-119,-1173;
  -2, -80,-289,-378,  32,  42, -99,-282,-1062;
   0,-106,-282,-356,  79,  45, -77,-342,-987;
   5, -95,-293,-341,  44,  39, -45,-345,-993;
   7, -89,-290,-303,  49,  25, -34,-297,-977;
   6, -77,-288,-239,  65,  22, -40,-264,-985;
   4, -72,-285,-206,  61,  28, -42,-261,-991;
   7, -72,-289,-214,  59,  34, -50,-249,-1000;
   8, -73,-289,-238,  64,  38, -50,-258,-1001;
   5, -77,-288,-252,  71,  42, -56,-261,-994;
   7, -81,-287,-245,  66,  44, -53,-260,-991;
   4, -77,-293,-229,  54,  48, -51,-269,-989;
   7, -77,-285,-219,  45,  58, -54,-257,-990;
   4, -75,-287,-211,  41,  57, -59,-250,-989;
   4, -74,-285,-205,  35,  57, -55,-249,-993;
   5, -74,-284,-202,  32,  54, -51,-251,-980;
   4, -73,-284,-203,  27,  52, -49,-253,-979;
   5, -73,-281,-198,  25,  49, -49,-250,-975;
   4, -73,-278,-191,  25,  49, -51,-251,-977;
   3, -72,-281,-175,  25,  48, -48,-254,-980;
   4, -73,-286,-149,  26,  48, -56,-256,-978;
   1, -80,-291,-112,  25,  48, -56,-267,-988;
   1, -80,-291, -68,  24,  46, -60,-269,-1010;
   0, -86,-296, -20,  20,  41, -67,-279,-1026;
   0, -84,-297,  24,  15,  32, -74,-286,-1030;
  -2, -81,-300,  61,   7,  22, -75,-287,-1041;
   0, -82,-294,  86,  -3,  12, -77,-282,-1036;
   0, -79,-294, 107, -15,   2, -74,-281,-1030;
   1, -81,-296, 117, -26,  -4, -82,-278,-1024;
   0, -76,-291, 116, -35,  -9, -75,-273,-1013;
   0, -80,-292, 108, -46, -13, -75,-273,-1006;
   1, -77,-285,  99, -51, -18, -78,-270,-999;
   1, -75,-287,  86, -56, -21, -80,-272,-993;
   0, -82,-280,  78, -56, -21, -73,-266,-984;
   3, -72,-287,  74, -53, -22, -76,-270,-980;
   0, -77,-280,  74, -49, -21, -74,-263,-980;
   0, -77,-285,  77, -45, -17, -69,-267,-974;
   1, -77,-280,  78, -42, -13, -71,-268,-974;
   2, -79,-281,  79, -39,  -9, -73,-262,-978;
   1, -78,-282,  79, -36,  -3, -71,-271,-978;
   3, -79,-284,  79, -34,   2, -72,-271,-975;
   0, -78,-283,  81, -28,   7, -74,-270,-977;
   1, -79,-282,  82, -23,  11, -71,-273,-976;
   0, -78,-278,  84, -18,  15, -72,-275,-985;
   0, -77,-285,  83, -13,  16, -73,-276,-987;
   6, -78,-285,  82, -10,  20, -74,-273,-985;
   0, -78,-286,  78,  -8,  20, -70,-275,-989;
   2, -79,-285,  75,  -8,  21, -68,-274,-985;
   0, -76,-282,  68, -10,  19, -75,-276,-985;
   0, -78,-287,  59,  -8,  17, -79,-276,-981;
  -2, -76,-282,  53,  -7,  15, -75,-275,-981;
   0, -78,-284,  47,  -5,  13, -77,-279,-980;
   0, -75,-281,  42,  -1,  10, -75,-275,-973;
  -1, -76,-278,  37,   3,   8, -78,-274,-964;
   1, -79,-280,  33,   7,   5, -72,-271,-962;
  -2, -80,-284,  31,  12,   4, -77,-269,-956;
   1, -78,-278,  25,  15,   1, -74,-268,-959;
   1, -74,-274,  18,  15,   0, -79,-262,-958;
  -1, -73,-275,   9,  18,   0, -77,-276,-964;
  -2, -76,-277,   2,  19,   1, -73,-264,-963;
   2, -74,-278,  -7,  21,   2, -75,-261,-958;
   1, -75,-276, -18,  24,   4, -71,-263,-961;
   0, -74,-276, -26,  25,   5, -71,-262,-964;
   1, -74,-273, -33,  26,   7, -70,-268,-966;
   1, -75,-280, -37,  28,   9, -71,-273,-967;
   4, -80,-278, -39,  25,  11, -79,-275,-969;
   0, -80,-278, -37,  22,  13, -70,-282,-965;
   5, -80,-275, -31,  18,  16, -71,-275,-970;
   0, -77,-279, -23,  15,  18, -65,-270,-969;
   1, -78,-284, -15,  14,  21, -67,-270,-975;
   3, -79,-284, -11,  13,  24, -65,-264,-975;
   2, -73,-284, -10,  12,  25, -63,-262,-976;
   4, -74,-282, -17,  14,  29, -65,-259,-971;
   2, -73,-282, -28,  16,  29, -60,-258,-970;
   4, -74,-278, -42,  19,  31, -57,-252,-959;
   3, -73,-276, -57,  21,  33, -56,-260,-960;
   4, -75,-277, -70,  24,  34, -60,-263,-952;
   3, -76,-276, -81,  26,  35, -56,-261,-954;
   4, -76,-276, -86,  26,  35, -57,-265,-961;
   2, -80,-277, -91,  22,  37, -59,-271,-957;
   5, -78,-277, -92,  19,  39, -56,-274,-963;
   5, -77,-276, -91,  13,  41, -56,-277,-959;
   5, -80,-281, -93,   8,  42, -57,-275,-965;
   5, -77,-281, -92,   3,  45, -57,-277,-973;
   6, -78,-278, -95,   1,  47, -59,-275,-972;
   5, -78,-286, -98,   3,  48, -48,-271,-977;
   5, -79,-281,-104,   6,  48, -55,-266,-978;
   5, -80,-284,-109,   9,  48, -57,-274,-979;
   5, -83,-281,-114,  14,  48, -55,-270,-977;
   3, -78,-282,-118,  18,  49, -56,-269,-983;
   5, -79,-282,-121,  20,  47, -57,-273,-978;
   2, -79,-285,-124,  23,  46, -58,-272,-984;
   1, -77,-283,-127,  22,  45, -64,-282,-974;
   3, -79,-284,-126,  24,  44, -59,-274,-981;
   2, -83,-287,-122,  23,  45, -57,-278,-984;
   3, -77,-283,-116,  25,  44, -56,-279,-986;
   2, -77,-287,-111,  26,  43, -64,-272,-985;
   4, -74,-287,-105,  26,  45, -64,-274,-986;
   1, -77,-284,-101,  27,  45, -67,-271,-988;
   2, -77,-288, -97,  27,  45, -69,-262,-984;
   0, -76,-283, -94,  26,  45, -67,-261,-986;
   1, -76,-288, -91,  26,  44, -76,-261,-986;
   1, -75,-284, -90,  27,  42, -73,-260,-977;
   0, -75,-286, -90,  25,  40, -77,-259,-984;
   0, -77,-286, -89,  24,  38, -90,-259,-984;
   0, -73,-282, -90,  24,  34, -83,-257,-981;
   0, -75,-285, -92,  25,  33, -85,-257,-978;
   0, -77,-284, -94,  25,  31, -79,-256,-979;
   0, -74,-281, -95,  26,  30, -85,-260,-980;
   0, -78,-276, -97,  27,  27, -89,-262,-980;
   1, -76,-280, -98,  26,  27, -80,-260,-979;
  -1, -74,-282, -99,  25,  26, -80,-256,-981;
   1, -75,-286, -98,  22,  26, -79,-255,-983;
   0, -74,-285, -99,  20,  26, -82,-260,-982;
   0, -73,-286, -98,  15,  23, -80,-253,-977;
  -2, -73,-282,-100,  14,  21, -82,-259,-981;
  -1, -73,-285, -99,  14,  18, -84,-257,-981;
  -1, -73,-288,-101,  14,  14, -79,-253,-978;
   3, -76,-282,-101,  15,  12, -68,-252,-976;
   0, -73,-279, -98,  15,   9, -70,-250,-976;
   1, -78,-289, -96,  15,   8, -63,-252,-973;
   5, -75,-283, -93,  16,   6, -59,-253,-973;
   4, -72,-287, -94,  17,   5, -60,-249,-976;
   4, -69,-284, -92,  16,   4, -52,-249,-976;
   6, -70,-283, -92,  17,   5, -55,-238,-974;
   5, -69,-284, -91,  16,   8, -50,-237,-977;
   7, -69,-286, -90,  16,   8, -56,-238,-976;
   4, -67,-279, -92,  15,   9, -54,-240,-976;
   3, -70,-287, -91,  14,  10, -61,-236,-981;
   1, -70,-285, -92,  13,  12, -65,-236,-974;
   5, -65,-279, -94,  12,  12, -64,-237,-975;
   1, -67,-284, -98,  11,  13, -67,-237,-975;
   3, -67,-284,-100,   9,  11, -65,-238,-974;
   1, -71,-286,-100,  10,  10, -62,-234,-977;
   1, -69,-285,-101,   9,  10, -66,-235,-973;
   1, -68,-284,-103,   9,   8, -68,-240,-976;
   0, -70,-282,-105,   9,   8, -65,-236,-975;
   0, -69,-285,-108,  10,   6, -73,-236,-975;
   0, -68,-284,-110,   8,   6, -65,-246,-977;
   0, -69,-284,-110,   9,   4, -70,-246,-972;
   0, -67,-281,-108,   8,   5, -69,-242,-977;
   0, -71,-282,-108,   8,   5, -70,-239,-974;
   2, -71,-284,-107,  10,   3, -71,-237,-976;
   1, -73,-285,-104,  11,   4, -76,-243,-981;
   0, -73,-286,-104,  11,   5, -72,-243,-985;
   0, -70,-282,-105,  12,   4, -70,-240,-985;
   0, -70,-286,-105,  14,   3, -71,-242,-982;
   0, -68,-286,-108,  16,   4, -75,-239,-987;
   0, -68,-283,-108,  19,   2, -71,-236,-985;
   0, -68,-285,-112,  21,   1, -70,-232,-986;
   0, -68,-288,-114,  24,   0, -72,-232,-986;
   2, -69,-287,-117,  28,   0, -72,-228,-986;
   0, -66,-287,-120,  29,   0, -74,-230,-980;
   0, -68,-287,-118,  30,  -3, -77,-228,-982;
   1, -70,-283,-114,  29,  -3, -73,-231,-980;
   1, -66,-285,-109,  27,  -6, -71,-232,-980;
   1, -71,-282,-107,  24,  -6, -72,-234,-976;
   0, -67,-288,-104,  21,  -6, -73,-232,-986;
   1, -64,-284,-103,  20,  -7, -73,-225,-980;
   1, -70,-282,-102,  19,  -7, -71,-235,-984;
   1, -70,-283,-102,  18,  -6, -75,-237,-981;
   1, -70,-281,-102,  18,  -6, -70,-236,-981;
   1, -67,-285,-102,  17,  -7, -73,-235,-983;
   0, -68,-278,-102,  19,  -8, -78,-233,-977;
   3, -71,-285,-105,  19, -11, -70,-229,-983;
  -1, -70,-286,-107,  20, -12, -72,-228,-982;
   0, -66,-284,-110,  21, -17, -76,-225,-977;
   0, -68,-281,-111,  21, -18, -73,-223,-979;
   0, -65,-285,-113,  20, -19, -72,-227,-974;
   0, -66,-279,-113,  22, -20, -78,-225,-981;
   2, -65,-281,-110,  23, -21, -75,-226,-977;
   1, -66,-284,-109,  22, -21, -74,-222,-980;
   4, -70,-281,-105,  22, -22, -73,-227,-979;
   1, -69,-283,-105,  23, -21, -72,-222,-981;
   3, -65,-283,-104,  23, -21, -64,-224,-982;
   0, -64,-283,-105,  26, -23, -68,-223,-986;
   4, -69,-286,-106,  27, -23, -70,-219,-983;
   1, -65,-283,-109,  29, -23, -70,-219,-980;
   2, -66,-287,-112,  28, -23, -73,-219,-978;
   0, -64,-285,-115,  29, -24, -72,-226,-982;
   0, -64,-284,-116,  28, -26, -74,-225,-981;
   0, -65,-287,-118,  27, -26, -74,-225,-985;
   1, -65,-285,-118,  26, -27, -78,-226,-982;
  -2, -66,-287,-117,  23, -28, -83,-229,-985;
   0, -69,-288,-115,  22, -30, -77,-226,-982;
   0, -67,-284,-113,  22, -31, -83,-230,-988;
   0, -64,-281,-110,  24, -32, -79,-228,-989;
   0, -65,-284,-110,  23, -32, -80,-229,-987;
  -1, -66,-288,-109,  23, -33, -77,-231,-991;
   1, -68,-284,-110,  24, -33, -72,-230,-994;
   0, -67,-287,-108,  25, -32, -71,-233,-993;
   1, -65,-288,-104,  24, -31, -66,-226,-994;
   0, -66,-285,-105,  24, -32, -71,-229,-987;
   2, -66,-284,-104,  26, -33, -67,-226,-994;
   1, -67,-288,-104,  25, -35, -66,-224,-989;
   4, -65,-285,-105,  25, -35, -66,-221,-988;
   2, -65,-286,-105,  26, -35, -67,-222,-989;
   7, -65,-284,-106,  26, -37, -64,-221,-987;
   0, -64,-285,-105,  25, -40, -63,-222,-988;
   1, -66,-287,-104,  26, -41, -66,-224,-986;
   1, -67,-285,-102,  24, -43, -69,-229,-988;
   3, -68,-285, -99,  23, -43, -64,-232,-990;
   5, -67,-284, -92,  23, -42, -64,-234,-986;
   1, -67,-286, -88,  23, -43, -63,-231,-989;
   2, -69,-284, -81,  24, -42, -63,-231,-989;
   2, -67,-293, -77,  26, -42, -62,-224,-994;
   1, -66,-287, -77,  27, -42, -64,-224,-992;
   3, -67,-286, -79,  30, -44, -62,-227,-994;
   3, -60,-281, -88,  32, -44, -65,-228,-992;
   2, -66,-285, -93,  34, -44, -64,-229,-990;
   3, -67,-284, -96,  34, -44, -66,-230,-988;
   0, -65,-287, -98,  34, -44, -68,-229,-985;
   2, -70,-288, -94,  34, -46, -69,-234,-988;
   2, -67,-286, -90,  32, -48, -69,-231,-987;
   2, -67,-286, -86,  31, -48, -72,-231,-987;
   1, -66,-286, -79,  27, -50, -72,-229,-990;
   2, -67,-288, -72,  25, -50, -69,-227,-991;
   0, -66,-289, -66,  23, -51, -75,-226,-989;
  -1, -65,-289, -59,  20, -51, -65,-222,-989;
   2, -64,-288, -55,  17, -50, -70,-226,-993;
   0, -65,-285, -51,  17, -50, -66,-223,-994;
   1, -65,-287, -53,  18, -48, -67,-221,-990;
   1, -64,-288, -55,  19, -48, -69,-220,-991;
   1, -66,-286, -56,  19, -48, -65,-220,-995;
   3, -66,-287, -59,  22, -48, -66,-222,-985;
   0, -64,-285, -60,  22, -48, -62,-219,-982;
   2, -64,-287, -63,  23, -50, -59,-222,-977;
   4, -67,-280, -64,  23, -50, -66,-221,-985;
   2, -67,-284, -66,  25, -52, -63,-223,-980;
   2, -68,-284, -65,  26, -53, -62,-222,-987;
   1, -69,-288, -63,  26, -51, -56,-227,-988;
   3, -66,-283, -61,  27, -51, -62,-224,-989;
   7, -66,-286, -62,  28, -49, -58,-225,-990;
   4, -66,-289, -62,  28, -47, -60,-226,-993;
   4, -66,-286, -62,  29, -47, -58,-224,-993;
   3, -65,-289, -62,  29, -48, -56,-222,-994;
   2, -64,-290, -63,  28, -48, -56,-225,-993;
   7, -68,-284, -64,  26, -47, -53,-227,-992;
   6, -64,-285, -60,  25, -48, -56,-224,-995;
   4, -64,-289, -60,  24, -48, -53,-219,-989;
   3, -67,-285, -60,  27, -48, -56,-219,-989;
   8, -62,-282, -59,  28, -48, -60,-220,-985;
   2, -65,-284, -60,  29, -49, -61,-216,-981;
   1, -63,-282, -62,  32, -50, -61,-218,-980;
   3, -63,-286, -61,  32, -49, -59,-217,-984;
   3, -63,-285, -60,  33, -48, -64,-222,-983;
   1, -65,-288, -61,  34, -46, -61,-215,-983;
   2, -61,-282, -61,  34, -44, -61,-219,-984;
   1, -64,-285, -61,  33, -44, -61,-217,-988;
   4, -64,-283, -60,  33, -44, -60,-215,-987;
   2, -63,-289, -59,  30, -44, -65,-216,-984;
   4, -63,-286, -60,  30, -44, -63,-218,-986;
   8, -68,-289, -61,  28, -45, -61,-214,-985;
   3, -64,-287, -62,  27, -45, -64,-214,-992;
   3, -64,-287, -62,  26, -47, -60,-216,-990;
   1, -65,-285, -64,  25, -48, -62,-220,-993;
   3, -64,-288, -63,  23, -48, -66,-219,-989;
   3, -64,-285, -65,  22, -49, -62,-216,-988;
   3, -64,-288, -63,  21, -48, -58,-215,-987;
   3, -65,-290, -64,  22, -49, -57,-216,-986;
   3, -65,-290, -66,  22, -50, -57,-221,-991;
   5, -62,-287, -67,  25, -49, -55,-221,-992;
   5, -66,-288, -66,  28, -48, -53,-216,-989;
   8, -61,-285, -67,  29, -47, -52,-216,-993;
   3, -64,-287, -68,  32, -47, -50,-209,-993;
  13, -62,-284, -67,  33, -47, -52,-215,-986;
   4, -64,-289, -70,  34, -46, -50,-213,-987;
   5, -64,-286, -70,  36, -46, -47,-214,-985;
   6, -65,-284, -68,  35, -46, -49,-219,-986;
   8, -65,-289, -65,  34, -46, -48,-217,-987;
   5, -61,-284, -62,  32, -45, -48,-216,-987;
   6, -65,-284, -59,  31, -43, -51,-221,-984;
   7, -66,-288, -57,  29, -46, -51,-219,-990;
   5, -66,-289, -56,  26, -46, -47,-216,-994;
   6, -64,-288, -55,  26, -46, -47,-213,-988;
   5, -64,-286, -59,  25, -48, -49,-211,-994;
   5, -62,-287, -61,  26, -47, -50,-210,-991;
   6, -64,-286, -66,  25, -48, -52,-212,-992;
   8, -65,-282, -70,  27, -49, -52,-213,-993;
   5, -62,-286, -72,  27, -49, -52,-211,-989;
   3, -64,-285, -75,  29, -48, -51,-217,-987;
   7, -62,-286, -76,  30, -48, -52,-213,-987;
   6, -63,-283, -76,  31, -47, -52,-213,-985;
   6, -65,-284, -72,  32, -46, -50,-214,-992;
   6, -64,-289, -69,  33, -46, -57,-213,-989;
   6, -67,-286, -66,  33, -44, -54,-211,-986;
   4, -62,-284, -63,  33, -43, -54,-213,-987;
   5, -65,-286, -61,  35, -44, -53,-208,-993;
   5, -63,-287, -60,  35, -44, -49,-212,-989;
   6, -62,-288, -56,  34, -43, -50,-210,-992;
   9, -63,-286, -54,  34, -45, -49,-216,-990;
   4, -64,-291, -53,  33, -46, -46,-212,-991;
   6, -63,-287, -52,  32, -47, -47,-210,-993;
   6, -63,-293, -52,  30, -48, -42,-207,-989;
   8, -65,-289, -52,  30, -49, -42,-209,-992;
   6, -64,-281, -54,  29, -47, -43,-214,-991;
   8, -62,-287, -58,  29, -47, -45,-214,-990;
   7, -62,-286, -59,  31, -45, -47,-215,-985;
   7, -64,-290, -59,  31, -45, -52,-213,-985;
   5, -62,-287, -60,  33, -44, -51,-217,-986;
   9, -62,-286, -59,  34, -41, -44,-222,-985;
   6, -65,-285, -58,  36, -41, -45,-217,-987;
   9, -64,-286, -58,  36, -40, -44,-208,-988;
  10, -63,-286, -57,  37, -41, -42,-209,-989;
   9, -63,-284, -59,  37, -39, -43,-211,-986;
   8, -63,-284, -61,  35, -38, -42,-210,-981;
  11, -60,-280, -62,  32, -39, -39,-213,-986;
  12, -64,-288, -64,  31, -38, -38,-211,-990;
  11, -63,-285, -63,  30, -36, -37,-207,-988;
  10, -62,-284, -65,  28, -36, -41,-199,-990;
   7, -62,-283, -70,  28, -34, -43,-202,-992;
   8, -59,-288, -73,  27, -32, -37,-201,-986;
  10, -61,-285, -75,  26, -30, -34,-204,-990;
   7, -59,-288, -78,  27, -27, -38,-202,-984;
  11, -64,-284, -80,  26, -26, -36,-203,-986;
  10, -62,-290, -82,  25, -24, -45,-204,-986;
   8, -63,-283, -82,  24, -21, -44,-206,-984;
   3, -63,-285, -83,  22, -20, -42,-213,-989;
   5, -64,-287, -81,  21, -18, -45,-215,-988;
   5, -63,-290, -78,  20, -17, -48,-217,-989;
   5, -64,-284, -75,  19, -16, -44,-212,-995;
   6, -63,-286, -71,  17, -16, -46,-212,-995;
   5, -64,-285, -67,  16, -14, -47,-215,-991;
   7, -64,-289, -61,  14, -12, -46,-216,-994;
   7, -65,-290, -56,  14, -15, -50,-213,-999;
   5, -62,-292, -54,  15, -16, -45,-214,-992;
   4, -60,-289, -50,  14, -16, -50,-202,-995;
   7, -63,-288, -51,  13, -17, -48,-205,-995;
   5, -61,-288, -50,  14, -17, -47,-203,-991;
   6, -62,-285, -51,  16, -16, -46,-208,-991;
   4, -63,-290, -55,  19, -16, -48,-206,-987;
   8, -62,-287, -58,  22, -16, -55,-211,-987;
   7, -63,-286, -62,  26, -16, -54,-212,-985;
   5, -65,-286, -62,  27, -17, -52,-213,-986;
   3, -62,-283, -62,  28, -16, -49,-217,-985;
   6, -64,-285, -60,  30, -16, -50,-208,-985;
   5, -63,-287, -58,  31, -17, -55,-213,-991;
   4, -63,-288, -55,  29, -19, -55,-211,-987;
   7, -64,-288, -53,  28, -19, -50,-213,-992;
   3, -70,-284, -53,  26, -19, -54,-210,-991;
   5, -64,-289, -54,  27, -19, -50,-212,-995;
   6, -60,-287, -56,  28, -20, -46,-212,-994;
   6, -61,-291, -62,  30, -19, -46,-207,-991;
   5, -61,-285, -62,  31, -21, -50,-211,-994;
   7, -65,-286, -63,  29, -22, -45,-209,-997;
   2, -62,-286, -62,  29, -23, -47,-202,-991;
   6, -63,-281, -60,  30, -22, -54,-198,-993;
   6, -61,-285, -58,  29, -23, -51,-196,-989;
   7, -58,-287, -53,  25, -23, -52,-198,-987;
   4, -59,-286, -48,  23, -21, -48,-200,-982;
   3, -61,-286, -44,  22, -20, -52,-202,-985;
   4, -61,-288, -40,  20, -20, -52,-205,-987;
   4, -62,-287, -38,  20, -18, -51,-205,-987;
   4, -63,-282, -37,  18, -17, -53,-211,-987;
   5, -63,-288, -38,  16, -14, -56,-211,-987;
   5, -63,-286, -41,  16, -12, -50,-202,-988;
   4, -63,-287, -44,  16,  -9, -55,-207,-985;
   3, -62,-287, -46,  15,  -6, -50,-204,-988;
   6, -63,-290, -50,  15,  -4, -54,-203,-993;
   3, -59,-291, -53,  15,  -2, -49,-208,-992;
   8, -62,-284, -57,  15,   0, -49,-203,-987;
   6, -61,-287, -58,  14,   0, -49,-199,-993;
   5, -61,-287, -59,  11,   2, -47,-210,-990;
   3, -61,-286, -58,   9,   2, -47,-205,-991;
   6, -61,-285, -58,   8,   3, -43,-211,-995;
   8, -62,-288, -55,   7,   3, -48,-210,-997;
   9, -63,-290, -54,   6,   4, -37,-205,-995;
   5, -62,-289, -53,   8,   5, -47,-211,-996;
   9, -61,-288, -53,  10,   4, -44,-204,-993;
   7, -61,-287, -49,  12,   3, -40,-202,-990;
  10, -64,-288, -46,  15,   1, -49,-204,-991;
   6, -60,-289, -43,  15,   2, -44,-202,-992;
   4, -61,-291, -41,  15,   2, -44,-204,-992;
   6, -61,-289, -38,  14,   3, -48,-194,-990;
   7, -59,-288, -36,  14,   4, -44,-197,-990;
   6, -61,-286, -35,  14,   3, -44,-189,-991;
   3, -60,-288, -37,  12,   5, -48,-196,-987;
   7, -60,-286, -40,  11,   5, -44,-192,-989;
   5, -59,-282, -44,  11,   5, -46,-195,-983;
   7, -61,-283, -46,  11,   6, -43,-197,-988;
   9, -59,-287, -49,  11,   7, -46,-200,-981;
   9, -63,-287, -49,  10,   9, -44,-197,-987;
   6, -63,-288, -50,  11,   8, -48,-201,-982;
   8, -61,-289, -51,  14,   9, -49,-200,-984;
   7, -60,-286, -53,  18,   9, -46,-200,-988;
   7, -60,-285, -51,  18,   9, -45,-200,-987;
   4, -62,-281, -51,  20,   8, -50,-203,-986;
   4, -58,-292, -51,  21,   7, -49,-202,-986;
   5, -62,-288, -50,  21,   7, -53,-210,-986;
   9, -58,-284, -50,  22,   8, -49,-206,-989;
   5, -61,-285, -49,  24,   8, -52,-208,-991;
   7, -63,-284, -49,  24,   7, -48,-204,-988;
   3, -61,-287, -46,  22,   9, -49,-202,-994;
   6, -67,-282, -44,  23,   8, -51,-203,-988;
   7, -63,-287, -43,  22,   9, -56,-196,-990;
   4, -59,-288, -43,  18,  10, -54,-202,-989;
   3, -61,-290, -44,  16,  13, -55,-202,-988;
   1, -57,-288, -44,  14,  12, -58,-198,-986;
   3, -61,-287, -47,  12,  12, -56,-204,-994;
   3, -61,-290, -48,  12,  10, -59,-201,-987;
   4, -64,-288, -51,  10,  12, -54,-205,-991;
   5, -62,-287, -51,  11,  11, -58,-199,-994;
   3, -60,-286, -53,  11,  11, -55,-205,-992;
   5, -62,-292, -54,  12,  11, -55,-204,-989;
   1, -57,-289, -55,  12,  11, -53,-201,-994;
   3, -62,-288, -58,  13,  12, -50,-199,-986;
   6, -62,-287, -61,  17,  11, -51,-197,-988;
   1, -59,-288, -63,  19,  11, -52,-194,-990;
   4, -60,-287, -65,  21,  11, -56,-196,-980;
   2, -58,-284, -65,  22,  10, -48,-195,-987;
   5, -61,-285, -66,  24,  11, -44,-194,-988;
   6, -55,-285, -67,  23,  11, -51,-202,-980;
   7, -63,-286, -66,  22,  12, -50,-199,-985;
   6, -61,-287, -67,  19,   9, -48,-203,-980;
   4, -63,-292, -66,  17,   9, -54,-208,-985;
   5, -60,-284, -63,  15,   8, -49,-212,-988;
   7, -63,-287, -62,  13,   9, -48,-208,-990;
   6, -61,-284, -60,  12,  10, -52,-208,-988;
   7, -62,-286, -57,  14,   9, -51,-210,-995;
   6, -61,-288, -55,  15,  10, -47,-206,-996;
   7, -63,-288, -56,  16,   8, -46,-206,-997;
   7, -63,-290, -57,  16,   8, -42,-210,-1000;
   6, -62,-289, -59,  17,   7, -46,-212,-996;
   4, -64,-290, -60,  18,   7, -50,-200,-998;
   8, -61,-293, -61,  20,   6, -50,-211,-992;
   5, -62,-286, -62,  20,   6, -49,-202,-991;
   6, -62,-296, -65,  21,   6, -53,-208,-989;
   4, -61,-286, -67,  22,   4, -54,-205,-994;
   5, -62,-286, -68,  23,   4, -55,-205,-986;
   3, -61,-282, -67,  24,   4, -52,-206,-989;
   2, -62,-286, -65,  24,   4, -56,-204,-987;
   4, -62,-285, -65,  22,   6, -49,-208,-983;
   5, -63,-285, -63,  21,   5, -48,-203,-987;
   5, -61,-289, -61,  20,   6, -50,-208,-988;
   7, -63,-285, -58,  20,   6, -51,-210,-991;
   5, -62,-284, -57,  18,   6, -48,-208,-992;
   7, -63,-291, -57,  16,   5, -45,-212,-992;
   2, -60,-291, -55,  15,   5, -51,-210,-997;
   7, -63,-286, -56,  15,   5, -53,-205,-997;
   4, -62,-288, -57,  13,   6, -46,-200,-998;
   4, -61,-290, -56,  14,   7, -49,-201,-999;
   5, -61,-292, -58,  13,   7, -49,-199,-999;
   7, -59,-289, -59,  14,   9, -50,-202,-992;
   8, -61,-292, -61,  13,   9, -51,-213,-997;
   5, -61,-293, -61,  13,   9, -48,-204,-996;
   5, -63,-290, -59,  13,   9, -46,-209,-993;
   7, -63,-288, -56,  11,  10, -51,-211,-990;
   7, -61,-288, -53,  12,   7, -49,-215,-996;
  10, -59,-286, -51,  13,   7, -49,-211,-994;
   5, -62,-288, -50,  14,   7, -51,-208,-991;
   7, -64,-288, -48,  14,   8, -54,-210,-991;
   5, -64,-288, -48,  12,   7, -51,-209,-989;
   5, -61,-287, -47,  12,   6, -51,-207,-989;
   8, -64,-287, -45,  13,   7, -53,-212,-989;
   6, -62,-291, -46,  13,   7, -48,-205,-993;
   4, -62,-288, -47,  12,   6, -49,-203,-988;
   8, -63,-282, -50,  11,   7, -47,-204,-991;
   5, -59,-287, -51,  10,   7, -51,-197,-997;
  10, -62,-285, -52,  11,   7, -53,-200,-992;
   7, -57,-285, -56,  12,   7, -52,-203,-988;
   6, -63,-286, -56,  11,   6, -54,-201,-990;
   6, -63,-289, -57,  10,   6, -57,-202,-988;
   6, -64,-287, -55,  11,   5, -56,-203,-993;
   3, -61,-285, -52,  10,   4, -54,-205,-992;
   4, -63,-284, -48,   7,   3, -56,-210,-991;
   2, -62,-286, -44,   7,   2, -60,-202,-995;
   3, -62,-289, -39,   6,   1, -58,-208,-996;
   5, -62,-287, -34,   5,   1, -59,-202,-995;
   6, -61,-288, -31,   5,   0, -55,-206,-991;
   7, -62,-285, -30,   8,   0, -54,-199,-991;
   3, -60,-290, -32,  10,  -1, -60,-199,-995;
   2, -61,-283, -35,  14,   0, -54,-201,-990;
   2, -60,-286, -38,  17,   0, -53,-201,-995;
   4, -62,-287, -41,  19,   0, -55,-206,-987;
   3, -60,-286, -46,  20,   1, -55,-196,-989;
   2, -62,-286, -46,  23,   2, -58,-197,-987;
   2, -61,-284, -47,  24,   3, -61,-195,-991;
   2, -60,-281, -50,  25,   4, -61,-198,-991;
   1, -59,-289, -48,  26,   4, -61,-197,-986;
   4, -59,-287, -50,  26,   6, -56,-200,-987;
   3, -64,-288, -48,  24,   6, -62,-201,-985;
   1, -63,-292, -47,  25,   6, -60,-202,-988;
   3, -62,-288, -44,  23,   6, -58,-207,-989;
   4, -64,-287, -38,  22,   6, -59,-209,-994;
   3, -61,-288, -36,  21,   2, -60,-212,-996;
   3, -62,-291, -37,  19,   0, -53,-208,-998;
   5, -62,-292, -36,  17,  -1, -52,-206,-995;
   6, -63,-291, -37,  17,  -4, -50,-209,-1002;
   6, -62,-288, -37,  15,  -4, -51,-202,-1002;
   6, -62,-289, -36,  17,  -7, -48,-205,-1004;
   6, -61,-288, -34,  18,  -9, -48,-211,-1003;
   6, -63,-294, -31,  16, -10, -43,-213,-1002;
   7, -65,-290, -24,  18,  -8, -46,-211,-1001;
   8, -62,-288, -18,  17,  -9, -40,-212,-1001;
   8, -63,-290, -13,  18,  -8, -43,-215,-1004;
   8, -65,-293,  -6,  19, -10, -37,-215,-1016;
   7, -64,-292,   3,  21, -11, -43,-223,-1014;
   5, -65,-292,  12,  22, -11, -38,-222,-1013;
  10, -66,-291,  20,  24, -12, -45,-222,-1019;
   7, -64,-289,  25,  24, -13, -42,-224,-1018;
   6, -66,-297,  31,  25, -13, -40,-224,-1016;
   7, -66,-291,  37,  25, -12, -46,-222,-1011;
   8, -64,-285,  42,  24, -12, -47,-219,-1006;
   6, -65,-290,  47,  22, -12, -38,-221,-1003;
   5, -65,-287,  51,  19, -11, -42,-222,-995;
   8, -67,-287,  54,  17, -14, -46,-226,-998;
   8, -67,-294,  58,  16, -13, -42,-236,-999;
   6, -70,-287,  64,  16, -14, -46,-236,-1000;
   8, -71,-295,  72,  16, -16, -50,-240,-1003;
   5, -71,-287,  81,  17, -17, -55,-244,-1003;
   7, -70,-287,  89,  17, -15, -52,-241,-1007;
   3, -71,-293, 101,  14, -15, -55,-245,-1010;
   3, -69,-295, 107,  12, -14, -55,-246,-1011;
   4, -69,-294, 115,   9, -15, -57,-244,-1016;
   5, -72,-294, 126,   6, -15, -56,-243,-1012;
   9, -74,-289, 136,   6, -15, -51,-250,-1012;
   3, -76,-292, 148,   4, -17, -50,-255,-1010;
   5, -72,-290, 161,   4, -16, -58,-257,-1013;
   2, -72,-297, 176,   6, -17, -50,-252,-1014;
   5, -74,-292, 190,   5, -18, -60,-253,-1017;
   2, -72,-294, 204,   6, -20, -60,-251,-1016;
   2, -72,-295, 218,   6, -22, -58,-248,-1013;
   1, -68,-287, 233,   4, -22, -64,-246,-1017;
   4, -73,-294, 246,   3, -24, -65,-249,-1013;
   1, -71,-288, 257,  -2, -24, -64,-254,-1011;
   2, -72,-289, 269,  -6, -23, -62,-255,-1013;
   1, -74,-293, 280,  -9, -23, -62,-264,-1017;
   2, -78,-292, 287, -13, -24, -60,-268,-1017;
   1, -75,-292, 294, -16, -25, -58,-277,-1018;
   4, -83,-291, 298, -19, -25, -59,-279,-1009;
   3, -81,-297, 304, -18, -30, -54,-285,-1007;
   5, -81,-292, 313, -17, -34, -51,-290,-1005;
   9, -83,-290, 322, -14, -35, -49,-291,-1001;
   5, -82,-292, 331, -12, -37, -48,-288,-1002;
   5, -82,-305, 342, -10, -37, -50,-293,-1010;
   8, -86,-294, 355,  -9, -38, -49,-292,-1003;
   6, -84,-291, 368,  -9, -39, -56,-298,-1004;
   7, -86,-289, 384, -10, -43, -55,-298,-1004;
   3, -88,-286, 402, -13, -46, -60,-303,-993;
   1, -89,-287, 419, -17, -49, -63,-303,-992;
   4, -86,-288, 434, -20, -51, -66,-304,-990;
   0, -87,-284, 448, -23, -50, -63,-305,-993;
   3, -89,-284, 461, -27, -48, -65,-310,-987;
   1, -88,-288, 474, -30, -45, -68,-317,-990;
   4, -91,-287, 484, -30, -43, -60,-319,-994;
   1, -96,-287, 493, -31, -41, -61,-328,-998;
   2, -96,-289, 498, -31, -38, -53,-333,-995;
   3, -96,-287, 502, -30, -37, -52,-345,-993;
   4, -98,-289, 505, -30, -34, -55,-344,-1000;
   4, -99,-289, 509, -30, -32, -63,-348,-997;
   2, -98,-291, 513, -31, -30, -64,-356,-999;
   3,-102,-287, 518, -29, -30, -57,-357,-1000;
   5,-101,-288, 523, -26, -29, -59,-365,-998;
   5,-100,-284, 528, -25, -28, -60,-363,-996;
   1,-105,-286, 536, -24, -27, -57,-375,-986;
   1,-108,-281, 550, -25, -26, -56,-380,-991;
   8,-107,-288, 562, -25, -25, -61,-382,-989;
   1,-108,-286, 573, -28, -25, -63,-391,-989;
   4,-110,-286, 587, -29, -25, -63,-394,-988;
   1,-110,-286, 597, -33, -23, -65,-401,-984;
   0,-110,-284, 606, -40, -25, -71,-401,-985;
   0,-112,-284, 616, -46, -25, -75,-408,-987;
   0,-113,-284, 623, -52, -27, -75,-407,-987;
  -1,-116,-283, 633, -56, -26, -83,-407,-983;
   0,-115,-284, 645, -59, -25, -90,-413,-983;
  -5,-112,-282, 655, -59, -28, -90,-412,-980;
  -2,-118,-281, 668, -60, -30, -92,-419,-972;
  -2,-111,-284, 679, -59, -34, -84,-414,-975;
   0,-116,-281, 689, -57, -33, -82,-416,-973;
   0,-118,-281, 693, -57, -34, -85,-429,-973;
  -1,-120,-275, 694, -59, -37, -85,-426,-965;
  -1,-121,-279, 691, -61, -41, -83,-436,-958;
   0,-122,-277, 685, -65, -40, -77,-438,-952;
   0,-121,-279, 683, -68, -39, -88,-449,-951;
  -1,-125,-275, 681, -68, -35, -74,-459,-945;
   0,-126,-279, 680, -67, -34, -77,-465,-951;
   2,-130,-279, 684, -64, -34, -71,-473,-953;
   1,-130,-276, 690, -60, -32, -70,-481,-949;
   0,-131,-281, 701, -58, -31, -69,-484,-945;
   3,-134,-274, 712, -57, -29, -70,-491,-943;
   1,-136,-275, 722, -58, -30, -69,-492,-944;
   1,-136,-272, 733, -58, -31, -67,-499,-944;
   1,-137,-273, 745, -59, -37, -69,-509,-938;
   1,-139,-274, 755, -58, -41, -66,-515,-944;
   3,-142,-275, 762, -57, -44, -66,-512,-943;
   5,-140,-269, 767, -56, -45, -66,-520,-940;
   4,-143,-268, 771, -55, -47, -67,-524,-935;
  -1,-140,-267, 773, -56, -51, -70,-523,-932;
   2,-143,-272, 770, -56, -55, -70,-520,-925;
   0,-145,-268, 771, -58, -56, -65,-528,-916;
   2,-144,-269, 772, -57, -57, -66,-534,-913;
   3,-148,-265, 771, -54, -59, -65,-540,-906;
   1,-151,-264, 775, -52, -61, -69,-544,-903;
   1,-149,-263, 780, -47, -63, -67,-545,-902;
   3,-150,-261, 787, -39, -63, -64,-555,-903;
   1,-152,-263, 796, -33, -63, -64,-556,-893;
   4,-152,-259, 806, -28, -62, -67,-566,-895;
   0,-150,-260, 816, -25, -62, -65,-566,-888;
   3,-155,-258, 828, -26, -60, -67,-565,-883;
   1,-147,-258, 839, -30, -60, -61,-571,-879;
   0,-154,-257, 846, -33, -58, -59,-574,-872;
   4,-154,-255, 849, -35, -56, -59,-574,-865;
   3,-156,-254, 848, -36, -55, -53,-575,-864;
   3,-156,-256, 844, -31, -58, -61,-584,-856;
   5,-155,-253, 838, -25, -59, -58,-586,-848;
   5,-157,-247, 833, -21, -58, -53,-584,-850;
   6,-160,-250, 833, -17, -57, -56,-594,-841;
   2,-164,-250, 839, -16, -58, -61,-596,-839;
   1,-165,-252, 844, -17, -60, -69,-602,-838;
   2,-163,-250, 851, -20, -60, -73,-607,-836;
  -4,-164,-251, 856, -21, -62, -75,-610,-836;
   0,-166,-250, 857, -25, -65, -86,-612,-836;
  -2,-168,-246, 859, -27, -68, -85,-620,-825;
  -3,-167,-242, 857, -28, -70, -86,-625,-820;
  -1,-168,-246, 855, -28, -71, -74,-637,-813;
   0,-170,-244, 852, -28, -69, -78,-635,-806;
   1,-174,-241, 851, -27, -62, -75,-645,-807;
   1,-177,-239, 846, -23, -57, -80,-650,-799;
   0,-175,-238, 844, -20, -54, -74,-650,-790;
   1,-179,-238, 843, -18, -48, -81,-663,-787;
   1,-182,-236, 845, -16, -47, -73,-667,-783;
  -1,-176,-233, 845, -13, -48, -73,-677,-783;
   0,-182,-236, 843, -12, -44, -75,-672,-781;
   1,-182,-235, 841, -11, -41, -71,-682,-777;
   1,-181,-235, 841, -14, -44, -68,-682,-778;
   2,-187,-235, 841, -15, -44, -70,-680,-776;
   3,-181,-232, 845, -15, -44, -67,-681,-770;
   0,-184,-233, 845, -17, -40, -63,-693,-767;
   4,-186,-234, 842, -16, -36, -61,-687,-774;
   8,-188,-233, 839, -15, -34, -43,-705,-762;
   6,-187,-226, 837, -18, -35, -46,-701,-763;
   4,-190,-228, 835, -15, -36, -43,-702,-759;
   7,-188,-231, 836, -10, -36, -39,-703,-750;
   8,-190,-225, 837,  -1, -38, -51,-708,-742;
   7,-191,-227, 837,   8, -42, -50,-721,-739;
   6,-191,-225, 838,  14, -45, -45,-722,-735;
   6,-193,-224, 842,  18, -46, -46,-720,-734;
   5,-193,-223, 847,  23, -50, -56,-727,-732;
   4,-192,-222, 853,  27, -52, -52,-728,-735;
   8,-194,-222, 862,  32, -53, -51,-728,-728;
   4,-194,-224, 873,  36, -54, -48,-724,-721;
   4,-193,-218, 883,  40, -56, -59,-730,-724;
   5,-192,-217, 887,  43, -57, -60,-726,-717;
   8,-191,-217, 893,  46, -54, -60,-727,-709;
   2,-193,-215, 893,  46, -51, -65,-721,-702;
   2,-192,-216, 893,  46, -49, -58,-725,-697;
   1,-193,-213, 890,  44, -51, -71,-721,-694;
   3,-193,-214, 890,  42, -52, -65,-724,-692;
   1,-192,-212, 892,  43, -53, -69,-724,-686;
   0,-192,-212, 892,  44, -53, -67,-725,-680;
   3,-194,-201, 893,  45, -56, -68,-733,-672;
   1,-195,-203, 890,  47, -60, -69,-734,-660;
   0,-193,-202, 883,  48, -59, -74,-734,-658;
   0,-200,-205, 876,  49, -56, -65,-745,-652;
   2,-200,-197, 869,  48, -56, -65,-747,-646;
   6,-197,-204, 859,  46, -59, -61,-756,-638;
   4,-199,-198, 851,  45, -60, -58,-752,-637;
   5,-197,-197, 847,  44, -58, -53,-751,-630;
   4,-200,-195, 846,  44, -62, -52,-758,-625;
   4,-201,-199, 850,  47, -64, -46,-759,-620;
   3,-205,-193, 854,  47, -67, -53,-768,-616;
   4,-201,-194, 858,  44, -64, -64,-780,-618;
   5,-208,-194, 856,  43, -62, -48,-787,-611;
   5,-209,-190, 850,  37, -62, -47,-790,-605;
   5,-208,-196, 849,  37, -66, -46,-794,-607;
   3,-215,-192, 848,  36, -70, -57,-797,-606;
   4,-209,-189, 849,  37, -66, -53,-796,-604;
   8,-213,-192, 855,  38, -59, -41,-805,-601;
   5,-212,-190, 861,  40, -59, -54,-808,-599;
   4,-217,-187, 864,  43, -64, -56,-805,-592;
   7,-213,-190, 863,  44, -63, -52,-801,-588;
  10,-212,-190, 860,  42, -66, -49,-795,-583;
   6,-208,-187, 856,  43, -69, -44,-799,-581;
   9,-207,-183, 854,  44, -69, -44,-796,-578;
   9,-209,-185, 851,  47, -69, -41,-795,-570;
  10,-206,-184, 847,  50, -74, -36,-792,-565;
   9,-211,-175, 846,  54, -74, -41,-804,-558;
   9,-212,-180, 843,  57, -76, -38,-802,-557;
   5,-212,-175, 838,  58, -79, -44,-808,-553;
   8,-211,-181, 838,  55, -79, -42,-806,-545;
  13,-212,-177, 834,  52, -76, -41,-807,-544;
   8,-214,-176, 831,  48, -72, -42,-812,-540;
  12,-216,-174, 826,  48, -70, -34,-808,-534;
  12,-212,-172, 818,  48, -70, -33,-809,-529;
  12,-213,-173, 810,  48, -70, -35,-810,-520;
  11,-216,-173, 807,  49, -68, -36,-813,-519;
  13,-220,-173, 804,  48, -66, -41,-817,-518;
   8,-212,-173, 805,  47, -65, -37,-818,-514;
  10,-217,-171, 803,  41, -63, -36,-819,-512;
   8,-216,-167, 801,  34, -63, -34,-812,-505;
   9,-215,-167, 800,  30, -63, -45,-812,-503;
  10,-211,-165, 795,  29, -61, -34,-808,-496;
  10,-214,-164, 787,  30, -62, -39,-814,-492;
  10,-211,-162, 777,  36, -62, -32,-808,-481;
  13,-217,-162, 766,  42, -61, -34,-809,-477;
  15,-213,-154, 752,  47, -59, -35,-814,-469;
  11,-217,-164, 736,  51, -61, -31,-813,-464;
  18,-213,-159, 723,  55, -59, -24,-810,-468;
  14,-215,-156, 714,  62, -59, -27,-816,-460;
  11,-214,-158, 705,  68, -59, -27,-815,-455;
  13,-217,-153, 696,  71, -59, -27,-819,-457;
  11,-214,-156, 687,  74, -59, -31,-822,-453;
  12,-216,-149, 679,  73, -59, -32,-822,-452;
  11,-217,-148, 671,  71, -58, -30,-828,-450;
   8,-218,-151, 658,  68, -56, -24,-826,-447;
  13,-221,-154, 641,  69, -56, -29,-830,-441;
  13,-219,-152, 628,  67, -57, -26,-842,-441;
  15,-221,-150, 620,  67, -60, -31,-845,-438;
  15,-226,-152, 617,  67, -60, -30,-848,-441;
  10,-226,-147, 619,  66, -60, -34,-856,-439;
  11,-229,-152, 622,  72, -60, -36,-862,-437;
   8,-228,-153, 627,  76, -61, -39,-864,-437;
   9,-230,-148, 630,  83, -64, -41,-870,-435;
   8,-228,-146, 631,  89, -63, -41,-864,-428;
   8,-233,-151, 626,  91, -63, -49,-869,-433;
   5,-232,-146, 618,  92, -64, -47,-868,-427;
   9,-232,-146, 607,  87, -65, -47,-866,-420;
   8,-228,-141, 592,  81, -63, -43,-872,-416;
  10,-233,-143, 580,  75, -63, -37,-876,-401;
  10,-226,-138, 565,  70, -59, -32,-877,-392;
  13,-232,-134, 553,  65, -57, -35,-881,-390;
  13,-230,-137, 543,  63, -59, -33,-878,-380;
  13,-230,-140, 536,  62, -58, -24,-881,-384;
  11,-231,-133, 530,  63, -58, -19,-880,-379;
  13,-232,-135, 524,  64, -56, -22,-885,-379;
  14,-232,-135, 516,  65, -55, -16,-880,-376;
  15,-232,-131, 507,  66, -53, -14,-883,-370;
  16,-231,-130, 494,  66, -53, -17,-884,-356;
  18,-234,-132, 481,  65, -53, -21,-881,-360;
  13,-233,-126, 474,  65, -50, -20,-889,-352;
  20,-235,-127, 470,  66, -50, -15,-887,-354;
  17,-235,-132, 469,  67, -51, -19,-884,-349;
  18,-237,-129, 470,  68, -52, -16,-885,-349;
  15,-235,-129, 471,  68, -55, -25,-884,-356;
  10,-235,-129, 471,  71, -58, -32,-882,-355;
  11,-231,-131, 469,  70, -63, -30,-886,-355;
   8,-232,-127, 466,  68, -67, -38,-884,-346;
  10,-232,-129, 462,  67, -71, -45,-886,-345;
  11,-233,-124, 457,  61, -71, -41,-882,-345;
   5,-232,-133, 450,  57, -74, -44,-883,-339;
   7,-230,-126, 441,  55, -73, -42,-880,-344;
  14,-231,-118, 427,  55, -75, -46,-877,-332;
   8,-229,-128, 415,  58, -74, -50,-875,-333;
   7,-233,-127, 405,  61, -73, -48,-874,-333;
   6,-229,-128, 395,  60, -73, -46,-874,-335;
  11,-229,-125, 384,  57, -73, -45,-874,-335;
  10,-232,-124, 370,  53, -73, -41,-878,-331;
   8,-230,-125, 354,  46, -75, -41,-877,-330;
  10,-226,-122, 342,  38, -75, -35,-874,-329;
  11,-229,-121, 332,  29, -75, -36,-869,-325;
   9,-228,-122, 319,  23, -75, -31,-863,-325;
   9,-226,-123, 304,  16, -75, -34,-875,-323;
   8,-231,-116, 288,   9, -74, -24,-868,-323;
  13,-232,-124, 274,  -2, -72, -26,-874,-323;
  12,-231,-121, 262, -12, -70, -23,-881,-329;
  14,-232,-121, 254, -22, -65, -18,-882,-325;
  16,-235,-126, 247, -28, -63, -15,-885,-320;
  15,-232,-125, 239, -33, -63, -21,-886,-326;
  16,-230,-126, 229, -33, -60, -18,-878,-321;
  18,-233,-125, 219, -29, -57, -12,-879,-321;
  19,-236,-123, 204, -26, -54,  -7,-880,-316;
  18,-234,-125, 192, -22, -50,  -2,-887,-321;
  19,-230,-118, 178, -17, -45,  -2,-894,-312;
  18,-245,-118, 165, -12, -40,  -2,-900,-319;
  19,-238,-123, 153,  -7, -36,   3,-912,-318;
  15,-240,-119, 142,  -1, -31,   1,-922,-316;
  17,-243,-121, 136,   4, -28,   0,-931,-313;
  17,-241,-121, 130,  12, -25,  -4,-931,-310;
  18,-244,-118, 126,  16, -22,  -6,-934,-306;
  16,-246,-122, 127,  21, -19, -13,-940,-306;
  14,-247,-120, 125,  26, -15, -22,-940,-305;
  17,-249,-121, 122,  30, -12, -20,-946,-304;
  12,-247,-115, 120,  31,  -9, -20,-945,-298;
  16,-246,-113, 115,  33,  -5, -21,-945,-294;
  17,-252,-120, 113,  36,  -1, -17,-941,-291;
  19,-248,-113, 112,  39,   0,  -6,-941,-286;
  17,-248,-112, 112,  39,   4,  -6,-936,-276;
  17,-247,-110, 111,  38,   6,  -2,-937,-274;
  17,-245,-108, 107,  40,   7,  -4,-941,-270;
  20,-246,-110, 104,  39,   7, -10,-937,-268;
  19,-249,-108,  99,  40,   8,  -2,-940,-266;
  21,-247,-110,  94,  41,  12,   2,-938,-264;
  19,-246,-109,  85,  44,  11,  -4,-943,-261;
  21,-248,-110,  76,  43,   9,  -3,-938,-266;
  20,-248,-107,  72,  43,   9,  -1,-942,-269;
  21,-245,-106,  72,  39,  10,   3,-944,-266;
  20,-249,-109,  74,  33,  10,   0,-947,-268;
  18,-249,-109,  74,  28,   8,  -4,-946,-264;
  21,-248,-108,  72,  22,   7,  -2,-949,-264;
  19,-248,-108,  70,  17,   6,  -6,-950,-268;
  20,-247,-106,  62,  12,   4,  -3,-945,-264;
  16,-249,-109,  50,   7,   5,   1,-949,-259;
  21,-254,-111,  36,   6,   5,   0,-955,-262;
  18,-253,-105,  23,   5,   5,  -3,-958,-262;
  19,-255,-108,  15,   5,   6,   1,-963,-260;
  21,-261,-103,  13,   7,   6,   0,-966,-259;
  19,-253,-104,  11,   9,   8,  -8,-966,-258;
  19,-254,-111,  13,  13,  12,  -4,-965,-262;
  20,-255,-106,  14,  14,  13, -12,-965,-257;
  16,-253,-107,  14,  14,  14, -14,-961,-251;
  16,-252,-105,  11,  12,  17,  -8,-959,-248;
  16,-251,-105,  10,  10,  16, -11,-955,-250;
  18,-250,-104,   7,   8,  18, -17,-952,-248;
  15,-251,-105,   8,   7,  19, -15,-954,-247;
  17,-253, -99,   6,   4,  21, -18,-951,-244;
  12,-248,-104,   3,   3,  21, -25,-952,-239;
  17,-249,-100,   0,   1,  22, -19,-954,-241;
  15,-251,-102,  -5,   2,  22, -33,-958,-248;
  13,-251,-101, -12,   3,  22, -27,-955,-240;
  15,-255,-100, -19,   5,  22, -25,-965,-244;
  11,-253,-103, -26,   5,  20, -27,-968,-240;
  13,-255,-103, -30,   6,  20, -19,-969,-236;
  16,-258,-102, -32,   5,  19, -18,-970,-232;
  17,-258,-103, -35,   0,  16, -20,-975,-235;
  18,-256,-103, -34,  -3,  14, -15,-982,-232;
  18,-260,-103, -31,  -8,  13, -16,-985,-237;
  16,-255,-103, -29, -15,  12, -14,-981,-237;
  21,-257,-105, -23, -19,  11, -13,-982,-239;
  18,-256,-101, -19, -23,   8, -11,-979,-238;
  17,-257,-103, -16, -24,   7, -12,-975,-236;
  17,-255,-102, -12, -24,   7,  -6,-976,-240;
  18,-256, -99, -12, -25,   6, -10,-971,-232;
  18,-255,-100, -12, -23,   6, -16,-967,-238;
  19,-256,-102, -15, -23,   5, -15,-963,-237;
  15,-252,-100, -14, -24,   5, -15,-962,-232;
  16,-252,-102, -15, -23,   4, -20,-958,-238;
  16,-252, -98, -17, -24,   5, -16,-956,-239;
  14,-256,-102, -20, -24,   6, -16,-959,-240;
  12,-250,-100, -26, -25,   4, -20,-968,-242;
  19,-254,-100, -29, -26,   3, -21,-968,-241;
  14,-254,-101, -29, -27,   3, -17,-963,-237;
  16,-253,-105, -31, -30,   1, -22,-961,-240;
  14,-254, -99, -34, -32,  -1, -25,-966,-237;
  13,-256,-102, -37, -35,  -3, -22,-970,-243;
  16,-254,-100, -38, -37,  -5, -23,-967,-248;
  14,-256,-101, -36, -38,  -7, -27,-966,-238;
  12,-252,-103, -33, -40,  -7, -25,-970,-245;
  16,-255,-101, -29, -41,  -8, -25,-972,-244;
  10,-255,-104, -20, -43,  -9, -24,-964,-250;
  15,-255,-103, -14, -45,  -8, -28,-965,-246;
  15,-255,-102, -10, -47, -10, -22,-965,-249;
  17,-254,-106,  -9, -49, -10, -18,-966,-245;
  15,-254,-101, -11, -49, -10, -15,-966,-244;
  17,-256,-103, -13, -49,  -9, -18,-967,-246;
  16,-255,-101, -11, -47,  -9, -12,-964,-245;
  16,-250,-106,  -8, -45,  -9,  -9,-953,-247;
  17,-250,-106,  -5, -42,  -9,  -6,-949,-245;
  17,-252,-106,  -7, -37,  -7,  -5,-947,-246;
  15,-248,-103, -10, -33,  -6,   1,-947,-246;
  20,-251,-105, -16, -30,  -6,  -3,-952,-248;
  21,-249,-114, -23, -29,  -4,   3,-946,-243;
  19,-249,-101, -31, -30,  -4,   2,-959,-245;
  22,-255,-100, -34, -30,  -4,   2,-959,-243;
  22,-255,-102, -39, -30,  -5,   3,-967,-239;
  21,-254, -99, -47, -30,  -4,  -1,-965,-240;
  21,-258,-102, -52, -27,  -4,   6,-970,-236;
  19,-255, -99, -54, -24,  -4,   2,-972,-235;
  20,-258, -97, -51, -21,  -4,   5,-979,-236;
  22,-256, -99, -48, -18,  -3,  -1,-973,-235;
  18,-257,-103, -42, -18,  -5,  -4,-983,-235;
  21,-258,-104, -35, -17,  -6,  -3,-972,-240;
  20,-257,-100, -29, -16,  -7,  -5,-969,-244;
  19,-255,-104, -27, -17,  -9,  -6,-963,-240;
  20,-253,-103, -25, -14,  -8,  -6,-967,-243;
  19,-254,-103, -24, -14,  -8,  -8,-964,-240;
  19,-254,-104, -24, -14,  -8,  -8,-968,-242;
  20,-255,-101, -23, -12,  -8,  -8,-964,-240;
  20,-256,-103, -25, -14,  -9,  -8,-967,-244;
  18,-253,-103, -26, -14,  -9,  -7,-967,-246;
  20,-255, -98, -31, -13,  -9,  -4,-968,-241;
  18,-254,-103, -36, -13,  -9,  -7,-966,-237;
  23,-252,-105, -41, -10, -10, -11,-965,-243;
  21,-256, -91, -45,  -9, -10,  -6,-967,-236;
  19,-255,-101, -49,  -6, -11,   0,-964,-236;
  16,-254,-101, -53,  -3, -10,   0,-967,-234;
  20,-252, -98, -55,   2,  -9,  -5,-967,-234;
  15,-254,-104, -55,   9, -10,  -1,-970,-233;
  23,-256, -98, -57,  17,  -9,  -4,-970,-237;
  18,-254,-101, -56,  22,  -7, -10,-974,-233;
  20,-256, -98, -57,  26,  -5, -12,-966,-233;
  18,-257,-102, -56,  29,  -3,  -4,-966,-235;
  15,-254,-101, -53,  31,  -2, -11,-968,-237;
  16,-255,-105, -55,  32,   0, -15,-964,-241;
  13,-251,-105, -52,  33,   2, -18,-966,-240;
  17,-251,-102, -51,  33,   3, -16,-958,-246;
  15,-254,-104, -53,  34,   5, -15,-966,-246;
  16,-255,-103, -54,  36,   6, -18,-964,-245;
  16,-251,-108, -56,  37,   6, -15,-962,-250;
  18,-254,-104, -59,  36,   7, -12,-965,-246;
  13,-251,-105, -64,  36,  10, -21,-959,-249;
  18,-252,-103, -68,  34,  11, -17,-961,-245;
  16,-253,-105, -72,  30,  12, -18,-962,-246;
  17,-252,-104, -78,  26,  13, -14,-964,-245;
  13,-255,-106, -81,  24,  15, -10,-967,-247;
  21,-257,-115, -88,  22,  18, -18,-968,-246;
  16,-254,-103, -88,  21,  17, -15,-956,-238;
  16,-254,-104, -87,  22,  20, -18,-970,-246;
  16,-254,-103, -85,  21,  20, -18,-964,-252;
  15,-254,-105, -83,  21,  23, -23,-964,-255;
  16,-255,-105, -81,  24,  24, -20,-965,-248;
  17,-256,-105, -80,  27,  25, -20,-961,-250;
  14,-253,-103, -80,  30,  27, -22,-959,-249;
  10,-249,-104, -80,  31,  30, -23,-959,-250;
  14,-251,-106, -82,  32,  32, -23,-953,-249;
  11,-251,-112, -84,  32,  34, -16,-958,-248;
  14,-250,-101, -87,  34,  35, -23,-959,-253;
  14,-253,-104, -92,  34,  35, -28,-962,-249;
  12,-253,-107, -95,  35,  38, -24,-961,-247;
  15,-254,-101,-100,  36,  40, -27,-966,-249;
  15,-254,-107,-104,  36,  41, -29,-969,-251;
  13,-255,-108,-110,  35,  42, -31,-970,-252;
   9,-256,-110,-112,  33,  42, -33,-970,-250;
  16,-257,-104,-115,  30,  42, -32,-970,-254;
  14,-253,-103,-115,  27,  40, -35,-974,-249;
  11,-256,-105,-112,  26,  39, -33,-970,-246;
  16,-256,-106,-112,  23,  38, -33,-972,-249;
  12,-256,-104,-111,  22,  37, -35,-971,-252;
  11,-253,-100,-112,  21,  35, -37,-968,-251;
  12,-252,-105,-111,  21,  33, -32,-969,-244;
  14,-254,-104,-111,  20,  31, -34,-969,-239;
  13,-254,-103,-111,  21,  29, -32,-968,-243;
  11,-254,-100,-109,  21,  26, -34,-965,-237;
  15,-257, -98,-110,  20,  23, -30,-970,-237;
   9,-255,-104,-109,  21,  21, -34,-965,-242;
  15,-258,-104,-109,  21,  19, -32,-968,-242;
  10,-253,-105,-109,  21,  17, -35,-969,-234;
   7,-254,-101,-107,  21,  13, -33,-967,-246;
   9,-255,-104,-103,  21,  12, -33,-973,-248;
  11,-253,-102, -98,  22,  11, -37,-974,-243;
  10,-257,-106, -94,  22,   8, -33,-973,-250;
  10,-254,-104, -93,  22,   5, -33,-967,-250;
  13,-257,-106, -90,  21,   4, -34,-968,-247;
  11,-253,-103, -92,  18,   3, -32,-964,-252;
  12,-255,-105, -91,  16,   2, -30,-964,-250;
  12,-255,-104, -92,  14,   3, -33,-962,-248;
  11,-255,-106, -93,  12,   1, -31,-960,-251;
  10,-252,-105, -94,  11,   0, -31,-955,-249;
  13,-254,-106, -95,  10,  -1, -30,-953,-253;
  14,-252,-106, -95,  10,  -2, -29,-953,-247;
  12,-252,-107, -97,  11,  -2, -30,-956,-249;
  13,-253,-103, -99,  10,  -4, -24,-954,-249;
  11,-252,-105,-100,  10,  -3, -30,-957,-249;
  12,-251,-105,-105,  12,  -4, -28,-958,-243;
  10,-254,-104,-109,  13,  -4, -28,-961,-251;
  10,-254,-103,-111,  14,  -5, -32,-970,-249;
   8,-255,-108,-112,  14,  -5, -27,-972,-249;
  14,-257,-103,-112,  13,  -6, -34,-977,-252;
  11,-258,-107,-110,  12,  -7, -33,-978,-251;
  11,-266,-103,-106,  12,  -9, -39,-981,-248;
   9,-258,-107,-100,  10, -10, -32,-979,-258;
  11,-257,-107, -97,   7, -11, -34,-984,-256;
  10,-256,-106, -93,   4, -12, -31,-984,-249;
  14,-259,-106, -90,   2, -11, -34,-982,-259;
  12,-256,-106, -86,   0, -12, -30,-982,-255;
  10,-256,-106, -83,  -1, -13, -34,-982,-256;
  11,-255,-102, -81,  -1, -12, -30,-979,-253;
  14,-255,-102, -79,  -1,  -9, -35,-974,-248;
  11,-254,-103, -79,  -2,  -9, -38,-975,-250;
  10,-258, -97, -78,  -2,  -9, -34,-968,-250;
  19,-257,-104, -77,  -4,  -8, -33,-970,-248;
  12,-256,-103, -81,  -8,  -8, -41,-977,-247;
  12,-258,-104, -85, -10,  -8, -40,-972,-250;
   8,-254,-108, -89, -11,  -8, -40,-971,-249;
  11,-256,-101, -89, -13,  -8, -39,-971,-246;
   9,-257,-104, -90, -14,  -8, -43,-971,-248;
  10,-256,-106, -91, -14,  -8, -42,-973,-243;
  10,-255,-105, -91, -15, -10, -36,-973,-244;
   9,-257,-107, -88, -15, -11, -39,-971,-243;
   9,-258,-103, -89, -16, -11, -39,-973,-249;
   6,-254,-105, -88, -17, -11, -36,-970,-246;
  10,-256,-103, -87, -17, -13, -37,-973,-244;
  12,-258,-104, -87, -16, -12, -35,-977,-246;
   9,-255,-101, -86, -13, -12, -40,-974,-243;
  10,-255,-103, -87, -12, -12, -38,-970,-243;
  12,-256,-103, -86, -10, -11, -41,-973,-246;
  13,-258,-101, -82,  -8, -11, -38,-969,-245;
  10,-258,-102, -80,  -9,  -9, -42,-978,-249;
   6,-254,-104, -75,  -9,  -9, -42,-975,-255;
  12,-256,-102, -70,  -8,  -7, -40,-978,-252;
  10,-256,-107, -68, -10,  -6, -40,-982,-253;
   9,-255,-104, -67, -11,  -5, -41,-983,-253;
   8,-260,-109, -67, -11,  -5, -41,-983,-252;
   9,-258,-107, -66, -12,  -4, -48,-983,-258;
   8,-259,-108, -66, -13,  -4, -44,-987,-253;
   9,-258,-106, -63, -14,  -4, -46,-982,-255;
   9,-258,-103, -59, -14,  -3, -49,-985,-251;
   9,-256,-106, -56, -14,  -3, -37,-981,-254;
   9,-259,-103, -56, -13,  -2, -47,-978,-254;
  12,-256,-103, -54, -14,  -2, -40,-976,-257;
  10,-258,-103, -52, -12,  -2, -43,-972,-247;
   8,-255,-103, -52, -13,  -4, -42,-976,-245;
  12,-254,-105, -50, -14,  -3, -45,-974,-245;
  14,-255,-105, -47, -16,  -4, -42,-979,-249;
   9,-256,-105, -46, -18,  -5, -52,-968,-245;
   8,-256,-104, -45, -19,  -4, -48,-971,-249;
   8,-254,-103, -44, -20,  -6, -50,-983,-241;
   4,-256,-106, -44, -20,  -7, -46,-971,-251;
   6,-257,-104, -45, -22,  -8, -52,-978,-242;
   7,-256,-101, -46, -24,  -9, -51,-980,-251;
   5,-257,-102, -42, -26, -11, -51,-982,-243;
   5,-256,-102, -37, -29, -13, -52,-981,-251;
   8,-261,-108, -33, -32, -14, -52,-984,-250;
   6,-253,-104, -30, -34, -14, -52,-978,-249;
   9,-256,-105, -27, -38, -15, -49,-973,-253;
   5,-254,-107, -21, -40, -16, -42,-977,-250;
   7,-257,-105, -14, -44, -17, -44,-974,-254;
   8,-256,-108, -12, -48, -17, -40,-972,-254;
  10,-256,-106, -11, -52, -18, -41,-970,-261;
  10,-252,-106, -14, -53, -17, -40,-966,-263;
  11,-252,-107, -16, -53, -17, -40,-968,-264;
  15,-253,-103, -19, -50, -16, -36,-962,-260;
   8,-254,-110, -18, -50, -14, -36,-964,-264;
  10,-256,-108, -21, -46, -14, -36,-966,-264;
   9,-253,-106, -23, -43, -13, -36,-965,-261;
  13,-255,-107, -25, -41, -12, -37,-960,-256;
  11,-255,-107, -28, -40, -10, -34,-961,-258;
  12,-252,-107, -29, -37, -10, -34,-967,-258;
  12,-255,-104, -33, -37, -10, -41,-965,-254;
   9,-256,-102, -32, -39,  -8, -33,-965,-251;
  13,-254,-104, -31, -39,  -8, -35,-969,-254;
   7,-255,-109, -28, -39,  -8, -34,-964,-246;
  13,-255,-104, -28, -39,  -7, -34,-966,-251;
  14,-253,-100, -28, -39,  -8, -35,-967,-253;
  12,-255,-106, -28, -39,  -9, -30,-967,-255;
  11,-249,-113, -27, -39,  -7, -34,-970,-252;
  10,-254,-107, -26, -38,  -7, -32,-970,-255;
  11,-254,-105, -24, -39,  -6, -32,-971,-259;
  13,-256,-107, -21, -39,  -8, -31,-973,-263;
  12,-256,-106, -19, -36,  -8, -31,-973,-261;
  13,-256,-109, -14, -35, -10, -28,-974,-261;
  10,-256,-109, -13, -33,  -9, -31,-980,-256;
  13,-257,-106, -10, -31,  -8, -32,-978,-258;
  14,-257,-106,  -5, -30,  -9, -30,-976,-256;
  11,-254,-105,  -2, -31,  -9, -30,-970,-264;
  15,-255,-106,   2, -32,  -8, -27,-968,-255;
  12,-251,-108,   4, -29,  -6, -27,-965,-256;
  11,-255,-105,   4, -27,  -7, -32,-961,-262;
  12,-253,-105,   2, -23,  -6, -29,-963,-261;
  15,-255,-106,   1, -19,  -7, -26,-961,-255;
  10,-251,-107,  -2, -13,  -4, -31,-962,-258;
  11,-251,-107,  -4, -10,  -3, -29,-958,-254;
  11,-251,-106,  -8,  -5,  -4, -28,-965,-255;
  14,-252,-104, -11,  -4,  -3, -31,-959,-255;
   9,-251,-103, -15,  -2,  -4, -33,-956,-253;
  14,-255,-106, -17,   0,  -5, -32,-954,-252;
  12,-252,-107, -20,   2,  -4, -32,-960,-253;
  21,-255,-100, -22,   6,  -4, -36,-961,-251;
  12,-254,-108, -25,   7,  -4, -35,-959,-248;
  12,-253,-107, -28,   8,  -3, -38,-965,-254;
  14,-256,-106, -30,   8,  -4, -34,-966,-252;
  12,-257,-105, -30,   9,  -5, -34,-967,-256;
  12,-255,-105, -30,  11,  -5, -34,-969,-253;
   9,-256,-105, -30,  12,  -6, -34,-969,-254;
  11,-256,-106, -29,  15,  -5, -35,-968,-256;
  15,-256,-101, -26,  18,  -6, -36,-967,-257;
  12,-253,-107, -23,  19,  -6, -33,-965,-253;
  11,-254,-104, -22,  21,  -6, -31,-964,-257;
  14,-257,-103, -21,  22,  -5, -32,-965,-247;
  10,-255,-104, -20,  22,  -4, -32,-968,-256;
  14,-254,-104, -19,  21,  -4, -32,-964,-250;
  14,-253,-105, -19,  19,  -3, -35,-962,-251;
  13,-251,-105, -19,  18,  -3, -34,-960,-256;
  11,-252,-106, -18,  20,  -2, -31,-954,-257;
  10,-252,-103, -17,  23,  -1, -34,-951,-258;
  13,-253,-107, -18,  26,  -1, -32,-957,-255;
  12,-251,-102, -20,  27,  -2, -32,-955,-262;
  13,-250,-110, -23,  28,   0, -34,-958,-257;
  15,-256,-106, -27,  28,   0, -38,-959,-255;
  14,-255,-108, -29,  28,   1, -38,-957,-252;
   9,-250,-103, -32,  29,   0, -37,-961,-256;
  11,-253,-104, -37,  26,   1, -42,-961,-250;
   9,-254,-104, -40,  26,   0, -38,-959,-255;
  10,-255,-103, -45,  23,  -1, -42,-964,-259;
  10,-255,-104, -46,  23,  -1, -32,-965,-248;
   7,-254,-107, -46,  25,   1, -40,-962,-251;
  11,-255,-109, -45,  27,   0, -42,-971,-251;
  10,-254,-105, -48,  28,   0, -41,-967,-252;
   8,-251,-104, -49,  29,  -1, -43,-961,-248;
  11,-257,-106, -51,  26,  -1, -42,-966,-250;
   7,-254,-108, -54,  25,  -2, -39,-957,-244;
   7,-253,-104, -54,  23,  -2, -39,-961,-252;
   9,-252,-106, -54,  22,  -4, -37,-966,-251;
  11,-254,-107, -54,  22,  -2, -41,-961,-255;
  10,-253,-108, -53,  22,  -2, -39,-960,-252;
  11,-252,-104, -52,  23,  -1, -39,-961,-258;
   8,-253,-105, -51,  24,  -1, -35,-968,-253;
  10,-254,-108, -54,  26,  -1, -38,-969,-254;
   9,-256,-107, -55,  25,   1, -37,-963,-259;
  14,-250,-106, -58,  26,   0, -34,-962,-255;
  13,-254,-103, -58,  30,   1, -32,-965,-258;
  12,-256,-108, -59,  32,   1, -42,-968,-253;
  10,-252,-103, -60,  33,  -1, -36,-966,-256;
  11,-256,-106, -63,  31,  -1, -35,-963,-253;
