  15,-253,-107, -55,  25,  -7, -20,-968,-265;
  18,-254,-110, -54,  24,  -6, -17,-963,-266;
  15,-256,-109, -55,  23,  -5, -16,-966,-263;
  17,-253,-105, -58,  25,  -5, -20,-963,-267;
  16,-253,-107, -60,  26,  -4, -15,-962,-264;
  20,-256,-111, -63,  29,  -4, -17,-969,-269;
  16,-252,-110, -64,  31,  -3, -18,-961,-269;
  14,-253,-109, -64,  33,  -1, -12,-966,-262;
  16,-256,-105, -66,  35,  -1, -16,-967,-259;
  16,-254,-104, -67,  35,   0, -16,-963,-265;
  17,-255,-107, -66,  35,   1, -19,-968,-257;
  20,-257,-103, -67,  36,   0, -18,-966,-260;
  16,-257,-105, -68,  37,   1, -19,-972,-260;
  16,-256,-109, -68,  36,   2, -17,-971,-260;
  17,-259,-107, -68,  35,   2, -18,-970,-261;
  14,-257,-107, -68,  34,   1, -18,-974,-264;
  10,-257,-108, -67,  33,   0, -18,-968,-261;
  15,-255,-105, -65,  29,   0, -18,-965,-263;
  16,-256,-109, -63,  26,  -3, -23,-968,-263;
  15,-255,-106, -62,  26,  -3, -24,-971,-264;
  15,-256,-110, -60,  25,  -4, -27,-964,-266;
  13,-255,-106, -60,  25,  -4, -22,-965,-265;
  14,-254,-105, -60,  27,  -4, -22,-966,-264;
  15,-254,-107, -62,  29,  -4, -18,-962,-264;
  15,-254,-112, -61,  30,  -4, -23,-965,-269;
  13,-249,-111, -59,  32,  -3, -20,-960,-264;
  16,-256,-118, -58,  34,  -3, -25,-962,-266;
  12,-255,-107, -58,  35,  -2, -24,-965,-267;
  15,-255,-110, -55,  36,  -2, -24,-967,-262;
  11,-253,-110, -55,  36,  -2, -21,-963,-261;
  16,-253,-107, -57,  37,  -3, -25,-959,-261;
  16,-255,-109, -53,  37,  -3, -17,-967,-265;
  12,-251,-111, -54,  36,  -3, -22,-965,-261;
  15,-253,-103, -52,  34,  -3, -19,-963,-261;
  17,-255,-105, -52,  33,  -2, -17,-962,-264;
  12,-254,-112, -51,  32,  -1, -20,-968,-262;
  14,-253,-111, -50,  31,  -3, -20,-963,-262;
  11,-243,-108, -48,  29,  -3, -23,-963,-263;
  14,-255,-107, -50,  29,  -4, -23,-962,-260;
  15,-255,-107, -52,  28,  -3, -24,-964,-258;
  15,-254,-108, -51,  28,  -3, -24,-962,-266;
  15,-251,-107, -50,  30,  -4, -28,-964,-264;
  15,-252,-111, -49,  30,  -5, -25,-957,-262;
  14,-253,-107, -49,  32,  -4, -27,-962,-260;
  12,-251,-108, -49,  31,  -5, -26,-962,-265;
  12,-253,-108, -51,  29,  -5, -23,-958,-256;
  17,-256,-104, -52,  28,  -5, -23,-958,-259;
  16,-253,-108, -51,  28,  -6, -26,-962,-262;
  20,-255,-104, -49,  26,  -5, -25,-961,-265;
  14,-254,-105, -47,  25,  -5, -26,-962,-264;
  13,-253,-108, -46,  24,  -5, -20,-962,-262;
  13,-253,-108, -45,  24,  -4, -25,-959,-264;
  15,-254,-113, -43,  24,  -4, -23,-964,-265;
  14,-253,-105, -45,  24,  -3, -22,-961,-266;
  14,-255,-110, -45,  25,  -6, -24,-962,-269;
  16,-253,-108, -46,  25,  -3, -20,-964,-263;
  10,-252,-116, -45,  26,  -4, -21,-962,-264;
  16,-255,-102, -42,  26,  -4, -17,-962,-261;
  14,-251,-111, -43,  26,  -3, -26,-961,-261;
  18,-259,-106, -43,  27,  -3, -29,-962,-260;
  17,-254,-108, -42,  28,  -3, -30,-959,-266;
  17,-253,-107, -41,  29,  -3, -22,-959,-264;
  17,-253,-108, -41,  30,  -3, -20,-966,-266;
  14,-253,-105, -39,  31,  -1, -24,-971,-270;
  12,-254,-107, -39,  29,  -1, -26,-965,-266;
  12,-255,-107, -38,  30,  -1, -23,-966,-270;
  16,-256,-108, -36,  29,   0, -26,-969,-264;
  17,-255,-103, -35,  28,  -1, -25,-968,-267;
  13,-253,-103, -35,  28,  -1, -23,-972,-264;
  13,-256,-110, -34,  25,  -2, -21,-969,-265;
  16,-257,-111, -36,  23,  -2, -23,-973,-270;
  14,-255,-108, -37,  23,  -2, -25,-968,-270;
  15,-256,-107, -37,  22,  -3, -23,-971,-264;
  15,-256,-111, -37,  21,  -3, -24,-970,-259;
  12,-256,-110, -36,  21,  -2, -23,-968,-269;
  15,-254,-107, -34,  19,  -2, -28,-969,-264;
  15,-255,-107, -32,  19,  -2, -23,-967,-263;
  15,-252,-108, -34,  19,  -3, -19,-968,-258;
  12,-251,-105, -34,  19,  -4, -26,-963,-261;
  16,-256,-105, -31,  17,  -4, -24,-966,-265;
  13,-255,-106, -31,  19,  -5, -19,-964,-268;
  12,-257,-116, -31,  20,  -4, -23,-967,-263;
  17,-252,-108, -30,  21,  -4, -22,-964,-260;
  17,-254,-107, -27,  22,  -4, -18,-958,-260;
  15,-254,-106, -28,  22,  -4, -23,-961,-262;
  16,-255,-107, -29,  22,  -3, -20,-959,-265;
  12,-251,-110, -30,  22,  -3, -20,-957,-261;
  17,-254,-112, -30,  23,  -2, -13,-962,-269;
  16,-256,-110, -30,  25,   0, -19,-959,-271;
  14,-254,-110, -31,  26,  -1, -14,-965,-269;
  15,-252,-109, -32,  28,   0, -22,-966,-267;
  15,-254,-103, -31,  27,   0, -22,-960,-268;
  16,-253,-106, -32,  26,  -2, -18,-962,-270;
  13,-253,-111, -33,  28,   0, -21,-962,-274;
  16,-253,-110, -34,  27,   0, -22,-966,-270;
  14,-252,-112, -36,  25,   0, -23,-959,-274;
  16,-254,-109, -38,  25,   0, -16,-965,-273;
  13,-255,-111, -40,  25,   1, -21,-965,-273;
  14,-253,-108, -38,  24,   1, -21,-963,-275;
  17,-255,-109, -39,  22,   0, -21,-965,-275;
  16,-255,-112, -38,  21,   0, -19,-967,-274;
  15,-255,-110, -38,  22,   1, -22,-967,-274;
  13,-254,-113, -36,  20,  -1, -15,-966,-273;
  17,-253,-102, -37,  21,  -2, -23,-963,-270;
  13,-253,-111, -35,  21,  -2, -20,-960,-266;
  16,-250,-111, -33,  21,  -2, -26,-963,-262;
  14,-253,-109, -35,  23,  -1, -22,-958,-267;
  16,-250,-111, -36,  22,  -1, -22,-960,-270;
  14,-252,-110, -36,  24,  -1, -22,-961,-269;
  10,-251,-107, -38,  23,  -2, -26,-962,-268;
  14,-252,-108, -39,  24,  -1, -24,-963,-272;
  14,-253,-111, -40,  24,  -1, -21,-958,-269;
  10,-257,-109, -41,  23,   0, -21,-959,-267;
  10,-243,-105, -41,  24,   0, -22,-960,-264;
  13,-251,-114, -41,  26,  -1, -16,-953,-261;
  17,-253,-111, -42,  28,  -1, -26,-955,-266;
  16,-253,-106, -44,  28,  -1, -21,-960,-265;
  16,-253,-109, -46,  28,  -2, -20,-958,-266;
  16,-251,-110, -47,  29,  -1, -26,-957,-268;
  15,-253,-110, -48,  27,  -2, -24,-958,-271;
  13,-254,-108, -48,  27,  -1, -22,-954,-265;
  12,-250,-108, -45,  25,  -1, -28,-965,-271;
  12,-250,-112, -43,  25,  -2, -30,-958,-270;
  11,-252,-111, -43,  25,  -2, -21,-961,-268;
  12,-255,-105, -42,  25,  -2, -22,-962,-270;
  15,-255,-112, -45,  23,  -3, -21,-960,-269;
  10,-255,-108, -47,  22,  -3, -29,-965,-272;
  12,-254,-110, -49,  20,  -3, -32,-963,-272;
  13,-252,-110, -49,  21,  -4, -24,-968,-269;
  14,-254,-112, -47,  19,  -6, -27,-962,-269;
  16,-255,-112, -44,  20,  -7, -28,-967,-273;
  15,-251,-111, -43,  18,  -8, -22,-967,-270;
  16,-252,-111, -40,  18,  -7, -28,-963,-270;
  15,-254,-108, -40,  19,  -7, -25,-965,-266;
  16,-256,-109, -39,  18,  -6, -28,-963,-272;
  16,-255,-107, -40,  17,  -7, -20,-961,-270;
  15,-254,-110, -43,  17,  -6, -20,-967,-268;
  15,-256,-107, -44,  16,  -6, -26,-968,-267;
  15,-252,-111, -44,  18,  -5, -22,-961,-272;
  13,-254,-111, -46,  19,  -4, -24,-964,-272;
  16,-256,-107, -47,  19,  -4, -22,-966,-269;
  14,-257,-109, -48,  18,  -5, -19,-966,-268;
  13,-257,-110, -49,  18,  -4, -16,-967,-266;
  16,-255,-109, -50,  19,  -5, -23,-971,-267;
  17,-256,-106, -51,  17,  -5, -29,-970,-267;
  15,-255,-103, -53,  18,  -4, -26,-970,-261;
  14,-259,-107, -53,  17,  -5, -22,-973,-260;
  10,-254,-109, -51,  15,  -7, -24,-969,-259;
  16,-255,-105, -50,  15,  -7, -21,-968,-260;
  14,-257,-110, -48,  14,  -8, -24,-970,-261;
  12,-255,-106, -46,  15,  -8, -22,-969,-259;
  15,-255,-109, -45,  16,  -9, -21,-966,-259;
  15,-256,-110, -43,  17,  -9, -21,-968,-262;
  14,-253,-106, -43,  19, -10, -18,-969,-261;
  14,-255,-106, -42,  18,  -9, -27,-967,-260;
  14,-256,-108, -44,  17,  -9, -21,-966,-260;
  11,-257,-108, -42,  18, -10, -22,-966,-261;
  12,-248,-104, -40,  17, -10, -25,-970,-261;
  14,-254,-105, -39,  16, -11, -27,-965,-262;
  14,-254,-107, -40,  16,  -8, -26,-964,-263;
  10,-254,-109, -41,  16,  -9, -25,-965,-264;
  13,-254,-109, -41,  14,  -9, -22,-969,-265;
  14,-255,-109, -40,  13, -11, -22,-970,-266;
  14,-254,-113, -38,  13, -12, -23,-967,-269;
  15,-255,-105, -38,  13, -12, -30,-967,-266;
  15,-255,-109, -36,  11, -12, -26,-966,-263;
  16,-256,-107, -35,   9, -14, -24,-968,-267;
  14,-256,-110, -32,   9, -13, -24,-968,-265;
   8,-254,-106, -32,   8, -13, -29,-969,-265;
  13,-256,-107, -32,   8, -13, -28,-967,-265;
  13,-255,-108, -33,   6, -13, -22,-968,-259;
  13,-254,-104, -32,   6, -14, -28,-969,-261;
  13,-255,-109, -32,   5, -14, -28,-963,-261;
  14,-255,-106, -31,   5, -15, -29,-968,-261;
  11,-253,-107, -33,   4, -15, -23,-967,-260;
  16,-256,-107, -33,   5, -14, -29,-966,-257;
  18,-256,-102, -30,   6, -15, -24,-969,-263;
  17,-256,-104, -33,   8, -16, -25,-968,-260;
  12,-255,-110, -32,   9, -16, -20,-962,-258;
  19,-249,-112, -32,   9, -15, -23,-962,-263;
  14,-254,-107, -33,  11, -16, -27,-968,-258;
  14,-255,-108, -33,  11, -15, -23,-969,-258;
  14,-253,-107, -30,  11, -16, -20,-968,-255;
  14,-254,-111, -29,   8, -15, -22,-967,-254;
  14,-254,-109, -29,   7, -15, -20,-972,-263;
  18,-255,-106, -28,   6, -15, -20,-966,-265;
  14,-256,-105, -27,   5, -14, -22,-972,-265;
  13,-252,-106, -27,   4, -14, -26,-973,-265;
  10,-255,-106, -28,   3, -14, -20,-968,-269;
  15,-255,-105, -30,   3, -14, -22,-970,-265;
  15,-257,-107, -32,   2, -14, -28,-970,-263;
  13,-253,-105, -35,   4, -13, -21,-969,-262;
  11,-255,-105, -33,   5, -12, -23,-968,-262;
  15,-255,-106, -36,   5, -13, -27,-970,-263;
  15,-254,-107, -33,   3, -12, -21,-971,-260;
  15,-255,-106, -32,   3, -14, -20,-973,-266;
  16,-255,-105, -31,   4, -14, -21,-968,-260;
  13,-253,-103, -30,   2, -13, -21,-971,-265;
  16,-257,-108, -29,   4, -14, -20,-969,-262;
  14,-255,-103, -28,   4, -15, -23,-967,-265;
   9,-255,-112, -26,   3, -17, -19,-969,-259;
  16,-250,-102, -27,   3, -17, -25,-969,-258;
  13,-255,-106, -27,   2, -17, -24,-965,-255;
  14,-252,-104, -27,   1, -17, -22,-966,-262;
  13,-255,-105, -27,   0, -17, -19,-970,-257;
  13,-255,-109, -25,   1, -17, -24,-964,-252;
  14,-252,-104, -27,   1, -17, -22,-957,-256;
  18,-252,-107, -26,   1, -17, -20,-965,-259;
  20,-255,-106, -26,   1, -19, -21,-963,-258;
  16,-253,-108, -26,   0, -19, -24,-962,-261;
  11,-251,-109, -27,   1, -17, -23,-960,-260;
  20,-255,-104, -30,   0, -17, -19,-963,-261;
  13,-252,-107, -29,   1, -17, -25,-967,-264;
  12,-253,-107, -28,  -1, -17, -25,-967,-260;
  15,-254,-107, -29,   2, -17, -20,-962,-264;
  13,-251,-110, -29,   2, -16, -22,-966,-265;
  12,-252,-107, -27,   2, -16, -21,-968,-267;
  16,-254,-109, -28,   3, -16, -18,-969,-265;
  15,-255,-102, -29,   4, -16, -19,-968,-259;
  13,-252,-105, -29,   5, -16, -21,-965,-263;
  15,-254,-104, -30,   7, -15, -21,-966,-264;
  12,-255,-108, -29,   8, -15, -17,-969,-264;
  17,-254,-106, -28,   9, -14, -19,-965,-261;
  15,-254,-103, -28,   9, -14, -18,-970,-267;
  13,-251,-110, -29,   8, -13, -18,-965,-262;
  19,-254,-109, -32,   8, -13, -21,-966,-264;
  18,-254,-106, -30,   8, -14, -23,-971,-262;
  19,-257,-106, -31,   9, -14, -15,-969,-261;
  17,-255,-105, -33,   9, -14, -11,-967,-264;
  18,-256,-105, -31,   9, -15, -15,-968,-254;
  18,-255,-110, -32,   8, -14, -17,-966,-260;
  15,-256,-112, -33,   8, -14, -20,-968,-260;
  13,-251,-110, -31,   8, -14, -19,-969,-257;
  12,-256,-107, -34,   6, -13, -18,-971,-260;
  17,-255,-108, -33,   8, -12, -13,-970,-258;
  17,-253,-107, -31,   8, -11, -19,-969,-258;
  14,-253,-106, -30,   9, -11, -17,-969,-262;
  17,-256,-103, -29,  11, -10, -16,-963,-257;
  15,-254,-108, -29,  10, -10, -17,-968,-256;
  12,-254,-102, -29,  10, -10, -22,-960,-253;
  15,-255,-106, -27,   9, -11, -22,-966,-254;
  14,-255,-104, -26,   6, -11, -26,-965,-261;
  15,-256,-109, -25,   5, -11, -22,-972,-259;
  17,-255,-107, -24,   6, -11, -26,-968,-257;
  13,-254,-114, -26,   7, -10, -17,-957,-251;
  17,-255,-105, -26,   8, -10, -18,-961,-256;
  15,-252,-109, -28,  10, -10, -16,-964,-261;
  14,-250,-108, -31,  13, -10, -19,-963,-262;
  12,-254,-107, -32,  14,  -9, -13,-959,-257;
  15,-253,-107, -35,  16, -10, -17,-963,-259;
  17,-254,-109, -36,  17, -10, -17,-968,-256;
  16,-251,-107, -36,  17, -10, -28,-965,-259;
  14,-256,-106, -34,  18, -10, -25,-964,-260;
  14,-251,-108, -33,  18,  -7, -22,-962,-258;
  14,-252,-108, -32,  19,  -8, -23,-966,-255;
  13,-256,-105, -31,  16,  -7, -18,-959,-254;
  15,-251,-107, -32,  17,  -8, -17,-966,-254;
  13,-254,-106, -33,  16,  -8, -20,-963,-257;
  14,-254,-107, -34,  14,  -9, -21,-963,-259;
  15,-253,-110, -33,  14,  -9, -24,-963,-256;
  11,-251,-107, -33,  13, -11, -26,-960,-260;
  13,-253,-106, -32,  13, -10, -23,-961,-259;
  15,-251,-107, -30,  12, -13, -20,-961,-258;
  16,-254,-105, -29,  13, -13, -26,-965,-255;
  14,-253,-105, -27,  14, -12, -18,-962,-258;
  16,-253,-105, -26,  13, -12, -16,-964,-256;
  18,-255,-103, -26,  10, -12, -21,-966,-261;
  16,-255,-104, -27,  10, -13, -14,-965,-261;
  15,-256,-110, -28,   8, -12, -18,-964,-261;
  15,-254,-107, -28,   8, -11, -13,-967,-261;
  14,-255,-106, -26,   8, -11, -20,-971,-260;
  18,-255,-104, -29,   9, -10, -15,-968,-256;
  17,-253,-107, -27,  10, -10,  -8,-968,-250;
  13,-256,-109, -30,  11,  -9, -16,-960,-251;
  16,-252,-102, -29,  15,  -8, -14,-961,-255;
  19,-256,-105, -34,  14,  -7,  -9,-963,-255;
  16,-253,-104, -36,  17,  -6, -16,-969,-250;
  20,-254,-102, -40,  18,  -7, -12,-963,-252;
  17,-255,-106, -44,  19,  -5, -15,-970,-252;
  17,-255,-104, -46,  20,  -5, -21,-968,-252;
  17,-255,-105, -47,  19,  -6, -19,-968,-252;
  16,-255,-106, -47,  19,  -6, -15,-971,-247;
  18,-256,-104, -45,  19,  -7, -17,-971,-253;
  15,-254,-106, -44,  19,  -6, -21,-972,-254;
  16,-256,-105, -43,  19,  -6, -20,-970,-253;
  16,-257,-104, -42,  17,  -7, -15,-971,-255;
  16,-256,-106, -43,  17,  -6, -13,-970,-253;
  17,-256,-108, -42,  17,  -7, -17,-970,-258;
  12,-253,-101, -44,  18,  -7, -17,-966,-254;
  16,-257,-109, -41,  15,  -5, -23,-970,-253;
  15,-253,-105, -42,  16,  -5, -16,-966,-257;
  12,-255,-106, -41,  18,  -6, -20,-967,-250;
  14,-256,-106, -44,  19,  -6, -19,-965,-256;
  16,-254,-107, -42,  20,  -6, -25,-967,-251;
  13,-252,-106, -44,  21,  -7, -17,-970,-255;
  14,-254,-103, -42,  20,  -8, -16,-968,-253;
  13,-257,-104, -43,  20,  -7, -17,-969,-255;
  14,-256,-105, -41,  20,  -7, -20,-969,-258;
  13,-254,-106, -39,  19,  -8, -21,-972,-260;
  20,-255,-101, -39,  18,  -8, -20,-965,-253;
  18,-255,-105, -36,  17, -10, -16,-968,-255;
  14,-255,-106, -37,  17, -10, -18,-966,-258;
  17,-255,-107, -34,  17, -10, -17,-965,-257;
  12,-253,-104, -35,  16,  -9, -20,-965,-256;
  17,-254,-107, -37,  16,  -9, -28,-967,-253;
  17,-254,-105, -38,  15,  -9, -26,-966,-254;
  15,-252,-107, -42,  13,  -9, -22,-971,-254;
  16,-251,-102, -41,  13, -10, -25,-963,-244;
  16,-255,-104, -41,  13, -10, -16,-959,-248;
  17,-251,-102, -41,  14,  -9, -21,-966,-250;
  11,-253,-106, -43,  13,  -8, -23,-966,-251;
  15,-253,-103, -43,  12,  -9, -19,-963,-250;
  14,-253,-104, -44,  12, -10, -15,-967,-251;
  16,-256,-104, -44,  12, -10, -19,-968,-244;
  15,-255,-106, -45,  11, -11, -20,-969,-249;
  14,-254,-106, -43,  11, -10, -16,-967,-256;
  13,-255,-102, -44,  12, -10,  -6,-968,-250;
  19,-255,-102, -42,  12, -10, -16,-967,-248;
  16,-254,-107, -43,  14, -11, -15,-964,-250;
  19,-254,-105, -44,  13, -10, -10,-969,-255;
  11,-255,-103, -44,  13, -10, -17,-965,-251;
  15,-256,-108, -45,  14, -11,  -8,-967,-252;
  17,-257,-109, -44,  14,  -9, -13,-965,-257;
  15,-252,-103, -46,  14, -11, -16,-969,-255;
  17,-255,-104, -46,  13, -10, -23,-968,-256;
  16,-255,-101, -46,  14, -10, -13,-967,-255;
  14,-251,-103, -48,  13,  -9, -11,-971,-255;
  16,-256,-104, -49,  13, -10, -13,-969,-258;
  18,-255,-105, -48,  12,  -9, -16,-971,-252;
  15,-251,-101, -47,  12,  -9, -14,-967,-257;
  17,-256,-104, -48,  12, -10, -11,-970,-255;
  24,-254,-104, -50,  12,  -9, -18,-972,-248;
  17,-254,-106, -51,  11,  -9, -16,-972,-249;
  16,-251,-104, -53,  10,  -9, -17,-970,-253;
  17,-255,-106, -54,  10, -10, -19,-968,-247;
  15,-255,-101, -56,  10,  -9, -14,-970,-247;
  16,-255,-107, -56,   9,  -9, -18,-965,-249;
  14,-254,-103, -56,  10,  -9, -16,-967,-247;
  16,-254,-103, -55,  10,  -9, -19,-975,-252;
  15,-256,-105, -55,  10,  -9, -17,-972,-256;
  17,-255,-107, -53,  11,  -8, -16,-971,-250;
  16,-256,-102, -53,  11,  -8, -19,-972,-250;
  11,-255, -95, -50,  10,  -8, -17,-976,-249;
  15,-253,-103, -48,   9,  -8, -24,-974,-249;
  17,-255,-106, -44,   8,  -9, -18,-970,-253;
  15,-255,-104, -44,   7, -10, -19,-969,-249;
  16,-253,-103, -45,   7, -11, -20,-969,-249;
  17,-254,-106, -46,   5, -10, -16,-967,-249;
  16,-255,-105, -44,   6, -10, -19,-965,-250;
  16,-255,-105, -44,   7, -10, -17,-967,-259;
  15,-252,-104, -40,   8,  -9, -21,-971,-250;
  20,-256,-105, -42,   8, -11, -15,-965,-249;
  17,-256,-107, -41,   8, -10, -16,-964,-247;
  18,-256,-105, -44,   8, -11, -13,-967,-249;
  17,-256,-108, -46,   9,  -9, -15,-968,-250;
  15,-256,-101, -48,   9, -10,  -6,-968,-252;
  20,-257,-104, -50,  11, -10, -12,-968,-249;
  17,-255,-105, -50,  11, -10, -14,-968,-247;
  15,-254,-104, -50,  11, -10, -15,-969,-249;
  17,-255,-101, -48,  12, -10,  -6,-967,-249;
  17,-254,-109, -47,  12, -10,  -7,-971,-250;
  19,-257,-101, -49,  12, -11, -13,-971,-247;
  18,-254,-103, -47,  12, -11, -12,-970,-251;
  15,-252,-104, -47,  11, -10, -13,-968,-249;
  13,-263,-104, -47,  10, -10, -12,-968,-250;
  18,-254,-103, -46,  10, -11, -16,-970,-253;
  16,-254,-105, -47,  10, -10, -16,-971,-253;
  13,-253,-104, -46,   9, -10, -20,-969,-255;
  17,-254,-105, -46,   9, -10, -14,-968,-249;
  15,-253,-103, -47,   9, -10, -23,-966,-253;
  15,-253,-104, -47,   9,  -9,  -8,-964,-254;
  13,-253,-101, -47,   9,  -8, -12,-963,-252;
  15,-255,-103, -50,  11,  -8, -19,-968,-256;
  13,-259,-107, -50,  13,  -8, -13,-977,-255;
  16,-255,-110, -50,  11,  -9, -18,-973,-254;
  17,-255,-104, -50,  12,  -9, -13,-969,-251;
  14,-256,-105, -49,  10,  -8, -18,-968,-252;
  16,-253,-103, -51,  10,  -8, -14,-968,-252;
  16,-256,-109, -51,  11,  -8, -18,-964,-247;
  12,-252,-103, -52,  13,  -7, -15,-967,-252;
  17,-254,-102, -51,  12,  -7, -16,-965,-250;
  15,-256,-103, -54,  15,  -7, -19,-965,-249;
  18,-254,-105, -53,  16,  -7, -16,-965,-250;
  14,-254,-105, -53,  17,  -6, -19,-963,-246;
  14,-252,-104, -51,  17,  -4, -16,-966,-248;
  18,-253,-106, -51,  17,  -4, -20,-961,-254;
  11,-253,-103, -50,  16,  -4, -17,-960,-252;
  16,-254,-107, -51,  16,  -4, -23,-959,-250;
  15,-253,-106, -53,  15,  -4, -17,-964,-247;
  18,-256,-103, -55,  16,  -3, -15,-963,-254;
  16,-255,-105, -59,  17,  -5, -16,-965,-255;
  15,-253,-103, -61,  17,  -6, -20,-968,-252;
  18,-257,-104, -62,  16,  -5, -18,-961,-251;
  15,-254,-103, -59,  14,  -7, -17,-969,-255;
  14,-255,-109, -58,  13,  -8, -18,-967,-255;
  17,-251,-106, -55,  12,  -9, -17,-965,-251;
  14,-253,-107, -54,  12,  -9, -11,-967,-254;
  21,-253,-106, -52,  11,  -9, -18,-962,-247;
  18,-254,-107, -52,  10,  -9, -16,-966,-255;
  18,-254,-106, -52,  10, -11, -15,-966,-250;
  15,-255,-109, -51,  10,  -9, -15,-965,-250;
  17,-254,-107, -52,   9,  -9,  -8,-965,-256;
  18,-254,-104, -51,  11,  -9,  -7,-966,-256;
  17,-254,-108, -51,  10, -10,  -9,-966,-259;
  16,-249,-108, -53,  11,  -9, -10,-968,-256;
  15,-253,-107, -54,  12,  -7, -12,-962,-256;
  14,-254,-108, -58,  14,  -7, -18,-965,-260;
  15,-255,-105, -61,  15,  -8, -10,-963,-260;
   7,-256,-105, -64,  16,  -5, -12,-965,-258;
  15,-253,-105, -65,  17,  -6, -12,-967,-250;
  16,-255,-102, -67,  17,  -5, -11,-967,-252;
  17,-256,-104, -70,  17,  -4, -12,-969,-244;
  14,-257,-106, -71,  17,  -4, -14,-967,-254;
  16,-256,-103, -68,  17,  -4, -19,-965,-252;
  14,-253,-112, -69,  17,  -4, -11,-967,-249;
  18,-258,-105, -68,  18,  -2, -18,-970,-254;
  17,-256,-106, -66,  19,  -3, -15,-971,-257;
  14,-254,-104, -67,  20,  -2, -16,-963,-254;
  17,-254,-110, -67,  21,  -2, -13,-966,-258;
  17,-254,-109, -70,  21,  -1, -14,-963,-259;
  19,-253,-111, -72,  23,   0, -15,-964,-260;
  17,-255,-104, -73,  24,   0,  -6,-959,-261;
  19,-255,-108, -75,  25,   0, -12,-963,-261;
  19,-254,-107, -75,  25,   2, -11,-964,-260;
  16,-255,-106, -75,  27,   2, -17,-962,-262;
  16,-254,-110, -77,  28,   2, -14,-955,-265;
  19,-250,-106, -80,  27,   1, -12,-965,-266;
  19,-254,-110, -83,  28,   2, -11,-962,-261;
  16,-253,-105, -84,  27,   1, -12,-966,-260;
  18,-253,-106, -85,  27,   1, -14,-956,-259;
  17,-255,-105, -85,  27,  -1, -13,-962,-264;
  18,-254,-107, -88,  28,  -2, -18,-964,-262;
  15,-251,-104, -88,  29,   0, -16,-959,-266;
  15,-252,-111, -87,  30,   0, -15,-958,-264;
  17,-254,-110, -89,  29,   0, -17,-957,-261;
  15,-249,-106, -91,  30,   0, -14,-961,-262;
  19,-251,-107, -92,  32,   0, -15,-954,-261;
  18,-250,-109, -96,  33,  -1, -12,-959,-263;
  16,-250,-111, -99,  31,  -1, -10,-955,-265;
  18,-255, -99,-104,  32,  -2, -11,-958,-264;
  18,-253,-106,-105,  32,  -2,  -8,-951,-269;
  20,-253,-109,-106,  33,  -2,  -6,-953,-261;
  18,-250,-111,-111,  36,  -3,  -9,-951,-269;
  21,-252,-109,-114,  37,  -2,  -6,-952,-269;
  18,-251,-109,-116,  38,  -3, -14,-947,-273;
  20,-248,-107,-120,  40,  -4,  -6,-946,-271;
  18,-249,-110,-122,  42,  -5,  -9,-947,-275;
  15,-245,-112,-126,  43,  -6,  -1,-945,-270;
  18,-244,-115,-129,  42,  -4,  -5,-945,-275;
  20,-252,-114,-131,  41,  -4,  -8,-947,-278;
  15,-249,-112,-135,  40,  -5,  -6,-943,-282;
  16,-248,-106,-139,  40,  -6, -10,-943,-279;
  20,-249,-112,-145,  39,  -7, -14,-941,-278;
  16,-244,-111,-149,  41,  -8, -12,-942,-289;
  21,-251,-113,-151,  40,  -7,  -6,-942,-287;
  15,-245,-114,-154,  42,  -8, -13,-938,-291;
  15,-248,-114,-158,  42,  -7, -15,-939,-291;
  18,-245,-114,-163,  42,  -7, -16,-935,-292;
  21,-247,-115,-167,  44,  -7, -13,-937,-294;
  15,-245,-119,-172,  45,  -6, -17,-933,-301;
  19,-248,-115,-176,  46,  -5, -13,-932,-289;
  16,-243,-118,-179,  44,  -5, -17,-932,-297;
  15,-242,-113,-184,  43,  -5, -19,-935,-297;
  17,-245,-115,-188,  43,  -4, -20,-927,-299;
  17,-245,-116,-193,  42,  -3, -14,-928,-302;
  13,-242,-116,-200,  40,  -1, -24,-928,-303;
  12,-242,-116,-205,  40,  -2, -22,-924,-298;
  20,-244,-120,-212,  39,  -1, -20,-923,-303;
  15,-245,-120,-219,  40,   1, -18,-924,-305;
  12,-241,-118,-224,  40,   2, -20,-928,-306;
  11,-243,-117,-232,  42,   3, -17,-924,-309;
  17,-243,-118,-239,  44,   3, -18,-924,-310;
  14,-239,-116,-247,  46,   4, -22,-916,-310;
  13,-241,-117,-253,  46,   5, -21,-918,-315;
  14,-240,-123,-259,  44,   2, -26,-912,-313;
  14,-242,-123,-267,  42,   4, -20,-919,-319;
  14,-237,-123,-275,  40,   3, -16,-920,-321;
  14,-241,-122,-280,  37,   2, -20,-913,-325;
  14,-238,-124,-286,  34,   5, -17,-913,-327;
  14,-239,-127,-290,  31,   7, -18,-915,-327;
  17,-238,-118,-296,  30,   9, -17,-912,-330;
  15,-241,-126,-301,  27,  11, -17,-914,-331;
  16,-238,-128,-308,  27,  13, -19,-904,-331;
  16,-238,-124,-315,  28,  16, -20,-903,-339;
  15,-227,-132,-323,  28,  17, -18,-891,-336;
  15,-234,-130,-333,  29,  21, -22,-887,-339;
  16,-234,-127,-344,  31,  22, -21,-887,-338;
  14,-235,-128,-356,  30,  25, -22,-894,-348;
  15,-233,-128,-367,  27,  28, -22,-887,-343;
  12,-231,-127,-378,  29,  29, -18,-885,-350;
  13,-231,-130,-390,  26,  29, -21,-882,-348;
  14,-233,-129,-399,  25,  30, -23,-886,-354;
  16,-233,-129,-411,  23,  30, -17,-879,-355;
  16,-231,-126,-422,  20,  29, -26,-879,-352;
  17,-230,-127,-433,  18,  29, -28,-876,-358;
  10,-229,-132,-443,  18,  29, -25,-871,-366;
  13,-229,-130,-457,  18,  29, -28,-868,-363;
  13,-228,-133,-470,  17,  29, -32,-867,-365;
  14,-232,-132,-481,  17,  30, -29,-872,-370;
  12,-228,-135,-494,  15,  29, -31,-874,-369;
  12,-228,-133,-506,  12,  30, -29,-868,-372;
  14,-228,-133,-516,   9,  31, -28,-867,-373;
  10,-226,-136,-527,   6,  30, -28,-860,-377;
  14,-228,-135,-537,   2,  31, -32,-854,-382;
  15,-225,-135,-546,  -2,  33, -28,-854,-391;
  12,-226,-135,-559,  -4,  33, -22,-854,-387;
  12,-229,-136,-570,  -7,  33, -35,-852,-397;
  12,-225,-141,-578, -11,  34, -26,-852,-402;
  12,-227,-144,-588, -15,  35, -31,-855,-411;
  13,-225,-146,-592, -19,  36, -28,-857,-416;
  14,-225,-143,-601, -22,  38, -30,-857,-420;
  11,-227,-146,-611, -23,  37, -27,-858,-423;
  10,-223,-149,-621, -22,  39, -22,-856,-424;
  12,-226,-152,-629, -21,  40, -24,-849,-425;
  15,-226,-149,-637, -19,  41, -25,-851,-422;
  12,-225,-147,-645, -16,  44, -26,-850,-432;
  11,-222,-148,-654, -10,  45, -21,-848,-431;
   9,-227,-147,-660,  -7,  47, -27,-847,-429;
  14,-222,-150,-668,  -2,  50, -30,-841,-432;
  10,-220,-148,-678,   1,  52, -34,-841,-437;
  13,-223,-150,-689,   6,  54, -30,-836,-436;
  12,-220,-153,-701,  10,  54, -34,-835,-439;
  13,-221,-152,-716,  15,  56, -32,-831,-441;
  14,-223,-149,-731,  18,  55, -34,-836,-441;
  14,-222,-156,-748,  21,  56, -32,-833,-444;
  14,-226,-155,-762,  24,  58, -31,-834,-446;
  10,-221,-153,-777,  27,  58, -33,-835,-444;
  14,-217,-151,-788,  31,  61, -33,-834,-449;
  11,-222,-155,-800,  33,  61, -32,-830,-456;
  13,-220,-155,-809,  36,  59, -38,-835,-458;
   9,-215,-156,-816,  38,  59, -36,-832,-458;
   9,-216,-154,-822,  36,  57, -34,-825,-458;
  12,-217,-157,-826,  33,  57, -35,-820,-467;
   8,-214,-161,-830,  30,  57, -36,-817,-468;
   8,-215,-162,-834,  25,  57, -34,-817,-472;
  12,-216,-159,-839,  20,  57, -33,-813,-482;
   9,-212,-167,-842,  14,  59, -34,-816,-487;
  13,-215,-169,-847,  11,  61, -33,-810,-494;
   6,-207,-173,-850,   7,  62, -36,-811,-504;
  11,-215,-169,-850,  -1,  62, -39,-812,-504;
   7,-214,-171,-850, -11,  61, -36,-810,-502;
   7,-211,-169,-849, -22,  62, -38,-813,-509;
   9,-213,-173,-850, -29,  60, -44,-805,-517;
   8,-210,-174,-856, -35,  59, -41,-804,-530;
   9,-211,-177,-861, -36,  58, -39,-803,-537;
   8,-211,-176,-868, -33,  58, -45,-803,-540;
   6,-210,-174,-877, -28,  57, -51,-801,-545;
   6,-214,-182,-881, -25,  56, -52,-801,-547;
   3,-215,-180,-884, -24,  59, -47,-803,-547;
   3,-212,-180,-885, -26,  61, -46,-809,-549;
   9,-212,-179,-888, -29,  63, -35,-807,-553;
  11,-215,-180,-889, -31,  65, -35,-811,-553;
   8,-215,-182,-889, -27,  66, -35,-810,-559;
   7,-217,-182,-889, -23,  65, -38,-806,-557;
   8,-215,-186,-888, -17,  63, -40,-805,-566;
   9,-212,-186,-888, -16,  60, -35,-799,-566;
  13,-209,-186,-884, -17,  55, -32,-797,-568;
   9,-208,-185,-879, -20,  51, -35,-790,-574;
   8,-212,-188,-876, -25,  49, -36,-793,-576;
  10,-210,-190,-874, -28,  48, -34,-793,-586;
   9,-212,-188,-875, -30,  45, -34,-794,-583;
  10,-209,-189,-877, -34,  45, -36,-795,-594;
  11,-212,-191,-881, -39,  42, -35,-795,-599;
  11,-210,-189,-881, -40,  41, -35,-795,-605;
  10,-212,-190,-881, -39,  41, -35,-798,-608;
   7,-210,-194,-880, -35,  39, -41,-794,-608;
   8,-209,-195,-882, -32,  39, -46,-793,-606;
   8,-210,-191,-884, -28,  39, -43,-791,-617;
   8,-211,-199,-890, -25,  40, -49,-791,-624;
   7,-209,-196,-894, -24,  40, -49,-786,-621;
   4,-202,-202,-899, -25,  38, -50,-779,-628;
   9,-203,-200,-902, -26,  39, -56,-773,-635;
   3,-204,-197,-905, -27,  38, -53,-770,-635;
   3,-206,-199,-904, -29,  36, -61,-782,-643;
   3,-208,-203,-901, -35,  36, -60,-784,-636;
   2,-209,-199,-895, -40,  37, -63,-794,-641;
   1,-208,-197,-883, -45,  41, -60,-796,-639;
   1,-208,-201,-878, -51,  43, -60,-795,-638;
   1,-209,-202,-876, -57,  47, -54,-792,-637;
   7,-209,-201,-871, -58,  50, -51,-797,-644;
   6,-209,-200,-867, -54,  52, -46,-792,-645;
   8,-210,-201,-860, -46,  49, -43,-790,-647;
   7,-205,-203,-851, -38,  48, -42,-785,-656;
   7,-208,-204,-843, -33,  46, -42,-774,-663;
   9,-206,-208,-837, -29,  44, -43,-767,-669;
   8,-201,-208,-835, -29,  42, -44,-763,-671;
   8,-198,-213,-829, -30,  40, -46,-755,-682;
   7,-200,-209,-825, -30,  40, -55,-744,-689;
   6,-198,-212,-821, -28,  39, -53,-749,-690;
   6,-197,-216,-817, -28,  39, -53,-739,-698;
   6,-194,-213,-813, -27,  40, -53,-733,-701;
   8,-196,-218,-810, -23,  43, -57,-724,-710;
   4,-192,-221,-807, -22,  45, -54,-722,-715;
   2,-187,-223,-808, -20,  49, -59,-713,-719;
   4,-192,-221,-810, -20,  54, -57,-713,-725;
   7,-188,-221,-816, -21,  57, -58,-711,-728;
   3,-190,-225,-820, -22,  59, -57,-712,-736;
   5,-191,-221,-823, -24,  61, -53,-712,-730;
   6,-192,-221,-826, -26,  62, -55,-713,-737;
   3,-191,-224,-827, -28,  61, -54,-715,-742;
   2,-189,-223,-823, -32,  60, -54,-712,-741;
   7,-194,-224,-818, -36,  58, -52,-715,-749;
   4,-191,-230,-813, -38,  53, -56,-717,-748;
   0,-192,-230,-807, -39,  50, -60,-717,-758;
   5,-189,-227,-800, -37,  46, -64,-710,-753;
   2,-189,-227,-792, -33,  44, -63,-710,-757;
   2,-186,-228,-785, -24,  41, -65,-706,-761;
   4,-188,-229,-781, -16,  39, -58,-698,-756;
   5,-183,-228,-775,  -6,  38, -58,-682,-758;
   6,-181,-230,-769,   3,  37, -53,-661,-755;
   8,-183,-232,-759,   9,  38, -50,-666,-765;
   6,-176,-226,-749,  14,  39, -53,-656,-767;
   4,-178,-235,-742,  13,  40, -53,-651,-768;
   4,-177,-235,-738,  10,  43, -47,-648,-767;
  11,-172,-230,-738,  10,  43, -45,-645,-766;
   9,-167,-236,-738,   9,  43, -44,-639,-775;
   9,-173,-233,-737,  13,  41, -45,-641,-775;
   7,-173,-234,-736,  15,  40, -46,-638,-773;
   5,-173,-233,-730,  18,  37, -42,-638,-772;
   7,-172,-230,-721,  17,  35, -46,-641,-778;
   4,-174,-234,-712,  13,  33, -51,-636,-784;
   6,-170,-235,-708,  13,  35, -53,-631,-789;
   6,-167,-239,-701,  12,  33, -61,-630,-801;
   2,-170,-247,-696,  14,  31, -63,-626,-799;
   1,-170,-242,-692,  19,  32, -62,-620,-806;
   2,-163,-247,-691,  26,  34, -72,-618,-809;
   1,-166,-244,-689,  32,  35, -66,-616,-807;
  -1,-166,-240,-689,  35,  34, -77,-612,-814;
   0,-165,-247,-689,  36,  34, -80,-612,-817;
  -3,-164,-245,-692,  36,  40, -91,-606,-813;
   1,-163,-246,-696,  38,  44, -75,-605,-814;
  -2,-162,-245,-696,  33,  46, -86,-603,-819;
  -2,-161,-250,-696,  31,  49, -92,-605,-828;
  -2,-162,-246,-694,  32,  52, -84,-607,-825;
  -5,-159,-247,-690,  28,  46,-104,-597,-834;
   1,-161,-247,-687,  32,  49, -91,-596,-837;
   1,-161,-245,-681,  35,  51, -68,-599,-823;
  -2,-158,-251,-677,  35,  46, -97,-594,-832;
   3,-160,-248,-675,  43,  50, -83,-590,-835;
   0,-154,-250,-670,  49,  52, -66,-586,-830;
   0,-152,-249,-663,  55,  55, -77,-575,-829;
   3,-153,-252,-654,  64,  63, -66,-571,-832;
   4,-156,-251,-642,  69,  62, -47,-576,-830;
  -2,-153,-254,-632,  72,  54, -75,-560,-847;
   2,-152,-251,-629,  80,  63, -67,-562,-850;
   3,-153,-255,-629,  85,  71, -57,-569,-854;
   1,-153,-258,-630,  85,  65, -64,-571,-862;
  -3,-148,-261,-628,  83,  52, -86,-560,-872;
  -1,-152,-258,-630,  92,  64, -77,-567,-883;
   0,-151,-260,-631,  97,  71, -68,-573,-880;
  14,-159,-253,-631,  98,  65, -20,-590,-860;
  -4,-150,-256,-619,  88,  39,-106,-553,-898;
  -3,-150,-262,-609,  99,  53, -95,-560,-898;
   0,-151,-259,-607, 111,  70, -89,-563,-898;
   0,-149,-263,-607, 115,  72, -75,-551,-899;
   0,-148,-264,-603, 118,  73, -76,-551,-898;
   3,-146,-260,-593, 124,  78, -76,-548,-899;
  -1,-146,-263,-576, 130,  71, -49,-559,-903;
 -13,-144,-270,-554, 123,  54,-115,-525,-908;
  -1,-144,-271,-545, 125,  80, -78,-542,-909;
   3,-152,-263,-544, 116,  87, -80,-538,-911;
   1,-144,-260,-546, 106,  86, -74,-537,-908;
   1,-148,-265,-541, 102,  81, -71,-541,-907;
  20,-155,-259,-530,  98,  75, -38,-555,-886;
  -9,-142,-263,-503,  81,  45,-112,-533,-918;
   0,-147,-262,-486,  92,  55, -90,-535,-926;
   1,-146,-266,-479,  99,  66, -70,-537,-930;
   2,-151,-270,-476,  97,  66, -72,-538,-926;
  -1,-147,-268,-471,  95,  63, -73,-539,-925;
  -4,-146,-270,-463,  93,  64, -67,-537,-920;
   0,-145,-269,-456,  85,  62, -71,-534,-918;
   2,-143,-268,-443,  76,  61, -72,-530,-916;
  -1,-144,-268,-431,  70,  61, -69,-527,-918;
   2,-145,-265,-421,  63,  58, -75,-517,-914;
  -2,-138,-267,-407,  59,  50, -30,-524,-920;
  -6,-135,-273,-391,  49,  41,-115,-492,-931;
  -6,-136,-276,-383,  53,  60, -80,-497,-925;
  -3,-131,-272,-385,  48,  65, -80,-491,-922;
  -5,-131,-265,-387,  44,  64, -85,-485,-926;
   0,-128,-266,-384,  41,  64, -87,-479,-932;
  -1,-128,-269,-381,  39,  64, -89,-472,-932;
   0,-129,-268,-380,  37,  66, -83,-473,-936;
   1,-128,-270,-381,  36,  68, -79,-468,-932;
   0,-128,-269,-383,  37,  69, -78,-461,-932;
  -2,-128,-267,-387,  38,  68, -86,-457,-922;
  -2,-123,-267,-389,  40,  66, -83,-452,-925;
  -3,-124,-268,-395,  38,  63, -90,-454,-921;
   0,-122,-268,-399,  36,  59, -83,-443,-916;
   1,-119,-268,-402,  32,  59, -78,-446,-915;
   0,-119,-267,-402,  33,  58, -76,-434,-914;
   0,-122,-268,-400,  35,  54, -71,-433,-912;
  31,-128,-255,-393,  40,  44,  27,-465,-869;
 -11,-112,-261,-372,  23,   6,-144,-404,-932;
   8,-118,-261,-363,  51,  37, -71,-421,-930;
   3,-116,-267,-373,  63,  48, -60,-414,-924;
   5,-114,-273,-384,  69,  48, -56,-413,-923;
   7,-116,-273,-390,  73,  48, -44,-415,-930;
  11,-113,-271,-395,  78,  45, -32,-404,-926;
   9,-115,-273,-398,  81,  49, -29,-403,-933;
  15,-116,-268,-400,  85,  54, -27,-414,-931;
  10,-114,-272,-406,  90,  56, -29,-412,-932;
  13,-115,-274,-409,  95,  59, -27,-418,-934;
  12,-117,-272,-411,  98,  59, -30,-414,-939;
   9,-115,-273,-412,  98,  59, -35,-419,-935;
  10,-116,-273,-410,  97,  59, -34,-417,-939;
   6,-114,-274,-409,  91,  54, -47,-416,-941;
   8,-114,-275,-406,  83,  55, -36,-411,-944;
   6,-117,-275,-394,  76,  57, -51,-414,-950;
   5,-115,-276,-381,  69,  59, -50,-413,-952;
   5,-116,-280,-366,  65,  59, -50,-415,-957;
   5,-116,-273,-357,  61,  57, -46,-413,-956;
  18,-122,-274,-350,  63,  51,   2,-426,-940;
 -23,-108,-288,-332,  48,  14,-140,-389,-965;
  -5,-104,-287,-319,  70,  41, -78,-407,-975;
   1,-111,-285,-340,  83,  58, -62,-402,-965;
   3,-113,-274,-361,  88,  62, -68,-403,-961;
   2,-113,-271,-368,  92,  63, -75,-403,-953;
   1,-113,-274,-365,  92,  63, -75,-406,-951;
   1,-112,-279,-360,  86,  65, -68,-400,-955;
   0,-109,-277,-353,  77,  67, -70,-404,-953;
   0,-110,-278,-349,  69,  65, -80,-398,-954;
   3,-113,-271,-340,  64,  64, -58,-403,-941;
 -26,-107,-288,-310,  40,  22,-147,-381,-949;
 -16,-103,-300,-286,  42,  43,-117,-380,-971;
  -6,-107,-285,-296,  41,  69, -93,-387,-959;
  -1,-105,-275,-309,  34,  71, -80,-379,-954;
   0,-103,-271,-312,  31,  70, -80,-374,-954;
   1,-104,-277,-310,  30,  70, -71,-370,-956;
   2,-105,-279,-308,  26,  72, -65,-369,-959;
   2,-102,-282,-313,  22,  71, -66,-360,-961;
   2,-102,-281,-320,  20,  73, -58,-366,-954;
   3,-100,-279,-330,  20,  75, -57,-365,-959;
   5,-103,-275,-341,  20,  76, -56,-358,-957;
  78,-122,-261,-343,  24,  71, 134,-400,-885;
 -16, -88,-270,-319, -12,   9,-184,-320,-974;
  11, -97,-263,-325,  33,  74, -59,-355,-985;
   6, -99,-277,-362,  37,  88, -60,-357,-973;
   5, -99,-280,-386,  31,  87, -53,-352,-964;
   3, -99,-287,-391,  28,  84, -50,-351,-964;
   5, -99,-284,-391,  24,  81, -42,-352,-966;
  11, -98,-280,-390,  25,  80, -43,-350,-964;
   7, -97,-281,-393,  26,  77, -43,-346,-962;
   9, -91,-274,-397,  28,  75, -35,-340,-948;
  13, -95,-271,-400,  29,  70, -37,-334,-953;
  12, -93,-276,-403,  29,  65, -34,-332,-946;
  57, -95,-222,-394,  44,  28,  -7,-339,-930;
 -18, -75,-273,-370,  21, -11,-163,-275,-974;
   2, -90,-287,-390,  44,  58, -48,-318,-950;
   2, -90,-281,-428,  36,  65, -42,-319,-930;
   1, -91,-277,-437,  31,  65, -42,-310,-927;
   6, -90,-275,-430,  28,  65, -45,-319,-935;
  11, -95,-268,-414,  27,  65, -48,-323,-939;
   8, -90,-272,-399,  30,  64, -52,-316,-943;
   6, -89,-270,-383,  34,  61, -62,-316,-951;
   3, -90,-276,-363,  37,  54, -67,-309,-952;
   1, -88,-279,-335,  41,  45, -59,-304,-953;
 -23, -83,-296,-285,  21, -26,-135,-282,-956;
 -33, -74,-316,-232,  23,  -9,-153,-262,-1002;
 -10, -80,-304,-232,  40,  31, -89,-282,-999;
   1, -80,-285,-246,  47,  33, -77,-275,-993;
   3, -79,-282,-245,  51,  32, -80,-274,-995;
   4, -79,-283,-239,  48,  34, -71,-282,-1002;
   2, -82,-286,-234,  42,  35, -70,-288,-1002;
   1, -80,-293,-231,  36,  40, -60,-295,-999;
   0, -84,-291,-232,  29,  43, -68,-295,-1000;
   0, -79,-286,-230,  23,  48, -67,-295,-990;
   2, -81,-282,-226,  18,  51, -57,-297,-988;
  -1, -83,-288,-222,  13,  52, -60,-296,-989;
   1, -82,-285,-218,   7,  55, -57,-295,-994;
   4, -82,-286,-215,   4,  56, -54,-292,-992;
   7, -85,-286,-207,  -1,  58, -55,-292,-986;
   6, -84,-285,-199,  -1,  61, -51,-300,-984;
  11, -89,-272,-177,  -1,  32,  10,-325,-973;
  -2, -80,-287,-152,  -1,  40,-114,-275,-1001;
   1, -87,-292,-159,   9,  62, -69,-289,-985;
   0, -82,-290,-170,  20,  61, -61,-283,-982;
   2, -81,-282,-169,  30,  55, -59,-278,-971;
   4, -84,-284,-166,  35,  50, -58,-286,-975;
   3, -81,-279,-166,  39,  44, -56,-279,-977;
   4, -76,-281,-168,  40,  40, -51,-270,-967;
   5, -77,-283,-165,  39,  36, -50,-268,-973;
   4, -78,-284,-162,  39,  31, -54,-268,-973;
   6, -78,-281,-164,  39,  26, -53,-267,-970;
   4, -77,-282,-170,  40,  21, -47,-266,-967;
   5, -74,-283,-177,  40,  17, -50,-263,-967;
   3, -74,-278,-185,  40,  13, -53,-262,-967;
   5, -74,-278,-191,  40,  10, -54,-263,-967;
   1, -75,-280,-195,  39,   6, -59,-263,-970;
   2, -72,-283,-203,  39,   3, -61,-256,-968;
   3, -76,-289,-209,  40,   1, -68,-260,-975;
   0, -73,-285,-214,  42,   0, -69,-258,-974;
   1, -76,-281,-219,  41,   1, -73,-258,-976;
   0, -77,-280,-218,  41,   2, -76,-260,-970;
   1, -74,-285,-218,  39,   5, -72,-261,-978;
   0, -77,-284,-218,  36,   8, -75,-272,-980;
   0, -76,-287,-219,  35,  10, -77,-269,-984;
  -1, -77,-287,-221,  33,  11, -81,-274,-985;
   0, -77,-282,-222,  32,  11, -69,-275,-985;
   0, -81,-286,-225,  29,  11, -68,-279,-988;
   1, -81,-287,-225,  30,   9, -73,-287,-991;
   7, -80,-291,-224,  30,   7, -70,-289,-993;
   0, -80,-286,-223,  31,   3, -67,-283,-997;
   2, -81,-288,-222,  30,  -1, -60,-279,-995;
  99,-114,-251,-215,  43, -17, 296,-345,-940;
 -33, -61,-272,-176,   2, -90,-272,-204,-1038;
   9, -75,-273,-185,  46,  -8, -74,-264,-1040;
   4, -78,-281,-233,  49,   5, -66,-271,-999;
  -2, -76,-289,-249,  48,   8, -63,-267,-987;
  -4, -76,-296,-249,  45,   6, -62,-265,-998;
   2, -75,-290,-248,  45,   6, -62,-266,-988;
   7, -70,-292,-254,  48,   3, -60,-260,-984;
   6, -72,-283,-263,  49,   6, -56,-258,-977;
   6, -74,-282,-273,  44,   7, -43,-252,-973;
  14, -72,-265,-263,  35, -56,-134,-229,-954;
 -33, -57,-301,-244,  27, -53,-142,-218,-1005;
  -8, -67,-305,-283,  39,   9, -67,-244,-984;
  -5, -67,-291,-334,  36,  11, -62,-239,-960;
   3, -68,-282,-351,  36,   8, -57,-235,-963;
   5, -67,-272,-356,  39,  -1, -52,-238,-961;
  12, -69,-276,-358,  45,  -3, -47,-232,-975;
   8, -67,-279,-360,  55,  -3, -46,-237,-973;
 118,-119,-252,-361,  69, -11, 326,-290,-912;
 -32, -52,-267,-333,  34, -81,-263,-163,-999;
  12, -64,-267,-335,  90,  -1, -63,-223,-1004;
   8, -68,-275,-372,  96,   5, -57,-227,-983;
   4, -65,-284,-383,  96,   0, -57,-229,-980;
   4, -65,-296,-377,  89,  -7, -48,-222,-984;
   5, -63,-293,-369,  85, -10, -44,-223,-986;
   8, -64,-285,-361,  84,  -7, -40,-212,-984;
   8, -60,-283,-352,  82,  -2, -36,-214,-983;
  13, -59,-283,-345,  81,   2, -33,-214,-982;
  12, -62,-285,-341,  81,   7, -28,-214,-987;
   5, -61,-288,-339,  84,  10, -47,-196,-976;
   7, -62,-287,-326,  78,   2, -45,-193,-988;
   8, -60,-288,-312,  68,  -1, -41,-195,-996;
   6, -57,-291,-297,  59,   0, -47,-182,-999;
   3, -56,-289,-282,  48,   5, -45,-187,-1001;
   4, -56,-289,-275,  38,  10, -46,-189,-1002;
   7, -56,-289,-266,  30,  16, -48,-187,-1012;
   8, -58,-291,-260,  26,  25, -39,-185,-1009;
   7, -55,-295,-255,  23,  33, -37,-181,-1008;
   5, -57,-295,-248,  21,  32, -60,-172,-1006;
  -2, -46,-295,-237,  19,  24, -45,-182,-1014;
   8, -57,-297,-227,  18,  36, -49,-181,-1022;
   0, -50,-293,-232,  22,  55, -63,-160,-1002;
   3, -50,-289,-230,  26,  48, -53,-160,-998;
   6, -53,-289,-220,  22,  44, -49,-166,-1009;
   6, -55,-286,-217,  21,  42, -39,-169,-1000;
   7, -54,-291,-219,  22,  42, -46,-175,-999;
   8, -56,-290,-219,  22,  45, -40,-177,-999;
   7, -54,-291,-218,  25,  47, -39,-180,-999;
   9, -59,-298,-214,  28,  49, -30,-187,-1003;
  13, -61,-293,-220,  35,  73, -30,-196,-998;
  11, -57,-290,-232,  50,  80, -43,-176,-1003;
   7, -55,-292,-241,  55,  90, -39,-177,-1005;
  11, -53,-294,-248,  57,  91, -41,-163,-1010;
   7, -55,-294,-248,  55,  82, -50,-171,-1014;
  11, -54,-277,-251,  56,  95,  46,-196,-1003;
 -42, -40,-320,-245,  60,  59,-166,-145,-1027;
 -15, -46,-318,-260,  70, 112, -72,-153,-1012;
  -7, -48,-311,-268,  62,  95, -80,-135,-997;
   0, -54,-295,-235,  45,  62, -64,-167,-998;
   6, -55,-282,-200,  30,  42, -66,-176,-1000;
   8, -56,-278,-177,  25,  32, -65,-171,-993;
   2, -53,-289,-159,  28,  26, -68,-159,-988;
   2, -43,-280,-144,  30,  23, -66,-156,-988;
   1, -49,-289,-137,  29,  22, -67,-148,-986;
   1, -47,-284,-133,  28,  21, -74,-152,-995;
   0, -48,-285,-136,  26,  19, -72,-143,-1000;
   1, -50,-290,-137,  25,  16, -71,-151,-999;
   0, -47,-290,-139,  26,  16, -74,-155,-1010;
   0, -49,-293,-142,  26,  13, -80,-147,-1007;
  -4, -49,-289,-149,  27,  10, -80,-144,-1008;
  -3, -49,-291,-153,  28,   8, -90,-143,-1007;
  -1, -48,-292,-155,  27,   3, -85,-145,-1016;
  -1, -46,-301,-155,  27,   4, -82,-146,-1009;
  -1, -49,-292,-156,  25,   2, -83,-152,-1015;
  -2, -45,-292,-156,  22,  -2, -74,-148,-1018;
   0, -47,-293,-153,  21,  -1, -75,-148,-1017;
   3, -47,-296,-150,  21,  -1, -69,-147,-1015;
   1, -47,-294,-150,  22,  -3, -68,-145,-1013;
   1, -49,-297,-153,  25,  -6, -68,-153,-1009;
   4, -51,-292,-152,  29,  -8, -60,-157,-1003;
   4, -54,-290,-152,  32, -10, -57,-158,-1007;
   4, -52,-291,-148,  36, -12, -60,-160,-1000;
   5, -52,-287,-145,  38, -13, -50,-161,-1001;
   6, -47,-283,-141,  40, -15, -53,-160,-1001;
   4, -48,-287,-140,  42, -16, -50,-162,-1001;
   5, -49,-291,-138,  45, -18, -49,-159,-999;
   6, -51,-289,-138,  45, -18, -46,-157,-1000;
   7, -50,-291,-138,  46, -19, -47,-158,-1006;
   5, -51,-289,-141,  45, -20, -47,-156,-1008;
   2, -49,-291,-141,  44, -21, -55,-159,-1009;
   3, -48,-293,-141,  40, -20, -49,-155,-1015;
   8, -47,-292,-141,  36, -21, -51,-156,-1014;
   9, -45,-294,-143,  35, -23, -48,-145,-1013;
   7, -46,-290,-145,  33, -21, -45,-144,-1012;
   7, -48,-298,-148,  33, -20, -54,-147,-1008;
   7, -48,-289,-151,  34, -19, -43,-146,-1004;
   6, -49,-294,-152,  36, -19, -46,-142,-1004;
   5, -46,-291,-153,  39, -17, -52,-142,-1003;
   3, -46,-290,-153,  43, -13, -51,-149,-1006;
   4, -47,-288,-152,  42,  -8, -58,-146,-1010;
   6, -46,-286,-150,  42,  -5, -57,-151,-1003;
   8, -51,-291,-145,  41,  -2, -52,-150,-1012;
   2, -48,-290,-147,  43,  14, -57,-144,-1010;
   2, -47,-289,-154,  46,  12, -64,-133,-1006;
   6, -45,-293,-151,  45,   8, -68,-135,-1012;
   1, -46,-291,-148,  43,   0, -61,-141,-1025;
   2, -47,-294,-148,  39,  -4, -63,-143,-1019;
   3, -47,-295,-149,  38,  -6, -60,-142,-1015;
   3, -46,-295,-149,  39,  -6, -50,-140,-1018;
   3, -46,-291,-147,  43,  -5, -43,-144,-1013;
   6, -45,-291,-148,  45,  -4, -46,-137,-1002;
   8, -44,-285,-151,  50,  -3, -48,-135,-1006;
   7, -43,-290,-157,  56,  -5, -43,-135,-1006;
  10, -44,-291,-164,  59,  -4, -38,-139,-999;
  20, -49,-293,-173,  62,   2,   4,-172,-1009;
  -1, -40,-282,-200,  66,  45, -66,-119,-994;
   1, -39,-289,-214,  79,  24, -60,-106,-993;
   5, -46,-294,-200,  71,   3, -49,-135,-1009;
   3, -47,-289,-188,  65,  -8, -56,-138,-1004;
   4, -44,-290,-179,  67, -16, -59,-137,-1002;
   3, -43,-289,-172,  70, -23, -63,-132,-1000;
   4, -42,-290,-166,  75, -29, -55,-134,-1011;
   7, -42,-291,-169,  80, -28, -51,-135,-1003;
  12, -49,-290,-188,  84,   7, -31,-145,-996;
   1, -30,-286,-215, 100,  18, -78, -91,-1001;
   5, -39,-292,-217, 103,   4, -52,-103,-1007;
   8, -39,-296,-205, 101, -13, -56,-117,-1019;
   3, -39,-291,-194, 100, -28, -47,-123,-1015;
   8, -41,-291,-183, 103, -36, -37,-119,-1009;
  11, -38,-289,-176, 108, -40, -31,-109,-1005;
  12, -40,-291,-173, 111, -40, -33,-106,-996;
  13, -38,-289,-168, 114, -35, -28,-119,-997;
  33, -44,-292,-172, 118, -19,  50,-159,-1006;
   9, -28,-284,-209, 127,  51, -36, -91,-986;
   9, -31,-285,-203, 137,  11, -40, -74,-984;
  14, -41,-287,-178, 122,  -9, -18,-108,-1007;
   9, -35,-289,-158, 106, -17, -16,-120,-1012;
  13, -38,-293,-142,  97, -20, -22,-120,-1006;
  10, -37,-291,-127,  89, -23, -24,-112,-1013;
  12, -39,-292,-113,  83, -25, -28,-110,-1015;
  14, -40,-293,-108,  77, -25, -28,-117,-1014;
  12, -37,-292,-106,  72, -24, -34,-115,-1014;
  12, -37,-298,-108,  71, -24, -31,-116,-1025;
  13, -38,-292,-108,  69, -23, -32,-117,-1026;
  12, -39,-293,-107,  67, -21, -33,-109,-1023;
  13, -38,-297,-105,  64, -21, -32,-107,-1019;
   9, -38,-293,-100,  61, -21, -32,-107,-1025;
  15, -38,-294, -94,  58, -19, -34,-104,-1019;
   8, -32,-297, -87,  55, -16, -38, -97,-1022;
  10, -33,-293, -83,  51, -15, -32, -96,-1022;
   9, -30,-291, -83,  47, -14, -34, -98,-1020;
   9, -30,-293, -84,  45, -14, -35, -96,-1017;
   9, -32,-294, -85,  44, -12, -32, -95,-1014;
  10, -32,-297, -87,  43, -10, -34, -92,-1011;
  11, -33,-293, -84,  43, -10, -37,-102,-1005;
  11, -33,-293, -82,  42,  -9, -32, -96,-1007;
   8, -34,-286, -77,  42,  -9, -36, -99,-1002;
  11, -34,-292, -74,  40,  -6, -36, -94,-1006;
   8, -32,-286, -70,  37,  -6, -34, -94,-1002;
   9, -30,-289, -65,  34,  -6, -34, -91,-1003;
  10, -31,-292, -61,  31,  -6, -37, -93,-1005;
  11, -36,-291, -59,  26,  -8, -34, -92,-1004;
   9, -30,-293, -55,  23,  -9, -35, -83,-1006;
   7, -27,-288, -53,  19, -10, -31, -88,-1006;
   8, -29,-292, -55,  17, -10, -34, -84,-1002;
  12, -31,-288, -55,  15, -11, -34, -81,-1007;
  13, -30,-290, -58,  14, -11, -39, -83,-1004;
   8, -31,-291, -63,  15, -11, -35, -87,-1011;
   5, -31,-293, -67,  15, -12, -40, -81,-1014;
   5, -39,-296, -73,  15, -12, -40, -78,-1014;
   8, -28,-294, -79,  18, -10, -36, -79,-1013;
  10, -28,-292, -86,  19, -10, -42, -81,-1014;
   9, -32,-294, -92,  20, -11, -37, -72,-1010;
   8, -30,-295, -96,  20, -11, -44, -75,-1006;
  10, -31,-290, -98,  21, -12, -38, -83,-1007;
   6, -28,-289, -98,  22, -14, -39, -83,-1004;
   8, -32,-291, -99,  23, -16, -39, -90,-1008;
   8, -34,-297, -98,  21, -16, -35, -96,-1005;
  12, -36,-287, -92,  18, -16, -33, -97,-1001;
  14, -28,-293, -89,  16, -17, -30, -98,-1006;
   9, -35,-294, -84,  14, -16, -31,-100,-1006;
  13, -33,-296, -83,  12, -17, -29, -96,-1006;
  13, -36,-292, -82,  11, -18, -28,-103,-1011;
  13, -36,-291, -82,  12, -19, -23, -98,-1011;
  13, -35,-294, -84,  13, -20, -19, -97,-1012;
  15, -34,-292, -85,  16, -21, -16, -98,-1011;
  16, -33,-292, -90,  18, -20, -14, -96,-1014;
  17, -35,-292, -92,  21, -20, -10, -94,-1013;
  17, -34,-291, -95,  23, -19, -15, -90,-1011;
  15, -32,-288, -99,  28, -20,  -6, -94,-1010;
  19, -32,-292,-103,  28, -20,  -6, -96,-1011;
  15, -34,-289,-105,  29, -19, -13, -98,-1009;
  17, -36,-292,-106,  30, -20, -17, -89,-1010;
  17, -35,-290,-103,  27, -20, -17, -94,-1009;
  13, -35,-294,-103,  26, -20, -15, -94,-1009;
  14, -32,-288, -96,  22, -23, -14, -97,-1008;
  12, -34,-293, -91,  20, -23, -16, -90,-1003;
  15, -29,-292, -88,  19, -21, -14, -97,-1006;
  14, -32,-289, -84,  17, -20, -19, -91,-1003;
  14, -32,-291, -81,  15, -18, -23, -91,-1003;
  14, -30,-285, -79,  14, -17, -21, -86,-1003;
  13, -26,-293, -76,  13, -14, -26, -89,-1013;
  11, -30,-291, -75,  10, -12, -20, -83,-1008;
  15, -30,-290, -72,   7,  -9, -25, -81,-1011;
  14, -31,-293, -71,   5,  -7, -28, -78,-1016;
  13, -30,-295, -72,   3,  -4, -28, -80,-1018;
  14, -30,-293, -72,   2,  -2, -34, -75,-1011;
  11, -31,-290, -74,   2,   0, -29, -77,-1014;
  10, -30,-296, -73,   2,   0, -31, -76,-1011;
   9, -28,-295, -74,   3,   2, -33, -72,-1012;
  11, -28,-296, -77,   3,   3, -32, -79,-1012;
  10, -27,-289, -81,   3,   3, -35, -76,-1008;
   8, -30,-291, -84,   6,   3, -35, -77,-1008;
   9, -29,-289, -84,   8,   3, -38, -79,-1008;
   7, -28,-292, -87,  10,   4, -41, -73,-1005;
   8, -29,-290, -87,  14,   2, -39, -77,-1009;
   6, -28,-291, -89,  17,   1, -42, -78,-1007;
   8, -25,-292, -88,  19,  -1, -41, -75,-1006;
   8, -29,-295, -89,  18,  -3, -40, -78,-1008;
  10, -27,-289, -88,  17,  -3, -40, -74,-1011;
   6, -29,-296, -87,  16,  -4, -35, -80,-1014;
   9, -29,-290, -85,  14,  -5, -39, -80,-1015;
  11, -30,-289, -86,  14,  -5, -33, -80,-1012;
   8, -30,-293, -88,  14,  -7, -32, -87,-1011;
  11, -30,-295, -88,  14,  -8, -32, -83,-1014;
   8, -31,-294, -88,  15,  -8, -30, -81,-1018;
  10, -30,-293, -89,  14,  -9, -29, -79,-1019;
  11, -31,-291, -90,  13,  -9, -33, -75,-1012;
   9, -29,-296, -90,  12, -10, -32, -89,-1014;
  15, -32,-291, -89,  11, -12, -32, -85,-1014;
   9, -30,-295, -90,  10, -10, -35, -91,-1007;
   7, -30,-291, -88,   8, -11, -32, -82,-1008;
  12, -34,-295, -86,   7, -10, -32, -82,-1012;
  12, -38,-292, -85,   6, -10, -33, -79,-1010;
  13, -35,-293, -83,   8,  -8, -30, -77,-1013;
   8, -28,-295, -81,   7,  -9, -34, -79,-1014;
  11, -28,-295, -78,   8, -10, -34, -73,-1011;
  11, -30,-293, -74,   6,  -9, -35, -74,-1012;
  10, -28,-290, -72,   6, -12, -33, -72,-1011;
   8, -27,-293, -69,   7, -13, -35, -73,-1011;
  10, -28,-293, -66,   9, -12, -37, -74,-1015;
  11, -26,-293, -62,  11, -12, -35, -75,-1023;
  12, -25,-293, -59,  14, -13, -33, -71,-1020;
   7, -27,-293, -59,  15, -12, -31, -74,-1008;
  11, -28,-296, -55,  15, -13, -29, -76,-1013;
  11, -26,-292, -59,  16, -12, -31, -76,-1007;
  12, -29,-293, -61,  17, -14, -33, -73,-1016;
  11, -26,-291, -65,  17, -14, -31, -72,-1017;
   7, -26,-294, -67,  17, -15, -32, -67,-1011;
  11, -27,-293, -70,  16, -17, -35, -67,-1014;
  14, -25,-293, -72,  16, -17, -27, -66,-1013;
   9, -27,-295, -73,  14, -18, -37, -65,-1013;
  10, -28,-292, -73,  13, -18, -35, -76,-1010;
   9, -25,-290, -72,  12, -18, -32, -73,-1013;
   9, -33,-297, -69,  12, -19, -37, -72,-1015;
   5, -27,-293, -69,  11, -20, -40, -70,-1016;
   8, -26,-292, -66,  10, -20, -35, -71,-1012;
   8, -27,-295, -65,  10, -20, -37, -70,-1014;
  10, -29,-291, -65,  10, -20, -32, -71,-1014;
   8, -27,-293, -67,  11, -20, -36, -74,-1021;
  11, -28,-294, -70,  14, -20, -35, -77,-1016;
  11, -27,-295, -69,  16, -19, -34, -78,-1011;
  10, -25,-291, -72,  16, -17, -35, -74,-1014;
  12, -29,-287, -69,  17, -17, -31, -77,-1016;
   9, -35,-292, -68,  19, -16, -34, -80,-1014;
  12, -30,-291, -67,  17, -17, -33, -79,-1015;
  12, -30,-295, -67,  17, -18, -37, -79,-1015;
  11, -27,-293, -65,  17, -19, -32, -75,-1017;
  12, -27,-292, -64,  17, -21, -29, -76,-1019;
  12, -29,-295, -65,  18, -22, -33, -76,-1022;
  10, -27,-294, -64,  17, -22, -33, -71,-1022;
  12, -29,-293, -62,  16, -23, -24, -75,-1016;
  11, -31,-300, -61,  16, -21, -23, -73,-1017;
  11, -27,-294, -57,  16, -20, -23, -77,-1012;
  13, -31,-293, -55,  16, -18, -26, -72,-1010;
  15, -31,-296, -52,  16, -16, -22, -72,-1015;
  13, -30,-296, -49,  17, -13, -23, -70,-1014;
  12, -28,-292, -46,  17, -13, -26, -69,-1011;
  14, -27,-290, -46,  17, -12, -30, -71,-1012;
  12, -27,-292, -45,  17, -12, -22, -74,-1011;
  10, -26,-289, -43,  16, -12, -30, -72,-1007;
  10, -27,-290, -38,  15, -10, -27, -76,-1006;
  14, -29,-292, -37,  16, -13, -32, -71,-1012;
   9, -26,-295, -35,  14, -14, -33, -68,-1011;
   6, -24,-290, -35,  13, -14, -37, -64,-1009;
   9, -24,-290, -34,  12, -17, -32, -66,-1012;
  11, -26,-303, -37,  13, -17, -36, -69,-1008;
  10, -26,-295, -40,  12, -17, -38, -66,-1010;
   8, -26,-292, -41,  11, -18, -38, -68,-1008;
   7, -21,-296, -41,  12, -19, -33, -65,-1013;
   7, -26,-294, -39,  12, -18, -34, -63,-1011;
   5, -24,-291, -39,  11, -17, -39, -61,-1012;
  10, -25,-294, -38,  12, -18, -37, -68,-1019;
   7, -26,-297, -38,  12, -19, -34, -64,-1014;
  11, -29,-291, -38,  12, -18, -35, -64,-1013;
   9, -28,-293, -38,  13, -18, -34, -67,-1012;
   9, -27,-296, -38,  15, -18, -34, -67,-1020;
   8, -33,-293, -40,  17, -17, -31, -65,-1014;
  11, -26,-293, -40,  18, -15, -33, -61,-1013;
   9, -27,-295, -43,  18, -18, -30, -65,-1013;
   9, -25,-293, -44,  19, -19, -32, -65,-1007;
   9, -27,-291, -46,  20, -19, -37, -64,-1012;
  10, -27,-289, -47,  21, -19, -35, -63,-1003;
   7, -27,-293, -50,  21, -21, -37, -68,-1000;
  12, -25,-291, -49,  19, -23, -37, -73,-1003;
  10, -27,-289, -49,  17, -24, -37, -71,-1008;
   7, -28,-292, -48,  13, -26, -35, -74,-1002;
  10, -29,-295, -45,  11, -27, -35, -71,-994;
   8, -26,-290, -45,  10, -28, -33, -69,-1011;
  10, -23,-289, -42,  10, -30, -33, -71,-1006;
  13, -29,-290, -41,  10, -30, -29, -64,-1005;
  11, -27,-290, -41,  12, -31, -30, -63,-1011;
  15, -26,-290, -43,  14, -32, -29, -70,-1006;
  15, -27,-290, -45,  16, -32, -30, -65,-1012;
  10, -27,-295, -46,  18, -31, -28, -62,-1011;
  13, -20,-290, -51,  21, -31, -27, -58,-1011;
  12, -25,-285, -55,  25, -29, -29, -65,-1009;
  10, -22,-288, -58,  28, -30, -30, -60,-1004;
   6, -24,-293, -60,  31, -30, -30, -62,-1005;
  12, -27,-291, -63,  33, -30, -28, -60,-1007;
  13, -26,-293, -65,  35, -29, -27, -62,-1009;
  13, -25,-290, -67,  37, -29, -25, -62,-1005;
  11, -26,-292, -69,  38, -28, -27, -63,-1007;
  10, -23,-291, -71,  36, -29, -31, -72,-1001;
  12, -25,-293, -73,  35, -26, -24, -67,-1010;
  12, -25,-286, -73,  34, -23, -27, -69,-1003;
  10, -26,-292, -70,  29, -22, -26, -71,-1011;
  14, -27,-290, -68,  26, -21, -29, -66,-1009;
  13, -23,-293, -67,  22, -19, -26, -67,-1008;
  13, -32,-297, -64,  19, -18, -28, -70,-1012;
  13, -26,-293, -63,  17, -18, -28, -61,-1013;
  14, -28,-289, -61,  14, -19, -36, -68,-1008;
   8, -23,-290, -62,  15, -18, -34, -65,-1014;
   9, -24,-292, -63,  13, -17, -32, -68,-1014;
  10, -30,-289, -66,  14, -16, -36, -66,-1008;
  10, -24,-288, -69,  15, -14, -35, -64,-1012;
   7, -22,-296, -71,  15, -11, -35, -62,-1014;
   9, -25,-295, -73,  16,  -8, -34, -62,-1017;
   8, -26,-293, -75,  18,  -5, -40, -63,-1014;
   5, -23,-290, -75,  19,  -3, -34, -65,-1008;
  11, -28,-295, -76,  20,  -1, -36, -70,-1016;
   7, -26,-294, -78,  19,  -2, -37, -67,-1011;
   9, -29,-291, -78,  16,   1, -34, -68,-1015;
  11, -29,-291, -76,  15,   2, -36, -69,-1015;
  12, -29,-296, -74,  13,   3, -36, -74,-1019;
  10, -27,-295, -72,  13,   2, -34, -68,-1020;
  15, -27,-291, -70,  12,   3, -31, -66,-1020;
  11, -28,-297, -68,  11,   3, -31, -68,-1022;
  12, -27,-295, -68,  12,   4, -25, -67,-1025;
  14, -31,-292, -70,  16,   4, -18, -69,-1022;
  10, -23,-298, -70,  18,   6, -27, -73,-1026;
  15, -27,-295, -69,  20,   7, -24, -68,-1024;
  14, -29,-298, -70,  23,   9, -22, -75,-1022;
  10, -28,-298, -68,  24,   8, -31, -74,-1027;
   9, -30,-292, -63,  24,   9, -31, -77,-1031;
  12, -29,-298, -56,  25,   7, -34, -81,-1035;
  10, -30,-299, -46,  23,   7, -35, -81,-1029;
   9, -29,-292, -39,  21,   6, -36, -82,-1031;
   6, -29,-297, -30,  18,   3, -37, -82,-1027;
  11, -28,-299, -22,  16,   0, -37, -77,-1028;
  10, -27,-296, -13,  15,  -2, -30, -79,-1024;
  10, -33,-304,  -6,  12,  -3, -35, -78,-1026;
   8, -29,-293,  -1,  10,  -4, -36, -82,-1020;
   9, -30,-295,   8,   7,  -5, -33, -80,-1026;
  10, -34,-296,  16,   4,  -5, -34, -85,-1028;
  10, -33,-297,  24,   1,  -5, -38, -84,-1033;
   9, -31,-297,  35,  -3,  -5, -37, -81,-1029;
   9, -29,-294,  42,  -3,  -5, -39, -79,-1025;
  11, -29,-289,  45,  -5,  -5, -37, -80,-1019;
   7, -31,-292,  50,  -6,  -5, -32, -85,-1014;
  10, -31,-291,  51,  -5,  -7, -34, -91,-1021;
  16, -33,-290,  57,  -3,  -7, -33, -98,-1019;
  12, -36,-295,  64,  -1,  -8, -32, -98,-1023;
  11, -38,-293,  75,   0,  -9, -33,-104,-1027;
  10, -36,-295,  85,   3, -10, -31,-100,-1029;
  11, -36,-298,  95,   4, -13, -31,-100,-1034;
  11, -36,-297, 101,   7, -14, -30,-107,-1033;
  13, -37,-298, 110,   7, -15, -33,-109,-1040;
  14, -41,-303, 120,   7, -17, -31,-111,-1044;
  11, -41,-301, 131,   6, -18, -27,-114,-1047;
  12, -39,-304, 144,   7, -22, -24,-120,-1057;
  13, -43,-301, 157,   9, -23, -24,-127,-1054;
  17, -42,-305, 170,   8, -24, -18,-132,-1054;
  13, -44,-303, 182,   8, -26, -22,-132,-1054;
  12, -44,-302, 193,   8, -26, -20,-134,-1056;
  16, -41,-303, 202,   7, -26, -22,-132,-1054;
  11, -43,-306, 212,   6, -25, -26,-130,-1060;
   9, -43,-298, 225,   4, -26, -27,-135,-1057;
  12, -46,-304, 238,   1, -25, -28,-139,-1058;
  11, -46,-300, 254,   0, -26, -34,-142,-1058;
   8, -48,-310, 268,   0, -29, -32,-145,-1057;
  12, -48,-303, 279,   0, -29, -36,-147,-1051;
  13, -51,-300, 287,  -1, -32, -32,-150,-1047;
  13, -47,-303, 293,  -1, -32, -42,-156,-1054;
  10, -50,-301, 304,  -4, -34, -41,-158,-1050;
   8, -50,-299, 314,  -7, -36, -46,-155,-1051;
   6, -48,-304, 329, -11, -36, -45,-155,-1057;
   7, -49,-302, 343, -18, -37, -47,-153,-1053;
   9, -53,-300, 362, -24, -38, -35,-160,-1040;
   4, -50,-294, 388, -33, -46, -45,-160,-1041;
   2, -50,-304, 412, -42, -48, -66,-158,-1063;
   2, -52,-302, 417, -43, -41, -61,-164,-1062;
   3, -55,-306, 416, -41, -41, -64,-165,-1053;
   5, -53,-302, 424, -39, -43, -61,-171,-1048;
   1, -57,-298, 438, -38, -45, -68,-179,-1042;
   0, -57,-300, 448, -37, -45, -68,-175,-1049;
   2, -55,-296, 459, -36, -47, -64,-172,-1041;
   1, -52,-297, 468, -34, -47, -63,-170,-1044;
   4, -56,-294, 478, -36, -50, -63,-175,-1029;
   2, -56,-295, 487, -35, -49, -64,-182,-1022;
   3, -57,-295, 497, -36, -50, -59,-179,-1025;
   3, -57,-299, 503, -41, -51, -61,-191,-1018;
   3, -59,-292, 512, -46, -52, -59,-194,-1024;
   6, -64,-296, 520, -50, -52, -50,-198,-1028;
   9, -66,-292, 528, -53, -49, -52,-207,-1021;
   3, -65,-298, 537, -56, -46, -52,-217,-1028;
   6, -67,-297, 550, -59, -45, -53,-222,-1027;
   4, -68,-295, 568, -62, -42, -53,-230,-1029;
   3, -70,-297, 585, -63, -43, -56,-232,-1026;
   2, -68,-297, 601, -64, -46, -56,-235,-1033;
   3, -70,-298, 618, -67, -50, -58,-243,-1035;
   3, -73,-300, 631, -68, -52, -58,-249,-1045;
   3, -78,-296, 646, -69, -55, -54,-244,-1034;
   3, -76,-297, 661, -69, -59, -56,-251,-1032;
   5, -72,-296, 674, -69, -62, -56,-250,-1034;
   5, -71,-291, 688, -68, -64, -54,-255,-1032;
   4, -74,-296, 699, -65, -65, -57,-256,-1029;
   6, -75,-292, 709, -64, -65, -54,-260,-1029;
   2, -76,-295, 713, -62, -63, -59,-265,-1026;
   3, -76,-296, 718, -62, -60, -53,-265,-1025;
   5, -80,-295, 720, -64, -61, -59,-272,-1023;
   4, -79,-293, 724, -68, -62, -58,-281,-1015;
   3, -80,-292, 726, -74, -60, -56,-284,-1017;
   3, -83,-295, 729, -81, -61, -58,-298,-1015;
   4, -88,-290, 731, -84, -60, -51,-301,-1008;
   0, -87,-292, 729, -86, -61, -59,-313,-1004;
   5, -93,-289, 729, -86, -59, -52,-326,-1001;
   4, -96,-286, 732, -82, -62, -52,-337,-1004;
   4, -97,-291, 738, -78, -65, -56,-346,-999;
   6,-101,-289, 748, -76, -66, -56,-347,-994;
   5,-102,-288, 761, -75, -68, -57,-354,-989;
   5,-101,-287, 778, -78, -70, -54,-361,-996;
   7,-107,-290, 798, -80, -71, -55,-360,-987;
   6,-109,-284, 821, -81, -71, -49,-374,-986;
   3,-104,-287, 840, -79, -74, -50,-373,-991;
   7,-106,-288, 855, -77, -76, -50,-382,-989;
   7,-108,-288, 863, -72, -78, -51,-383,-991;
   6,-109,-289, 866, -70, -78, -49,-392,-992;
   2,-109,-288, 868, -71, -78, -60,-399,-993;
   2,-113,-291, 866, -74, -77, -59,-406,-994;
   1,-115,-287, 866, -80, -78, -62,-409,-991;
   2,-119,-284, 865, -85, -79, -66,-422,-987;
   0,-117,-287, 868, -90, -81, -67,-433,-986;
   1,-123,-289, 865, -90, -83, -70,-434,-987;
   0,-122,-288, 864, -91, -84, -74,-447,-983;
   1,-122,-286, 864, -89, -84, -71,-447,-985;
   1,-125,-283, 866, -88, -87, -64,-454,-984;
   5,-133,-282, 870, -86, -87, -60,-459,-974;
   1,-126,-281, 879, -83, -88, -60,-462,-975;
   2,-127,-279, 887, -79, -87, -60,-468,-964;
   2,-127,-280, 897, -75, -87, -58,-471,-952;
   3,-130,-281, 907, -71, -84, -61,-474,-952;
   2,-130,-274, 913, -68, -85, -57,-475,-940;
   5,-131,-274, 919, -66, -84, -57,-479,-936;
   4,-132,-273, 923, -66, -79, -58,-481,-928;
   4,-131,-270, 927, -66, -76, -55,-483,-923;
   5,-132,-273, 932, -66, -71, -46,-488,-919;
   4,-135,-271, 935, -65, -68, -55,-491,-916;
   4,-134,-262, 937, -64, -65, -59,-497,-910;
   3,-139,-261, 941, -64, -64, -63,-498,-909;
   4,-143,-262, 945, -66, -63, -63,-510,-907;
   2,-141,-263, 947, -72, -63, -71,-520,-909;
   0,-142,-265, 950, -78, -59, -64,-527,-901;
   0,-148,-260, 956, -84, -57, -68,-536,-905;
   1,-146,-263, 961, -90, -60, -68,-542,-900;
   3,-152,-265, 965, -96, -62, -61,-559,-897;
   2,-151,-260, 968,-103, -61, -60,-562,-905;
   2,-149,-261, 969,-104, -60, -64,-572,-898;
   2,-155,-262, 969,-101, -63, -60,-578,-896;
   2,-157,-264, 972, -97, -70, -65,-572,-891;
   1,-157,-256, 976, -94, -82, -66,-580,-894;
   3,-156,-256, 977, -89, -76, -60,-583,-890;
   4,-161,-259, 972, -83, -71, -63,-583,-889;
   5,-156,-260, 967, -77, -71, -61,-588,-882;
   5,-161,-258, 961, -76, -68, -54,-594,-879;
   4,-163,-257, 958, -72, -65, -57,-605,-876;
   2,-161,-256, 961, -68, -72, -62,-603,-869;
   3,-164,-257, 963, -66, -74, -60,-612,-863;
   9,-165,-255, 963, -65, -64, -50,-618,-853;
   8,-167,-252, 961, -64, -63, -53,-622,-846;
   4,-170,-245, 961, -59, -65, -51,-631,-841;
   4,-170,-246, 958, -56, -67, -48,-629,-829;
   6,-172,-247, 956, -51, -80, -53,-637,-825;
   7,-175,-247, 954, -42, -79, -45,-639,-822;
  10,-175,-239, 950, -35, -71, -39,-642,-809;
   9,-177,-242, 948, -25, -65, -33,-649,-803;
  12,-175,-241, 947, -13, -61, -37,-652,-804;
   9,-178,-236, 946,  -4, -57, -36,-652,-798;
   6,-176,-240, 944,   0, -57, -39,-652,-790;
  14,-178,-235, 949,   1, -63, -36,-661,-787;
  10,-177,-240, 954,  -1, -49, -33,-660,-791;
  11,-177,-237, 961,  -7, -38, -40,-666,-791;
  10,-180,-239, 970,  -9, -30, -35,-666,-792;
   6,-179,-241, 977, -14, -27, -36,-665,-790;
   7,-181,-237, 985, -14, -28, -39,-666,-793;
   6,-177,-236, 988, -16, -30, -37,-666,-790;
   7,-179,-234, 991, -16, -35, -41,-663,-785;
   9,-184,-235, 990, -13, -44, -42,-668,-780;
  10,-180,-232, 980,  -7, -36, -38,-666,-779;
  14,-182,-233, 969,   0, -33, -44,-669,-758;
   7,-182,-229, 962,   9, -36, -48,-678,-757;
   5,-183,-228, 955,  16, -39, -54,-677,-747;
   3,-183,-230, 953,  20, -39, -51,-681,-742;
   6,-184,-224, 950,  23, -40, -53,-682,-740;
   5,-186,-220, 944,  23, -40, -56,-685,-736;
   1,-183,-219, 939,  20, -43, -66,-685,-719;
   6,-185,-220, 935,  17, -52, -54,-694,-725;
   6,-188,-216, 928,  16, -45, -54,-699,-712;
   5,-188,-218, 926,  12, -38, -48,-707,-705;
   6,-191,-213, 930,  12, -36, -48,-709,-696;
   3,-191,-210, 936,  13, -33, -57,-713,-694;
   8,-189,-211, 947,  15, -30, -54,-712,-691;
   3,-191,-207, 954,  15, -30, -56,-711,-685;
   1,-187,-214, 960,  15, -32, -57,-708,-689;
   6,-189,-209, 961,  18, -35, -62,-698,-678;
   6,-190,-206, 959,  22, -43, -57,-703,-674;
   4,-187,-203, 948,  26, -42, -60,-707,-665;
   6,-187,-205, 937,  31, -39, -49,-712,-660;
   5,-192,-204, 926,  35, -35, -50,-715,-655;
   8,-190,-202, 913,  37, -31, -46,-720,-652;
   7,-194,-202, 903,  36, -28, -55,-725,-652;
   5,-195,-200, 899,  37, -29, -57,-733,-645;
   3,-197,-204, 897,  40, -27, -60,-739,-639;
  12,-200,-198, 896,  45, -22, -61,-742,-636;
   2,-197,-198, 896,  48, -22, -62,-744,-637;
   3,-198,-194, 892,  49, -29, -61,-749,-632;
   4,-200,-196, 887,  46, -36, -55,-762,-632;
   6,-201,-196, 880,  42, -33, -52,-765,-627;
   5,-206,-197, 876,  38, -29, -54,-774,-630;
   5,-205,-197, 870,  36, -25, -45,-780,-628;
   8,-208,-196, 862,  34, -25, -49,-780,-627;
   7,-207,-193, 855,  35, -28, -55,-784,-618;
   5,-204,-192, 852,  37, -30, -54,-773,-613;
   7,-207,-192, 855,  41, -31, -49,-768,-617;
  11,-199,-190, 857,  44, -33, -52,-767,-606;
   4,-204,-194, 856,  42, -37, -59,-770,-594;
   5,-204,-189, 858,  38, -44, -58,-775,-591;
   5,-203,-186, 856,  31, -41, -56,-770,-584;
   3,-204,-184, 850,  30, -39, -53,-773,-583;
   5,-202,-182, 846,  31, -37, -53,-772,-580;
   2,-201,-187, 845,  35, -37, -60,-768,-578;
   1,-204,-183, 846,  45, -40, -77,-768,-571;
   3,-202,-183, 846,  52, -38, -76,-762,-570;
   1,-200,-180, 843,  57, -37, -73,-759,-568;
  -2,-203,-182, 835,  58, -34, -86,-771,-561;
  -3,-207,-182, 822,  56, -32, -94,-777,-560;
   0,-207,-180, 812,  49, -32, -82,-788,-552;
   2,-209,-178, 807,  40, -31, -72,-793,-548;
   0,-208,-178, 807,  32, -29, -66,-791,-543;
   6,-213,-176, 811,  28, -24, -55,-800,-541;
   6,-212,-172, 816,  32, -23, -55,-801,-530;
   5,-211,-170, 817,  38, -23, -60,-799,-519;
   4,-214,-170, 814,  42, -21, -56,-803,-518;
   4,-214,-173, 804,  46, -18, -54,-799,-507;
   7,-215,-169, 792,  46, -18, -53,-807,-500;
   6,-211,-164, 782,  45, -16, -44,-812,-498;
   4,-221,-164, 772,  43, -13, -55,-818,-496;
   3,-218,-163, 763,  43, -15, -58,-824,-492;
   5,-219,-163, 757,  42, -17, -55,-827,-490;
   2,-219,-161, 753,  38, -19, -52,-831,-488;
   7,-219,-164, 749,  33, -19, -43,-831,-487;
   8,-221,-160, 743,  29, -19, -40,-837,-487;
  11,-220,-161, 740,  24, -20, -35,-843,-479;
  10,-221,-157, 735,  20, -18, -37,-845,-470;
   9,-222,-158, 731,  18, -20, -30,-848,-474;
   6,-227,-159, 728,  18, -22, -35,-849,-466;
  14,-222,-155, 725,  20, -21, -32,-844,-458;
  11,-213,-155, 722,  19, -21, -29,-840,-453;
  15,-222,-153, 719,  16, -24, -23,-843,-444;
  15,-224,-151, 715,  14, -24, -20,-837,-444;
  13,-220,-151, 705,  13, -23, -19,-835,-449;
  17,-220,-152, 695,  13, -24, -14,-839,-440;
  16,-224,-152, 686,  16, -25,  -8,-838,-442;
  16,-218,-151, 681,  22, -27,  -9,-840,-442;
  16,-222,-150, 680,  27, -27, -11,-842,-438;
  13,-224,-151, 673,  35, -25, -20,-841,-441;
  16,-217,-151, 665,  40, -27, -15,-829,-436;
  12,-217,-145, 652,  46, -30, -22,-831,-435;
  12,-216,-144, 639,  49, -33, -21,-829,-434;
  13,-218,-143, 626,  50, -35, -28,-827,-426;
  13,-221,-148, 614,  45, -32, -30,-834,-418;
  11,-220,-147, 602,  40, -31, -28,-834,-414;
  15,-220,-140, 591,  35, -31, -32,-830,-403;
  13,-219,-143, 583,  31, -30, -33,-826,-405;
  14,-218,-136, 573,  29, -30, -32,-826,-409;
   8,-212,-143, 560,  33, -31, -26,-823,-394;
  11,-217,-136, 543,  35, -32, -32,-823,-391;
  13,-217,-140, 526,  37, -31, -29,-817,-382;
  10,-204,-134, 510,  38, -30, -30,-815,-381;
  14,-216,-149, 492,  38, -29, -30,-812,-379;
  13,-218,-135, 474,  35, -27, -33,-817,-379;
  12,-215,-132, 455,  32, -28, -31,-815,-370;
  10,-216,-133, 436,  33, -30, -32,-829,-369;
  12,-222,-132, 420,  33, -28, -34,-836,-371;
  10,-223,-132, 400,  37, -27, -39,-845,-364;
   8,-227,-134, 385,  42, -24, -39,-863,-368;
  11,-229,-130, 371,  48, -22, -34,-883,-365;
  10,-235,-132, 359,  52, -21, -30,-896,-367;
  13,-239,-129, 354,  56, -23, -35,-904,-371;
  14,-244,-128, 355,  57, -26, -37,-922,-359;
   5,-240,-129, 366,  58, -27, -50,-920,-358;
   6,-238,-130, 380,  58, -25, -44,-923,-350;
  11,-245,-130, 390,  58, -29, -36,-921,-351;
   9,-241,-126, 392,  55, -30, -35,-912,-346;
   8,-239,-130, 392,  54, -31, -34,-916,-344;
  12,-240,-129, 384,  53, -31, -38,-907,-343;
  12,-238,-127, 373,  54, -32, -36,-909,-336;
  14,-235,-124, 356,  55, -31, -32,-911,-330;
  14,-237,-116, 340,  57, -31, -32,-909,-325;
   8,-237,-123, 325,  61, -33, -34,-908,-315;
  12,-239,-118, 312,  63, -35, -27,-912,-320;
  13,-241,-121, 303,  64, -34, -30,-916,-312;
  11,-241,-119, 296,  60, -35, -31,-907,-308;
  13,-239,-116, 291,  58, -37, -29,-910,-304;
  14,-240,-117, 286,  55, -38, -30,-915,-303;
  10,-240,-117, 278,  51, -39, -34,-914,-302;
  12,-240,-116, 268,  50, -41, -32,-920,-303;
  15,-242,-117, 256,  51, -40, -36,-919,-305;
  15,-243,-119, 244,  51, -41, -33,-920,-304;
   7,-241,-119, 232,  52, -43, -35,-923,-308;
   8,-245,-117, 224,  48, -45, -37,-930,-304;
  10,-238,-122, 216,  44, -45, -35,-924,-307;
   6,-243,-118, 208,  37, -47, -38,-928,-310;
   9,-243,-118, 203,  31, -48, -43,-932,-317;
   8,-244,-123, 194,  28, -48, -35,-928,-319;
  12,-239,-123, 191,  27, -49, -34,-925,-316;
   9,-241,-123, 186,  29, -52, -38,-917,-310;
  13,-243,-121, 182,  31, -51, -34,-922,-306;
  13,-242,-121, 175,  33, -50, -36,-917,-307;
  12,-242,-115, 169,  36, -49, -34,-913,-302;
  10,-242,-117, 164,  36, -49, -31,-913,-305;
   9,-237,-118, 161,  35, -49, -32,-911,-305;
  11,-237,-117, 158,  35, -49, -34,-913,-295;
  14,-239,-115, 153,  33, -47, -27,-914,-298;
  13,-236,-114, 143,  33, -43, -31,-908,-288;
  10,-241,-114, 136,  35, -41, -31,-917,-292;
  13,-241,-112, 132,  39, -39, -24,-919,-295;
  13,-242,-114, 122,  46, -38, -30,-921,-290;
  13,-240,-114, 112,  51, -38, -28,-921,-287;
   9,-241,-112, 104,  56, -38, -38,-929,-277;
   9,-242,-112,  97,  58, -39, -39,-935,-271;
   9,-248,-108,  91,  59, -39, -43,-936,-269;
  12,-251,-106,  87,  58, -40, -41,-944,-267;
   7,-246,-108,  83,  57, -40, -40,-950,-267;
   9,-249,-109,  79,  55, -37, -40,-953,-269;
  10,-252,-107,  76,  56, -37, -40,-957,-272;
   7,-250,-111,  73,  54, -35, -37,-961,-274;
  11,-255,-114,  77,  51, -33, -35,-965,-277;
  13,-255,-112,  84,  48, -30, -36,-970,-289;
   8,-255,-115,  92,  43, -29, -30,-964,-284;
  11,-256,-116,  99,  38, -27, -30,-961,-287;
  11,-255,-114, 104,  33, -27, -35,-964,-297;
  15,-252,-115, 102,  26, -25, -27,-961,-291;
  15,-253,-113,  97,  20, -25, -30,-958,-294;
  17,-249,-118,  90,  12, -24, -24,-958,-291;
  14,-248,-114,  82,   4, -23, -23,-947,-290;
  17,-252,-114,  75,  -1, -22, -22,-948,-291;
  15,-249,-113,  68,  -4, -20, -28,-945,-288;
  16,-249,-112,  61,  -5, -18, -23,-941,-275;
  13,-245,-110,  52,  -6, -16, -21,-938,-277;
  13,-244,-109,  45,  -6, -13, -18,-935,-273;
  16,-248,-108,  38,  -7, -12, -15,-929,-264;
  17,-246,-110,  35, -11, -10, -18,-930,-259;
  15,-245,-108,  26, -14,  -8, -23,-931,-261;
  13,-245,-112,  21, -16,  -8, -21,-927,-260;
  13,-252,-109,  12, -13,  -8, -26,-924,-259;
  15,-242,-103,   1, -12,  -6, -24,-928,-250;
  15,-242,-106,  -8, -11,  -8, -25,-923,-250;
  16,-244,-102, -15,  -9,  -6, -26,-935,-249;
  13,-245,-105, -23,  -9,  -6, -24,-933,-250;
  13,-246,-107, -29,  -7,  -7, -27,-933,-256;
  14,-243,-107, -33,  -5,  -6, -29,-930,-255;
  15,-247,-107, -35,   0,  -7, -30,-935,-256;
  13,-245,-109, -37,   3,  -8, -30,-941,-255;
  16,-247,-105, -43,   6,  -7, -29,-939,-258;
  14,-249,-107, -45,   5,  -7, -33,-943,-257;
  17,-249, -95, -48,   4,  -6, -30,-950,-254;
  14,-254,-106, -49,   1,  -6, -32,-950,-259;
  10,-252,-111, -52,   1,  -6, -36,-957,-265;
   9,-250,-106, -53,   1,  -5, -38,-962,-263;
  10,-252,-108, -53,   0,  -4, -38,-959,-266;
   8,-253,-108, -53,   0,  -5, -47,-961,-264;
   8,-253,-109, -52,  -1,  -5, -40,-964,-266;
  10,-249,-105, -52,   0,  -1, -42,-965,-262;
  10,-252,-108, -55,   0,   0, -43,-968,-264;
  12,-256,-108, -60,   3,   3, -42,-963,-267;
   9,-253,-107, -67,   4,   5, -35,-964,-262;
  13,-250,-112, -73,   5,   6, -31,-970,-267;
  13,-256,-105, -77,   3,   7, -34,-978,-259;
  13,-255,-107, -77,   2,   7, -34,-969,-259;
  13,-256,-108, -77,   0,   7, -30,-968,-258;
  12,-255,-107, -75,  -3,   6, -29,-964,-264;
  12,-254,-109, -74,  -3,   7, -27,-965,-259;
  13,-254,-107, -74,  -2,   6, -28,-961,-265;
  10,-249,-110, -76,  -1,   6, -29,-962,-262;
   9,-252,-109, -80,  -2,   7, -28,-957,-258;
   9,-254,-107, -80,  -4,   6, -30,-962,-260;
  10,-248,-112, -81,  -7,   7, -33,-955,-258;
  10,-252,-108, -84, -10,   7, -34,-961,-256;
   8,-249,-109, -87, -12,   7, -38,-956,-260;
  10,-255,-110, -91, -14,   8, -37,-951,-254;
   9,-252,-109, -96, -14,   8, -38,-958,-256;
  10,-251,-105,-100, -12,  10, -39,-956,-256;
  10,-250,-106,-106, -10,  11, -36,-955,-258;
  11,-254,-110,-114,  -8,  14, -37,-958,-262;
   7,-249,-108,-120,  -9,  17, -34,-953,-266;
  11,-254,-111,-126,  -7,  18, -30,-959,-266;
  11,-256,-111,-127,  -5,  20, -36,-959,-269;
   7,-253,-115,-126,  -4,  22, -31,-964,-269;
  13,-253,-111,-123,  -4,  23, -33,-961,-270;
  12,-253,-112,-120,  -3,  23, -34,-957,-270;
  15,-253,-111,-117,  -3,  24, -30,-960,-273;
  13,-254,-111,-117,  -1,  23, -32,-957,-277;
   9,-252,-112,-116,   0,  23, -34,-954,-282;
   9,-249,-111,-120,   2,  22, -33,-958,-285;
   8,-253,-113,-122,   4,  22, -31,-960,-278;
  11,-254,-116,-125,   5,  19, -32,-955,-290;
  12,-252,-111,-126,   5,  18, -32,-957,-294;
  10,-248,-115,-129,   3,  19, -31,-954,-295;
  13,-255,-111,-135,   2,  20, -31,-961,-287;
  12,-253,-113,-140,  -1,  17, -29,-960,-285;
  17,-255,-116,-144,  -4,  16, -29,-960,-286;
  17,-254,-114,-145,  -8,  16, -25,-959,-280;
  15,-254,-116,-146, -13,  15, -20,-966,-291;
  15,-253,-112,-146, -15,  15, -24,-970,-283;
  14,-250,-114,-144, -18,  13, -21,-964,-285;
  13,-253,-108,-137, -19,  12, -19,-960,-280;
  13,-250,-113,-132, -19,  12, -20,-954,-276;
  16,-249,-112,-126, -17,  13, -28,-948,-280;
  15,-250,-113,-124, -13,  13, -21,-945,-282;
  16,-246,-106,-121, -11,  12, -30,-943,-284;
  15,-249,-115,-121,  -7,  12, -26,-946,-290;
  12,-248,-112,-120,  -3,  13, -29,-941,-279;
  14,-246,-115,-120,   2,  13, -25,-942,-282;
  14,-245,-115,-120,   6,  13, -26,-944,-280;
  10,-247,-114,-120,   9,  13, -30,-938,-297;
  10,-247,-112,-122,  14,  14, -33,-937,-286;
  11,-244,-113,-125,  17,  13, -37,-945,-293;
  13,-249,-111,-126,  21,  12, -36,-940,-290;
  11,-250,-112,-125,  20,  12, -40,-943,-294;
  12,-250,-118,-121,  24,  13, -38,-945,-299;
  11,-246,-124,-120,  28,  13, -39,-957,-296;
  11,-251,-115,-121,  36,  13, -38,-958,-295;
  11,-255,-117,-118,  44,  10, -35,-959,-294;
  11,-254,-115,-113,  49,  10, -35,-958,-296;
  11,-253,-119,-104,  54,  10, -36,-962,-302;
  11,-252,-119, -99,  59,  10, -34,-966,-304;
  12,-256,-122,-100,  63,  10, -32,-966,-306;
  11,-256,-122,-103,  66,  10, -34,-967,-306;
  12,-253,-122,-104,  67,  11, -39,-969,-308;
   8,-254,-119,-103,  69,  12, -37,-965,-306;
  10,-253,-116,-101,  69,  10, -38,-965,-309;
  15,-255,-106, -97,  69,   9, -39,-962,-308;
   8,-252,-115, -95,  67,   8, -38,-959,-301;
   8,-253,-120, -95,  62,   6, -38,-957,-302;
  10,-252,-119, -94,  59,   3, -42,-954,-300;
   8,-249,-116, -91,  54,   1, -44,-949,-299;
   6,-248,-119, -87,  50,   1, -39,-952,-295;
   8,-249,-116, -85,  48,   0, -40,-946,-294;
   7,-244,-115, -83,  45,   0, -43,-948,-292;
  10,-249,-115, -82,  42,   1, -42,-948,-293;
   7,-247,-113, -83,  41,   0, -37,-945,-296;
   9,-248,-113, -88,  38,  -1, -42,-946,-293;
   7,-253,-111, -94,  34,  -2, -41,-952,-291;
  10,-252,-113,-103,  33,  -4, -48,-951,-285;
   5,-252,-109,-110,  31,  -5, -54,-954,-286;
   5,-253,-112,-114,  31,  -5, -52,-956,-282;
   5,-251,-112,-115,  30,  -6, -58,-963,-283;
   5,-254,-110,-113,  32,  -4, -56,-962,-285;
   6,-252,-117,-105,  34,  -2, -57,-964,-293;
   5,-252,-115, -98,  34,  -2, -62,-966,-296;
   4,-255,-119, -90,  34,  -1, -61,-967,-296;
   4,-252,-118, -83,  32,   0, -62,-962,-291;
   4,-251,-117, -75,  30,   1, -61,-959,-298;
   1,-250,-126, -69,  31,   2, -55,-952,-298;
   9,-253,-118, -67,  31,   5, -61,-949,-298;
   6,-249,-111, -67,  32,   9, -59,-949,-294;
   6,-250,-117, -70,  35,  12, -50,-944,-292;
   9,-248,-112, -73,  35,  13, -47,-945,-288;
   7,-251,-112, -80,  34,  17, -48,-946,-282;
   7,-249,-114, -88,  32,  20, -47,-947,-278;
   7,-251,-114, -97,  28,  22, -50,-956,-279;
   5,-251,-113,-105,  24,  25, -43,-955,-275;
  11,-254,-113,-110,  20,  29, -39,-957,-281;
   7,-252,-108,-112,  16,  30, -43,-958,-279;
  10,-251,-112,-111,  14,  30, -40,-956,-278;
  11,-255,-114,-108,  12,  32, -39,-955,-276;
  11,-253,-113,-103,  10,  32, -37,-963,-283;
   7,-251,-113,-100,   8,  32, -35,-955,-282;
  11,-255,-111, -96,   5,  33, -36,-961,-276;
  11,-251,-112, -94,   4,  33, -34,-959,-282;
  11,-254,-118, -94,   2,  33, -34,-961,-289;
  14,-248,-120, -91,   1,  33, -33,-959,-283;
  13,-252,-111, -89,   1,  33, -33,-958,-283;
   8,-250,-113, -89,   0,  32, -39,-952,-283;
  15,-252,-108, -88,  -1,  34, -36,-953,-277;
  10,-249,-114, -90,  -3,  33, -41,-953,-279;
  11,-252,-111, -94,  -1,  33, -43,-961,-277;
  10,-256,-114, -97,   2,  35, -38,-961,-274;
  10,-254,-111,-100,   6,  36, -34,-969,-273;
  11,-257,-107,-102,  13,  36, -37,-978,-271;
  12,-256,-112,-103,  20,  35, -35,-973,-271;
  10,-258,-113, -99,  23,  35, -33,-992,-277;
  12,-259,-117, -93,  26,  35, -27,-986,-281;
  14,-261,-116, -84,  28,  36, -27,-991,-283;
  15,-262,-112, -76,  32,  34, -26,-988,-295;
  14,-260,-113, -67,  35,  34, -20,-990,-290;
  16,-260,-116, -60,  35,  34, -22,-992,-294;
  16,-257,-117, -53,  36,  32, -17,-985,-290;
  18,-256,-117, -46,  38,  33, -15,-984,-292;
  19,-258,-118, -41,  40,  33,  -6,-984,-290;
  18,-256,-118, -34,  39,  34, -11,-971,-296;
  20,-257,-116, -27,  43,  34,   2,-971,-298;
  21,-257,-115, -25,  45,  33,   2,-967,-296;
  18,-256,-117, -24,  50,  34,   3,-971,-297;
  19,-253,-116, -27,  54,  30,   0,-969,-293;
  21,-255,-120, -30,  60,  30,   0,-969,-294;
  19,-263,-114, -33,  68,  27,  -1,-970,-295;
  14,-255,-116, -36,  77,  23, -16,-970,-296;
  16,-257,-114, -35,  89,  19, -15,-977,-294;
  13,-256,-117, -30, 100,  13, -27,-973,-297;
  14,-257,-116, -25, 112,   6, -32,-972,-299;
  11,-260,-115, -23, 123,  -1, -40,-973,-291;
   8,-256,-117, -18, 132,  -6, -47,-972,-289;
   6,-256,-112, -14, 139, -12, -57,-973,-286;
   2,-256,-111, -13, 142, -19, -64,-969,-283;
  -1,-253,-110, -12, 142, -24, -71,-969,-275;
   1,-255,-111, -12, 140, -31, -76,-967,-276;
  -4,-253,-125,  -9, 136, -35, -86,-968,-273;
   0,-255,-110,  -6, 131, -40, -84,-967,-278;
   0,-254,-111,   0, 126, -45, -90,-963,-277;
   0,-255,-110,   9, 119, -49, -95,-966,-277;
   0,-254,-111,  15, 111, -52, -95,-962,-287;
  -3,-254,-112,  22, 104, -56, -87,-961,-282;
   0,-253,-117,  27,  93, -58, -85,-957,-281;
  -2,-249,-111,  30,  83, -58, -83,-951,-293;
   1,-251,-122,  31,  72, -59, -94,-947,-292;
  -1,-252,-116,  31,  61, -57, -94,-948,-293;
  -1,-251,-117,  28,  52, -56, -96,-946,-293;
  -8,-244,-124,  28,  44, -53, -96,-944,-299;
  -4,-248,-119,  24,  38, -49, -95,-949,-302;
   0,-249,-117,  19,  32, -47, -93,-949,-299;
  -4,-247,-115,  11,  28, -45, -90,-950,-293;
   0,-248,-116,   3,  26, -43, -84,-946,-285;
   0,-250,-115,  -3,  23, -41, -84,-952,-288;
   0,-250,-115,  -7,  21, -39, -86,-955,-292;
   0,-252,-116, -13,  21, -36, -89,-949,-292;
   0,-251,-114, -16,  21, -33, -77,-957,-291;
   0,-251,-113, -17,  20, -31, -77,-961,-293;
   3,-255,-111, -23,  18, -28, -73,-964,-285;
   5,-247,-121, -25,  14, -25, -70,-965,-283;
   5,-256,-114, -24,   8, -25, -69,-968,-292;
   1,-255,-112, -21,   3, -21, -63,-969,-289;
   3,-255,-111, -18,  -4, -18, -64,-967,-292;
   3,-255,-112, -15, -15, -18, -62,-969,-296;
   4,-254,-116, -11, -24, -17, -68,-965,-291;
   3,-253,-115,  -8, -32, -15, -61,-967,-302;
   4,-253,-117,  -6, -41, -13, -67,-961,-299;
   2,-254,-118,  -3, -47, -11, -62,-964,-304;
   5,-254,-121,   0, -51, -11, -61,-968,-302;
   4,-252,-117,   0, -56, -10, -57,-961,-305;
   3,-251,-121,   2, -58,  -9, -56,-962,-307;
   6,-254,-116,   3, -59,  -7, -60,-960,-305;
   4,-254,-117,   0, -59,  -5, -57,-963,-301;
   7,-253,-117,  -3, -58,  -4, -48,-959,-304;
   5,-251,-116,  -9, -57,  -2, -53,-958,-299;
   6,-253,-117, -12, -56,   0, -47,-961,-296;
   6,-252,-118, -14, -54,   2, -51,-961,-298;
  10,-255,-112, -14, -54,   4, -56,-953,-293;
   7,-249,-116, -13, -52,   6, -48,-971,-289;
   7,-250,-114, -10, -49,   7, -49,-959,-285;
   8,-252,-113,  -6, -47,   9, -44,-956,-280;
   7,-250,-119,  -7, -44,  10, -40,-955,-285;
   8,-252,-113,  -8, -42,  11, -39,-951,-282;
   8,-247,-109, -10, -39,  13, -43,-949,-276;
   7,-250,-107, -16, -34,  12, -40,-948,-284;
   8,-248,-113, -15, -29,  13, -42,-946,-278;
  10,-248,-112, -16, -24,  13, -35,-949,-279;
  10,-248,-111, -17, -19,  12, -35,-949,-273;
  14,-250,-112, -18, -13,  11, -29,-948,-276;
  11,-250,-111, -21,  -8,  10, -32,-954,-274;
  12,-250,-113, -25,  -3,  12, -33,-953,-277;
  10,-254,-111, -28,   0,   9, -33,-961,-275;
  13,-259,-111, -28,   0,   6, -34,-960,-272;
  11,-252,-112, -27,   1,   4, -33,-963,-278;
   9,-254,-114, -25,   2,   0, -34,-964,-285;
  10,-255,-113, -21,   4,  -3, -35,-961,-277;
  11,-255,-115, -20,   4,  -6, -39,-966,-284;
  10,-253,-116, -23,   6,  -8, -31,-960,-286;
  11,-254,-113, -26,   7, -11, -31,-961,-276;
  12,-254,-112, -26,   6, -13, -39,-962,-285;
  13,-250,-110, -29,   6, -14, -37,-959,-282;
   9,-253,-112, -30,   5, -18, -37,-959,-282;
  11,-255,-113, -31,   4, -19, -41,-954,-282;
   8,-253,-114, -32,   3, -20, -37,-955,-277;
   9,-251,-114, -34,   3, -21, -42,-953,-284;
   7,-251,-112, -34,   2, -23, -40,-949,-280;
   9,-252,-108, -37,   2, -24, -48,-954,-275;
   7,-250,-113, -38,   1, -25, -48,-954,-280;
   6,-248,-109, -39,   1, -26, -42,-953,-281;
  10,-249,-113, -38,   1, -27, -51,-952,-275;
   5,-250,-110, -37,  -1, -29, -50,-956,-283;
   8,-251,-111, -34,  -1, -31, -49,-949,-282;
   6,-253,-113, -33,  -3, -32, -44,-954,-281;
  10,-251,-114, -32,  -5, -32, -47,-955,-285;
   4,-250,-114, -31,  -5, -31, -52,-953,-276;
  10,-256,-112, -30,  -6, -32, -44,-954,-282;
   7,-253,-113, -32,  -7, -32, -45,-956,-278;
  10,-250,-111, -36,  -6, -29, -41,-960,-286;
  10,-254,-111, -39,  -6, -29, -44,-960,-281;
   8,-253,-109, -40,  -5, -27, -35,-969,-282;
   9,-252,-111, -40,  -3, -27, -38,-965,-273;
   7,-254,-112, -39,   2, -22, -36,-967,-283;
  12,-255,-111, -37,   5, -18, -28,-967,-278;
  18,-257,-113, -35,   6, -19, -30,-971,-275;
  13,-255,-113, -34,   7, -19, -30,-964,-281;
  12,-256,-114, -33,   8, -18, -33,-967,-275;
  11,-253,-108, -31,  10, -17, -31,-966,-272;
  12,-256,-107, -31,   9, -17, -31,-967,-271;
  12,-250,-107, -28,   7, -18, -34,-964,-267;
  11,-252,-106, -27,   8, -17, -32,-964,-272;
   9,-250,-110, -30,   8, -17, -32,-965,-270;
  13,-252,-107, -31,   6, -18, -34,-964,-270;
  15,-252,-108, -32,   8, -17, -30,-964,-267;
  10,-250,-106, -34,   9, -18, -35,-958,-265;
  12,-255,-112, -33,   8, -18, -31,-962,-265;
   9,-251,-109, -33,   9, -16, -36,-961,-269;
  12,-255,-110, -34,  11, -15, -34,-961,-272;
   9,-255,-107, -37,  13, -15, -38,-961,-274;
   9,-254,-111, -39,  15, -14, -37,-968,-270;
   5,-255,-111, -38,  16, -14, -42,-970,-270;
  12,-253,-112, -34,  19, -14, -40,-969,-271;
   6,-256,-109, -32,  20, -14, -38,-967,-272;
  11,-254,-110, -26,  20, -14, -42,-968,-273;
   9,-256,-107, -24,  19, -12, -44,-970,-273;
   8,-251,-111, -22,  18, -11, -39,-968,-269;
   7,-251,-108, -18,  19, -12, -48,-967,-278;
  10,-254,-114, -17,  21, -11, -42,-963,-276;
   7,-255,-111, -17,  23,  -9, -46,-968,-277;
   8,-259,-109, -17,  26,  -9, -46,-967,-274;
   7,-256,-111, -16,  30,  -9, -48,-968,-271;
  10,-256,-109, -12,  30,  -7, -45,-971,-269;
   6,-253,-106, -10,  28,  -7, -42,-969,-273;
   7,-256,-109,  -6,  25,  -7, -43,-967,-272;
   7,-255,-109,  -4,  21,  -8, -47,-968,-266;
  11,-254,-106,  -5,  20,  -6, -47,-959,-270;
   8,-253,-114,  -7,  18,  -6, -45,-959,-270;
   7,-252,-108,  -9,  19,  -6, -42,-958,-271;
  13,-252,-115, -12,  19,  -5, -43,-957,-266;
   7,-252,-108, -14,  20,  -5, -41,-962,-270;
  11,-253,-110, -17,  21,  -3, -40,-958,-267;
   8,-253,-109, -20,  19,  -4, -38,-963,-263;
   7,-254,-105, -23,  17,  -4, -43,-961,-263;
   8,-251,-110, -24,  14,  -4, -41,-962,-257;
   8,-252,-107, -25,  10,  -4, -42,-960,-259;
   7,-250,-105, -29,   8,  -4, -47,-955,-259;
   8,-254,-106, -28,   6,  -4, -42,-962,-258;
   9,-252,-106, -28,   4,  -4, -47,-964,-261;
   9,-250,-106, -26,   4,  -3, -45,-959,-260;
   8,-254,-109, -25,   4,  -3, -41,-964,-261;
   8,-254,-110, -26,   4,  -4, -41,-965,-261;
   6,-253,-106, -26,   4,  -4, -43,-966,-265;
   9,-256,-108, -26,   2,  -3, -46,-968,-267;
  12,-257,-108, -25,   3,  -4, -48,-969,-270;
   8,-255,-110, -25,   4,  -2, -40,-968,-269;
   7,-256,-110, -24,   4,   0, -44,-970,-268;
   6,-256,-112, -22,   5,   2, -41,-969,-271;
   9,-255,-113, -21,   5,   1, -44,-969,-271;
  12,-254,-111, -20,   5,   2, -41,-961,-274;
  11,-255,-110, -21,   6,   3, -46,-966,-270;
   5,-256,-117, -18,   6,   3, -43,-963,-277;
   9,-256,-107, -18,   7,   4, -43,-964,-277;
   9,-253,-109, -17,   7,   4, -44,-960,-266;
   8,-252,-107, -19,   6,   3, -38,-966,-268;
  10,-253,-109, -19,   2,   4, -45,-960,-272;
  10,-254,-109, -22,   1,   5, -46,-959,-268;
  12,-252,-107, -24,   0,   3, -39,-959,-268;
  14,-254,-106, -24,  -2,   3, -37,-963,-268;
  13,-255,-109, -25,  -3,   2, -38,-964,-265;
   8,-251,-106, -25,  -1,   4, -39,-960,-264;
   6,-253,-109, -26,  -2,   3, -39,-963,-262;
   3,-253,-117, -25,  -4,   4, -38,-966,-261;
   7,-252,-108, -26,  -5,   5, -40,-959,-262;
   9,-256,-109, -24,  -6,   3, -37,-961,-260;
   9,-253,-107, -23,  -7,   4, -41,-964,-258;
  10,-253,-106, -21,  -8,   3, -40,-961,-264;
   8,-256,-107, -21, -10,   2, -38,-961,-264;
   7,-254,-107, -22, -10,   3, -40,-967,-266;
  11,-256,-113, -21, -10,   4, -37,-966,-262;
  11,-255,-108, -19, -11,   3, -36,-970,-265;
   8,-253,-113, -21, -12,   2, -36,-967,-268;
   8,-256,-105, -22, -12,   2, -35,-964,-266;
   8,-254,-111, -22, -12,   0, -36,-965,-259;
   9,-253,-107, -23, -13,   0, -40,-966,-265;
   8,-254,-110, -25, -15,  -1, -38,-962,-265;
   9,-253,-107, -27, -15,  -1, -31,-967,-267;
  11,-256,-106, -25, -15,  -3, -34,-968,-266;
  11,-253,-113, -27, -15,  -2, -38,-965,-267;
   8,-256,-110, -26, -16,  -2, -38,-963,-268;
   9,-251,-110, -24, -17,  -3, -38,-966,-264;
  10,-254,-110, -26, -18,  -1, -43,-963,-272;
  12,-256,-113, -26, -18,  -3, -41,-968,-269;
  18,-255,-111, -24, -16,  -3, -38,-963,-266;
  13,-253,-110, -26, -16,  -1, -34,-966,-268;
  11,-253,-109, -24, -17,  -1, -36,-963,-265;
  10,-253,-109, -25, -15,   0, -38,-965,-263;
   9,-256,-109, -27, -15,  -2, -38,-970,-264;
  11,-255,-106, -28, -16,  -1, -32,-974,-264;
  11,-256,-108, -28, -18,  -2, -37,-970,-261;
   9,-256,-110, -25, -21,  -2, -38,-975,-265;
   9,-253,-110, -23, -25,  -4, -34,-971,-262;
  10,-257,-111, -20, -29,  -6, -35,-969,-261;
   7,-255,-110, -18, -31,  -7, -32,-964,-264;
  10,-247,-104, -15, -31,  -7, -34,-965,-264;
  11,-254,-104, -14, -29,  -7, -36,-962,-265;
  11,-253,-109, -13, -29,  -7, -36,-961,-262;
   9,-253,-108, -13, -27,  -7, -33,-965,-262;
  10,-251,-109, -14, -22,  -6, -37,-958,-260;
  13,-255,-108, -17, -18,  -5, -38,-957,-262;
   7,-250,-105, -16, -16,  -6, -37,-962,-263;
  10,-253,-108, -17, -14,  -5, -39,-959,-261;
  11,-253,-107, -18, -14,  -4, -38,-957,-262;
   8,-251,-108, -18, -15,  -5, -45,-959,-262;
  11,-254,-107, -20, -15,  -6, -39,-961,-264;
   8,-253,-105, -22, -14,  -6, -35,-961,-266;
   7,-253,-112, -22, -13,  -6, -37,-964,-263;
  11,-253,-112, -25, -10,  -8, -36,-968,-264;
  11,-255,-107, -26,  -8,  -9, -37,-959,-261;
   9,-254,-105, -28,  -6, -11, -31,-958,-263;
  11,-252,-108, -28,  -6, -12, -34,-959,-261;
  10,-250,-106, -28,  -6, -14, -35,-962,-264;
  15,-251,-105, -25,  -6, -14, -36,-959,-259;
   9,-252,-106, -23,  -7, -15, -37,-958,-261;
   9,-254,-105, -22,  -8, -15, -32,-962,-258;
  13,-250,-108, -22,  -6, -16, -34,-959,-260;
  15,-254,-112, -22,  -6, -16, -36,-957,-263;
  11,-254,-109, -23,  -6, -18, -33,-955,-262;
   9,-252,-111, -27,  -4, -16, -38,-960,-265;
  14,-255,-115, -29,  -3, -13, -27,-960,-271;
  13,-251,-108, -32,  -2, -14, -31,-961,-269;
  15,-254,-107, -33,  -1, -13, -34,-961,-268;
  14,-255,-110, -37,   1, -13, -32,-963,-265;
  14,-255,-107, -40,   2, -13, -31,-969,-268;
  11,-254,-106, -44,   2, -12, -31,-968,-260;
   9,-256,-109, -46,   4, -11, -26,-968,-263;
  11,-256,-109, -47,   4, -10, -32,-968,-264;
   8,-255,-105, -48,   5, -11, -29,-974,-261;
  10,-254,-104, -48,   4, -12, -32,-972,-264;
  11,-254,-106, -48,   3, -13, -31,-969,-262;
  13,-256,-106, -48,   2, -12, -31,-971,-256;
  12,-256,-106, -48,   1, -12, -33,-967,-265;
  14,-255,-105, -46,   1, -13, -29,-968,-262;
  12,-255,-107, -46,   1, -12, -33,-973,-260;
  11,-255,-113, -47,   3, -11, -28,-972,-260;
  14,-256,-107, -47,   4, -11, -31,-966,-259;
  13,-254,-108, -46,   5, -11, -31,-966,-260;
  12,-255,-105, -46,   5,  -8, -30,-964,-259;
  12,-253,-101, -45,   9,  -8, -29,-965,-260;
  12,-255,-108, -45,  11,  -8, -31,-962,-261;
  12,-254,-106, -44,  15,  -7, -33,-963,-264;
  11,-254,-109, -45,  16,  -6, -32,-966,-260;
  11,-254,-108, -45,  18,  -6, -33,-962,-262;
   9,-253,-108, -46,  18,  -7, -35,-967,-260;
  13,-253,-110, -48,  18,  -7, -35,-968,-259;
  13,-255,-104, -51,  17,  -7, -35,-965,-263;
  11,-257,-108, -54,  16,  -7, -34,-965,-257;
  10,-252,-108, -55,  17, -10, -36,-966,-259;
  11,-251,-106, -57,  18,  -9, -36,-969,-264;
   9,-252,-113, -58,  18,  -9, -39,-965,-262;
  12,-257,-107, -60,  19,  -9, -34,-967,-262;
  10,-253,-107, -61,  21, -10, -37,-960,-260;
  10,-254,-107, -62,  22,  -9, -35,-968,-262;
  12,-251,-104, -65,  22, -10, -39,-965,-260;
   9,-250,-106, -67,  22,  -8, -41,-960,-262;
   9,-254,-110, -69,  22,  -7, -36,-964,-263;
  11,-253,-105, -70,  23,  -5, -38,-966,-271;
   8,-253,-105, -73,  24,  -4, -32,-966,-261;
  11,-252,-106, -76,  26,  -3, -38,-962,-261;
  10,-254,-111, -76,  29,  -4, -35,-966,-263;
  12,-249,-107, -77,  29,  -4, -33,-963,-261;
  10,-253,-108, -78,  30,  -4, -39,-963,-261;
  13,-256,-108, -76,  31,  -5, -35,-967,-263;
  11,-255,-106, -75,  32,  -4, -38,-963,-262;
   8,-254,-107, -75,  32,  -4, -41,-969,-263;
  10,-253,-107, -73,  32,  -4, -35,-960,-260;
  10,-252,-107, -70,  32,  -6, -35,-965,-257;
   7,-256,-114, -69,  32,  -7, -41,-967,-260;
  11,-253,-107, -67,  32,  -6, -38,-967,-262;
  12,-256,-109, -65,  33,  -6, -36,-963,-262;
   9,-252,-110, -65,  33,  -7, -35,-966,-261;
  11,-252,-109, -66,  34,  -7, -39,-965,-264;
   8,-255,-107, -67,  35,  -6, -36,-971,-262;
   8,-256,-106, -67,  36,  -5, -38,-964,-256;
  12,-254,-109, -70,  37,  -6, -38,-967,-260;
   8,-255,-105, -71,  37,  -4, -45,-969,-262;
  10,-254,-105, -73,  37,  -3, -40,-972,-259;
   7,-255,-110, -74,  37,  -4, -37,-965,-260;
  10,-252,-106, -71,  36,  -4, -40,-968,-255;
  10,-255,-107, -70,  36,  -4, -37,-969,-258;
   9,-255,-107, -68,  34,  -5, -40,-966,-263;
  11,-250,-109, -68,  33,  -5, -36,-970,-257;
   8,-253,-106, -68,  31,  -4, -38,-969,-262;
   7,-255,-107, -69,  31,  -3, -40,-969,-257;
   8,-255,-106, -71,  30,  -4, -40,-968,-260;
  10,-256,-105, -70,  30,  -4, -40,-964,-254;
   9,-255,-109, -70,  31,  -4, -42,-959,-261;
   8,-255,-107, -71,  31,  -3, -41,-961,-261;
   9,-254,-106, -72,  31,  -5, -43,-960,-258;
   8,-256,-107, -72,  32,  -4, -42,-966,-265;
   7,-254,-105, -74,  33,  -5, -40,-965,-257;
  12,-255,-107, -72,  33,  -3, -45,-966,-263;
  10,-251,-107, -72,  33,  -5, -42,-968,-261;
  10,-256,-109, -73,  32,  -6, -42,-967,-262;
  12,-255,-106, -72,  34,  -6, -42,-962,-261;
   8,-254,-105, -69,  34,  -5, -45,-968,-264;
   9,-255,-108, -69,  33,  -4, -38,-964,-262;
   8,-254,-106, -69,  34,  -4, -41,-966,-266;
   9,-254,-109, -70,  33,  -5, -40,-968,-263;
   9,-253,-106, -70,  34,  -5, -40,-967,-268;
   8,-254,-109, -69,  35,  -5, -38,-966,-261;
   9,-252,-109, -69,  36,  -5, -39,-964,-264;
   9,-255,-113, -69,  35,  -4, -44,-968,-264;
   7,-251,-107, -71,  34,  -5, -38,-966,-265;
   6,-252,-109, -69,  33,  -3, -47,-971,-262;
   7,-253,-110, -68,  33,  -3, -42,-965,-267;
  10,-253,-103, -67,  31,  -3, -42,-967,-262;
  10,-255,-106, -67,  31,  -2, -44,-967,-261;
   9,-254,-106, -67,  30,  -3, -34,-968,-264;
  11,-254,-105, -67,  30,  -3, -35,-968,-266;
   9,-254,-107, -65,  30,  -2, -36,-968,-263;
  12,-252,-107, -66,  30,  -1, -36,-969,-268;
  13,-257,-110, -66,  32,  -1, -40,-967,-264;
   9,-254,-104, -64,  31,  -1, -37,-965,-258;
  12,-256,-106, -61,  30,   0, -35,-966,-262;
   9,-256,-109, -60,  29,  -1, -38,-966,-263;
   9,-253,-107, -59,  30,  -3, -39,-960,-263;
  10,-251,-109, -59,  31,  -4, -37,-957,-264;
   5,-252,-110, -62,  30,  -1, -37,-961,-267;
  11,-253,-106, -66,  31,  -2, -37,-958,-269;
  10,-254,-107, -68,  31,  -1, -42,-963,-262;
   9,-258,-110, -68,  31,  -1, -42,-966,-269;
   6,-256,-113, -67,  31,  -2, -44,-967,-268;
  11,-257,-107, -69,  31,  -2, -43,-963,-266;
   7,-255,-110, -70,  28,  -2, -45,-969,-264;
  10,-257,-110, -73,  26,  -3, -40,-965,-267;
  11,-255,-106, -73,  26,  -3, -47,-967,-266;
  11,-254,-109, -74,  26,  -3, -45,-963,-270;
   7,-254,-112, -76,  26,  -3, -40,-967,-266;
  10,-255,-107, -77,  27,  -2, -41,-966,-272;
  11,-255,-110, -76,  27,  -2, -39,-961,-265;
   7,-253,-109, -73,  27,  -2, -39,-962,-272;
  10,-252,-109, -72,  30,  -2, -43,-961,-269;
   7,-251,-110, -73,  30,  -2, -48,-961,-271;
   8,-254,-109, -70,  30,  -1, -42,-963,-272;
   7,-255,-107, -70,  29,   0, -51,-967,-264;
  10,-253,-106, -68,  29,   1, -43,-965,-263;
   5,-253,-110, -69,  27,   0, -46,-967,-265;
  11,-254,-107, -70,  25,  -1, -46,-965,-266;
  10,-255,-109, -72,  25,  -2, -47,-964,-267;
   9,-255,-110, -71,  23,   0, -45,-966,-272;
   8,-251,-110, -71,  20,  -2, -51,-967,-272;
   8,-254,-107, -69,  19,  -1, -40,-964,-268;
   8,-252,-112, -65,  17,  -3, -37,-964,-273;
   9,-251,-112, -63,  17,  -4, -41,-966,-272;
  10,-254,-112, -60,  16,  -3, -46,-963,-271;
  10,-251,-109, -59,  18,  -4, -37,-962,-272;
  11,-254,-104, -58,  18,  -3, -35,-961,-273;
   9,-253,-108, -59,  19,  -3, -37,-964,-272;
  11,-253,-109, -61,  18,  -3, -42,-964,-272;
   9,-251,-114, -59,  18,  -4, -42,-964,-270;
  13,-256,-109, -57,  17,  -5, -40,-965,-275;
   6,-251,-113, -58,  18,  -5, -39,-963,-272;
  10,-252,-111, -59,  18,  -4, -42,-956,-270;
  10,-251,-107, -59,  18,  -4, -40,-964,-271;
   9,-256,-110, -60,  19,  -4, -39,-963,-271;
   9,-254,-116, -63,  18,  -5, -40,-962,-268;
  10,-253,-110, -64,  20,  -3, -43,-962,-272;
   8,-250,-113, -65,  20,  -4, -42,-966,-272;
   9,-253,-111, -66,  19,  -4, -39,-965,-266;
   9,-252,-110, -65,  19,  -5, -40,-960,-270;
  11,-253,-108, -65,  17,  -7, -37,-961,-274;
  11,-253,-112, -66,  17,  -7, -39,-964,-272;
   7,-254,-111, -65,  16,  -7, -43,-961,-275;
   8,-253,-114, -65,  15,  -7, -44,-959,-277;
  11,-255,-110, -64,  18,  -7, -44,-957,-280;
  11,-257,-112, -64,  18,  -6, -44,-958,-272;
   9,-253,-111, -63,  21,  -4, -37,-961,-275;
