  13,-254,-109, -24,  10,  -3, -37,-968,-259;
  14,-254,-106, -25,   8,  -3, -35,-969,-254;
   8,-253,-112, -25,   9,   0, -36,-969,-251;
  12,-255,-108, -26,   8,  -1, -38,-966,-256;
  10,-255,-104, -27,   9,  -3, -34,-967,-253;
   9,-249,-105, -28,   8,  -2, -38,-964,-250;
   8,-249,-101, -29,   8,  -3, -36,-964,-252;
   9,-255,-105, -30,   7,  -3, -35,-965,-253;
  11,-252,-106, -34,   7,  -3, -31,-964,-253;
  13,-254, -99, -36,   7,  -4, -35,-961,-249;
  11,-256,-107, -38,   7,  -4, -34,-962,-256;
  13,-255,-105, -40,   8,  -4, -35,-966,-253;
  11,-253,-109, -40,   7,  -6, -37,-968,-253;
  12,-253,-102, -42,   5,  -5, -33,-965,-256;
  11,-256,-105, -41,   5,  -6, -32,-967,-257;
  15,-253,-102, -42,   5,  -7, -39,-969,-255;
  13,-255,-106, -41,   5,  -7, -36,-974,-250;
  12,-255,-106, -38,   4,  -7, -36,-971,-256;
  10,-256,-104, -36,   3,  -6, -33,-969,-254;
  11,-255,-104, -35,   2,  -8, -35,-968,-253;
   8,-256,-107, -33,   2,  -8, -36,-965,-254;
  11,-254,-105, -32,   0,  -9, -36,-965,-257;
  14,-255,-107, -32,   1,  -9, -37,-965,-254;
   9,-251,-104, -30,   1,  -8, -34,-968,-256;
  14,-256,-104, -30,   3,  -9, -31,-969,-256;
  14,-254,-106, -29,   4,  -8, -35,-965,-255;
  11,-253,-109, -30,   7,  -9, -35,-966,-255;
  14,-256,-103, -31,   6,  -8, -36,-967,-254;
  12,-255,-104, -32,   8,  -8, -35,-965,-254;
  10,-250,-107, -33,  10,  -9, -34,-961,-253;
   9,-253,-104, -35,  10,  -9, -35,-965,-254;
   9,-256,-106, -38,  10,  -8, -36,-970,-251;
  12,-257,-104, -38,  10,  -8, -32,-967,-249;
  13,-254, -99, -40,   9,  -9, -34,-970,-248;
  11,-252,-103, -41,   9, -10, -32,-968,-253;
  10,-252,-101, -42,   8, -11, -35,-967,-255;
   9,-258,-108, -42,   7, -10, -30,-967,-255;
  10,-258,-114, -41,   8, -10, -30,-974,-248;
  14,-254,-102, -44,   7, -11, -31,-970,-253;
  13,-255,-104, -43,   8, -10, -30,-965,-249;
  12,-256,-107, -39,   8, -10, -26,-968,-250;
  15,-254,-102, -41,   7, -10, -28,-970,-251;
  15,-255,-103, -42,   6, -10, -30,-971,-252;
  10,-255,-108, -43,   7, -10, -33,-966,-251;
  14,-254,-105, -44,   6,  -9, -33,-971,-251;
  13,-255,-103, -43,   8, -10, -30,-969,-254;
  12,-251,-102, -43,   7, -12, -33,-973,-254;
  13,-256,-103, -43,   9, -10, -36,-970,-249;
  17,-255,-106, -43,   9, -12, -33,-962,-253;
  13,-256,-107, -43,   8, -12, -37,-972,-254;
  11,-255,-104, -43,   8, -11, -43,-971,-254;
  10,-254,-108, -42,   7, -12, -37,-973,-257;
   9,-255,-105, -43,   8, -12, -37,-968,-257;
  10,-254,-100, -43,   9, -11, -37,-969,-247;
  12,-254,-108, -42,   9, -11, -33,-969,-252;
  12,-255,-103, -42,   7,  -9, -28,-967,-252;
  12,-254,-101, -44,  10,  -9, -32,-968,-251;
   9,-256,-102, -44,  10, -10, -36,-969,-248;
  13,-259,-107, -44,  11, -10, -35,-970,-252;
  13,-256,-101, -43,  12,  -9, -33,-969,-249;
  12,-257,-104, -43,  13,  -8, -34,-976,-247;
  10,-255,-104, -39,  15,  -8, -36,-970,-249;
  12,-255,-104, -37,  16,  -9, -32,-966,-253;
   9,-257,-105, -34,  16,  -8, -37,-969,-248;
  11,-254,-103, -33,  17,  -9, -37,-968,-250;
  11,-255,-104, -32,  16, -10, -35,-965,-252;
  12,-255,-103, -36,  14,  -9, -39,-970,-247;
   7,-252,-108, -39,  13, -10, -36,-967,-253;
  13,-255,-105, -42,  11, -10, -35,-963,-249;
  15,-253,-107, -44,  12, -10, -36,-966,-249;
   9,-257,-108, -42,  11, -12, -32,-963,-250;
  10,-254,-106, -41,  12, -11, -35,-963,-251;
  10,-254,-102, -40,  14, -13, -38,-965,-248;
  14,-254,-104, -39,  15, -12, -36,-963,-250;
  14,-254,-105, -40,  14, -12, -32,-965,-255;
  11,-256,-106, -41,  12, -12, -34,-965,-246;
   9,-252,-106, -41,  12, -11, -34,-968,-251;
   9,-255,-106, -42,  12, -12, -34,-963,-253;
  11,-253,-109, -42,  14, -12, -34,-966,-251;
  11,-253,-108, -44,  12, -11, -29,-968,-254;
  13,-251, -98, -45,  12,  -9, -30,-970,-251;
   9,-253,-103, -42,  13,  -8, -33,-967,-248;
  11,-254,-105, -43,  14,  -8, -27,-969,-253;
  11,-256,-104, -45,  15,  -8, -29,-968,-252;
  11,-255,-100, -46,  15,  -6, -35,-971,-246;
  13,-256,-107, -47,  14,  -6, -30,-969,-249;
  13,-255,-104, -46,  16,  -6, -35,-969,-246;
  11,-254,-102, -49,  17,  -4, -32,-970,-246;
  12,-255,-105, -50,  18,  -4, -31,-968,-249;
  11,-253,-102, -49,  18,  -5, -30,-974,-245;
   9,-254,-102, -50,  19,  -5, -34,-969,-250;
  12,-256,-103, -49,  18,  -5, -32,-968,-251;
  15,-257,-102, -47,  20,  -3, -34,-969,-249;
  11,-253,-104, -45,  20,  -3, -30,-970,-252;
  11,-256,-108, -45,  20,  -6, -34,-967,-251;
  13,-256,-106, -45,  21,  -4, -32,-970,-249;
  12,-254,-102, -43,  23,  -4, -33,-970,-248;
  12,-256,-102, -42,  24,  -4, -33,-970,-253;
  10,-256,-105, -44,  24,  -5, -32,-974,-251;
  13,-253,-103, -45,  25,  -4, -33,-967,-254;
  12,-256,-105, -44,  25,  -2, -34,-968,-252;
  11,-255,-109, -44,  24,  -2, -32,-968,-251;
  10,-254,-106, -44,  23,  -2, -37,-971,-254;
   8,-254,-108, -44,  23,  -2, -35,-969,-252;
  14,-258,-104, -44,  24,  -2, -35,-968,-250;
  11,-255,-106, -44,  22,  -2, -38,-968,-252;
  10,-255,-104, -44,  21,  -2, -37,-967,-248;
  11,-255,-106, -43,  19,  -4, -38,-968,-249;
  12,-257,-101, -43,  19,  -3, -39,-968,-251;
   8,-255,-106, -43,  20,  -2, -41,-963,-250;
   7,-254, -99, -43,  19,  -4, -33,-962,-248;
   9,-254,-102, -46,  20,  -4, -40,-963,-249;
  12,-254,-101, -47,  20,  -3, -44,-963,-246;
  12,-256,-102, -51,  22,  -4, -42,-967,-249;
  10,-256,-101, -52,  22,  -4, -41,-967,-246;
  11,-255,-103, -52,  21,  -3, -39,-971,-247;
  11,-256,-104, -51,  21,  -4, -37,-972,-245;
  12,-254,-104, -50,  21,  -4, -37,-971,-244;
  11,-256,-104, -49,  21,  -5, -36,-970,-247;
  12,-257,-104, -50,  21,  -4, -38,-970,-241;
  11,-256,-104, -48,  22,  -4, -38,-972,-241;
  13,-256,-101, -47,  22,  -4, -39,-970,-246;
  11,-256,-101, -45,  23,  -4, -39,-970,-247;
  11,-254,-105, -44,  23,  -3, -34,-967,-247;
  12,-256,-102, -44,  22,  -2, -37,-973,-249;
  10,-255,-106, -43,  22,  -3, -32,-967,-249;
  15,-256,-105, -45,  23,  -1, -33,-972,-249;
  13,-256,-106, -46,  25,   0, -32,-969,-248;
  13,-254,-104, -49,  24,   0, -32,-971,-252;
   9,-257,-105, -50,  24,   0, -31,-970,-250;
  13,-257,-104, -51,  25,   0, -30,-968,-247;
  11,-256,-106, -51,  27,   0, -33,-971,-246;
  13,-256,-106, -50,  28,   0, -30,-971,-247;
  13,-256,-101, -52,  27,  -2, -31,-972,-252;
   9,-255,-105, -54,  27,  -2, -34,-973,-245;
  16,-251,-101, -54,  26,   0, -35,-970,-247;
  12,-257,-102, -55,  26,  -1, -33,-976,-248;
  14,-257,-104, -55,  25,  -2, -34,-971,-245;
  12,-258,-102, -55,  25,  -4, -32,-972,-248;
   9,-256,-103, -55,  25,  -5, -34,-967,-247;
   9,-254,-106, -55,  24,  -4, -36,-969,-245;
   9,-255,-102, -54,  23,  -7, -34,-967,-247;
   9,-252,-101, -56,  22,  -6, -37,-966,-248;
  12,-254,-102, -58,  20,  -6, -38,-965,-243;
  10,-254,-106, -61,  19,  -6, -40,-966,-249;
  10,-253,-103, -64,  19,  -6, -36,-962,-245;
  12,-257,-104, -69,  18,  -6, -35,-966,-244;
   9,-254,-104, -71,  18,  -7, -34,-968,-249;
   9,-254,-106, -73,  19,  -7, -41,-965,-249;
  11,-256,-102, -74,  19,  -7, -40,-966,-251;
  12,-253,-102, -73,  18,  -6, -38,-968,-247;
   9,-253,-107, -73,  17,  -6, -37,-966,-254;
   9,-255,-103, -74,  18,  -6, -35,-968,-249;
   8,-255,-104, -74,  17,  -8, -37,-962,-249;
   8,-255,-105, -73,  16,  -6, -40,-963,-251;
  13,-256,-105, -72,  17,  -7, -34,-968,-252;
  10,-256,-104, -71,  17,  -7, -36,-971,-250;
   8,-261,-104, -69,  19,  -7, -38,-971,-252;
  10,-255,-101, -68,  18,  -6, -40,-968,-253;
  11,-256,-103, -68,  19,  -5, -38,-967,-246;
   8,-255,-104, -68,  20,  -8, -37,-970,-252;
  10,-255,-104, -66,  20,  -7, -37,-968,-252;
  10,-256,-107, -65,  20,  -7, -38,-969,-250;
  11,-256,-103, -65,  21,  -8, -35,-968,-251;
  13,-256,-105, -63,  21,  -8, -34,-969,-250;
   9,-253,-109, -65,  23,  -8, -36,-964,-247;
   8,-255,-105, -66,  23,  -8, -35,-969,-247;
   9,-253,-107, -67,  23,  -8, -34,-967,-250;
  16,-252,-107, -68,  23,  -7, -33,-969,-253;
  10,-255,-107, -68,  24,  -8, -36,-969,-254;
  12,-254,-104, -68,  24,  -7, -33,-968,-246;
  12,-254,-106, -69,  23,  -8, -32,-967,-252;
  10,-254,-105, -70,  22,  -8, -39,-967,-249;
  12,-255,-106, -72,  21,  -7, -35,-974,-254;
  11,-254,-106, -73,  20,  -9, -36,-965,-257;
  14,-255, -98, -74,  18,  -9, -34,-969,-246;
  11,-256,-106, -75,  17, -10, -30,-966,-248;
   9,-255,-107, -73,  17,  -9, -34,-968,-250;
   9,-253,-106, -74,  17,  -9, -32,-971,-253;
   6,-250,-109, -73,  17,  -9, -34,-968,-254;
  12,-256,-102, -72,  16,  -8, -33,-969,-255;
  13,-255,-107, -72,  18,  -9, -34,-971,-260;
   9,-255,-105, -73,  19,  -9, -32,-964,-249;
  14,-256,-106, -74,  20,  -8, -33,-968,-257;
  11,-254,-103, -72,  22,  -8, -32,-967,-249;
  12,-255,-105, -73,  24,  -9, -34,-974,-252;
   8,-256,-106, -74,  23, -10, -35,-969,-258;
  10,-254,-108, -74,  22, -10, -35,-969,-258;
  15,-255,-104, -75,  22, -11, -34,-970,-258;
  12,-252,-106, -73,  20, -11, -33,-966,-264;
  15,-254,-107, -74,  21, -12, -32,-970,-259;
  12,-255,-108, -71,  21, -13, -31,-967,-258;
  11,-253,-104, -72,  21, -14, -31,-963,-257;
  14,-254,-109, -70,  23, -13, -35,-959,-260;
  12,-254,-105, -72,  24, -14, -30,-959,-257;
  11,-251,-108, -73,  23, -13, -28,-961,-257;
  13,-254,-107, -72,  24, -12, -34,-962,-262;
  13,-253,-104, -73,  24, -12, -33,-962,-262;
   9,-252,-112, -74,  25, -13, -33,-965,-260;
  13,-254,-102, -74,  25, -12, -36,-965,-260;
   9,-255,-107, -75,  24, -12, -36,-969,-260;
   9,-256,-109, -77,  22, -11, -35,-962,-257;
  11,-256,-109, -78,  21, -13, -32,-971,-256;
   9,-253,-111, -75,  18, -14, -32,-969,-259;
  11,-255,-103, -76,  17, -14, -33,-966,-257;
  12,-254,-104, -75,  16, -17, -35,-966,-259;
  12,-252,-104, -71,  15, -18, -28,-968,-259;
  12,-253,-105, -69,  14, -19, -33,-960,-258;
  12,-254,-112, -67,  15, -17, -34,-960,-260;
  15,-256,-111, -66,  15, -17, -30,-956,-260;
   9,-252,-104, -64,  16, -16, -33,-958,-259;
  12,-249,-108, -65,  16, -16, -32,-958,-259;
  13,-252,-109, -68,  18, -13, -32,-961,-261;
  12,-254,-108, -70,  20, -12, -32,-961,-258;
   9,-253,-112, -71,  21, -12, -33,-963,-262;
  14,-255,-108, -72,  20, -11, -28,-964,-260;
  12,-252,-106, -72,  22,  -9, -33,-966,-263;
  10,-254,-105, -74,  24,  -8, -32,-968,-264;
  15,-255,-104, -74,  24,  -8, -31,-972,-264;
  13,-254,-106, -74,  25,  -8, -32,-971,-258;
  12,-255,-110, -75,  25,  -8, -30,-966,-262;
  12,-254,-105, -75,  23,  -7, -32,-968,-259;
   9,-256,-107, -74,  21,  -7, -34,-972,-264;
  12,-256,-109, -74,  20,  -9, -28,-970,-267;
  11,-255,-108, -71,  19,  -7, -31,-969,-265;
  12,-255,-107, -71,  21,  -6, -32,-969,-263;
  13,-256,-109, -71,  21,  -8, -32,-971,-263;
  13,-255,-108, -68,  22,  -7, -32,-970,-262;
  13,-258,-107, -68,  23,  -7, -32,-972,-263;
  11,-256,-109, -69,  22,  -6, -30,-977,-263;
  12,-254,-111, -70,  23,  -6, -34,-969,-262;
  13,-255,-112, -68,  24,  -6, -32,-970,-264;
  11,-251,-111, -67,  26,  -5, -30,-966,-261;
   7,-249,-108, -64,  26,  -4, -35,-966,-261;
   9,-252,-109, -63,  28,  -5, -34,-967,-264;
  12,-254,-109, -61,  28,  -4, -32,-963,-260;
  12,-253,-108, -60,  28,  -5, -31,-963,-262;
  15,-254,-104, -61,  28,  -5, -37,-962,-261;
  10,-254,-107, -62,  27,  -6, -32,-962,-262;
  10,-251,-109, -63,  24,  -6, -32,-964,-261;
  12,-251,-108, -64,  22,  -7, -33,-961,-261;
   9,-252,-110, -65,  21,  -9, -35,-964,-268;
  12,-255,-109, -65,  21,  -9, -32,-960,-263;
  12,-251,-104, -65,  18, -10, -28,-957,-263;
  14,-257,-109, -62,  17, -10, -32,-963,-267;
  13,-256,-108, -64,  17, -11, -33,-965,-265;
  13,-254,-110, -64,  15, -12, -32,-968,-264;
  12,-252,-109, -67,  16, -13, -35,-959,-262;
  12,-253,-111, -70,  14, -13, -34,-961,-266;
  11,-252,-108, -67,  15, -13, -32,-963,-268;
  12,-254,-106, -68,  15, -13, -31,-967,-267;
  12,-251,-110, -66,  16, -11, -33,-973,-266;
   8,-255,-112, -66,  17, -13, -33,-963,-270;
   8,-254,-105, -65,  18, -12, -32,-967,-268;
  14,-252,-108, -66,  20, -11, -32,-967,-270;
  16,-256,-116, -66,  20, -11, -28,-966,-262;
  10,-253,-106, -65,  20, -10, -32,-969,-265;
  12,-256,-110, -66,  21,  -9, -29,-968,-265;
  13,-251,-107, -65,  20,  -9, -32,-967,-263;
  11,-256,-109, -64,  19, -10, -34,-969,-264;
  13,-256,-109, -62,  20,  -9, -29,-969,-270;
   8,-254,-112, -62,  21, -10, -36,-967,-268;
   9,-255,-107, -63,  21, -10, -35,-964,-266;
  12,-254,-106, -60,  21,  -9, -32,-970,-263;
  14,-254,-104, -62,  20,  -8, -29,-968,-267;
  11,-254,-109, -61,  19,  -9, -30,-964,-265;
  10,-256,-104, -61,  19,  -9, -33,-962,-267;
  13,-254,-110, -62,  18,  -9, -33,-969,-264;
  10,-255,-105, -62,  16,  -9, -34,-962,-262;
  12,-252,-109, -63,  15, -10, -29,-963,-268;
  11,-250,-107, -64,  12, -10, -34,-961,-264;
  13,-253,-109, -65,  11, -10, -28,-964,-269;
  11,-254,-111, -68,  12,  -9, -31,-959,-262;
  12,-251,-108, -68,  12,  -9, -31,-963,-268;
  11,-253,-107, -69,  12, -12, -31,-961,-266;
  14,-253,-111, -69,  12, -11, -33,-958,-268;
  13,-255,-106, -70,  13, -12, -32,-963,-266;
  19,-253,-108, -72,  13, -12, -31,-963,-270;
  11,-256,-103, -71,  13, -12, -30,-964,-272;
   8,-254,-109, -69,  13, -12, -29,-962,-273;
  15,-254,-112, -69,  14, -13, -33,-966,-271;
  11,-254,-116, -67,  14, -13, -31,-965,-273;
  13,-252,-105, -65,  14, -13, -33,-963,-272;
  12,-252,-113, -63,  12, -14, -32,-964,-279;
  15,-254,-108, -63,  12, -13, -28,-968,-274;
   8,-252,-107, -60,  12, -14, -33,-961,-270;
   9,-255,-112, -58,  11, -14, -34,-958,-276;
  15,-247,-106, -57,  12, -14, -34,-955,-274;
  13,-252,-107, -57,  12, -11, -31,-963,-273;
  11,-252,-106, -56,  11, -11, -32,-962,-274;
  12,-253,-111, -57,  11, -11, -34,-963,-271;
  10,-253,-107, -57,  12, -11, -32,-959,-267;
  13,-252,-107, -56,  13, -12, -33,-960,-272;
  16,-252,-111, -58,  14, -10, -33,-955,-269;
  12,-254,-109, -59,  15, -11, -32,-962,-269;
  13,-255,-111, -58,  15, -12, -34,-962,-271;
  12,-253,-106, -58,  13, -11, -33,-962,-269;
  12,-254,-110, -57,  12, -10, -34,-961,-266;
  11,-252,-106, -57,  14, -11, -31,-962,-267;
  13,-251,-112, -54,  13, -11, -30,-960,-268;
  11,-255,-107, -56,  14, -10, -29,-965,-270;
  13,-254,-109, -52,  13, -11, -24,-967,-270;
  14,-255,-110, -50,  13, -11, -25,-968,-271;
  13,-250,-110, -47,  13, -11, -30,-967,-270;
  15,-253,-112, -44,  13, -11, -29,-964,-269;
  12,-255,-111, -43,  12, -10, -25,-965,-279;
   9,-249,-109, -42,  10, -10, -32,-958,-272;
  10,-253,-112, -42,   9, -10, -31,-959,-275;
  10,-250,-114, -42,   8,  -9, -29,-955,-269;
  13,-252,-113, -40,   7,  -9, -30,-957,-275;
  14,-253,-112, -40,   6, -10, -30,-961,-274;
  14,-255,-111, -40,   6, -10, -31,-958,-272;
  13,-253,-112, -41,   4, -10, -30,-959,-278;
  16,-254,-111, -41,   4, -10, -32,-962,-274;
  12,-251,-109, -43,   5,  -9, -27,-961,-273;
  13,-255,-109, -46,   6, -10, -26,-959,-274;
  13,-253,-111, -46,   7,  -8, -36,-961,-272;
  13,-254,-111, -45,   9,  -8, -29,-961,-276;
  12,-257,-111, -44,   9,  -8, -32,-962,-269;
  14,-255,-110, -43,   9,  -8, -28,-963,-265;
  14,-254,-111, -42,  10, -10, -34,-968,-271;
  12,-256,-109, -40,   9, -10, -33,-967,-270;
  13,-255,-112, -37,   7, -10, -31,-961,-268;
  12,-254,-113, -38,   6, -10, -35,-967,-265;
  12,-253,-107, -38,   4, -10, -32,-962,-265;
  13,-253,-107, -36,   4, -10, -33,-960,-266;
  11,-254,-107, -35,   6,  -9, -35,-960,-267;
  13,-251,-110, -34,   6,  -9, -30,-960,-271;
  15,-251,-110, -34,   8,  -9, -32,-957,-269;
  14,-252,-114, -34,  10, -10, -30,-957,-270;
  12,-253,-107, -35,  11,  -9, -30,-956,-272;
  10,-251,-109, -33,  12,  -7, -28,-957,-272;
  12,-252,-112, -33,  13,  -6, -31,-960,-273;
  11,-252,-110, -34,  13,  -9, -31,-959,-273;
  12,-252,-111, -35,  13,  -7, -28,-962,-271;
  11,-252,-107, -37,  13,  -7, -26,-958,-271;
  11,-251,-110, -39,  13,  -7, -31,-960,-273;
  15,-254,-114, -43,  12,  -7, -32,-959,-273;
  11,-252,-110, -43,  12,  -9, -33,-961,-267;
  12,-253,-114, -45,  11,  -8, -27,-963,-273;
  15,-255,-110, -43,  12, -11, -31,-966,-272;
  13,-253,-109, -40,  12, -11, -31,-961,-275;
  13,-255,-112, -37,  10, -10, -28,-960,-271;
  14,-256,-111, -36,  10,  -9, -27,-959,-273;
  14,-254,-113, -33,   8, -10, -29,-960,-272;
  13,-255,-111, -30,   8,  -8, -29,-960,-274;
  13,-254,-109, -32,   9,  -9, -24,-960,-271;
  10,-252,-111, -34,  11,  -8, -26,-961,-272;
  14,-253,-111, -33,  12,  -6, -31,-967,-270;
  14,-254,-111, -35,  11,  -6, -28,-963,-269;
  13,-254,-110, -36,  13,  -6, -28,-967,-274;
  14,-258,-109, -35,  12,  -6, -31,-969,-274;
  16,-254,-112, -37,  13,  -5, -30,-971,-272;
  12,-255,-110, -38,  13,  -4, -35,-964,-271;
  14,-254,-105, -40,  16,  -4, -31,-965,-268;
  11,-252,-111, -40,  15,  -5, -33,-964,-267;
  13,-254,-112, -41,  14,  -6, -32,-963,-271;
   9,-252,-110, -41,  14,  -6, -30,-962,-271;
  15,-253,-109, -42,  14,  -6, -32,-969,-269;
  13,-256,-111, -40,  15,  -6, -31,-965,-267;
  10,-254,-111, -41,  16,  -6, -33,-968,-272;
  11,-254,-109, -41,  16,  -5, -33,-965,-271;
  17,-256,-110, -41,  16,  -5, -27,-968,-266;
  16,-252,-109, -41,  17,  -6, -29,-969,-266;
  16,-253,-110, -40,  16,  -6, -33,-964,-267;
  13,-254,-107, -39,  16,  -6, -27,-965,-271;
  13,-253,-110, -39,  16,  -5, -31,-967,-267;
  13,-255,-113, -37,  18,  -5, -29,-966,-268;
  12,-254,-112, -37,  18,  -4, -30,-965,-269;
  13,-254,-110, -34,  19,  -5, -28,-965,-271;
  15,-255,-107, -37,  21,  -5, -31,-964,-269;
  14,-253,-107, -35,  21,  -5, -32,-963,-272;
  12,-254,-112, -37,  21,  -4, -28,-960,-272;
  14,-254,-108, -37,  22,  -4, -32,-962,-271;
  11,-254,-110, -39,  22,  -4, -30,-961,-271;
  18,-255,-109, -41,  21,  -5, -29,-964,-270;
  12,-253,-111, -41,  20,  -5, -31,-958,-270;
  11,-253,-110, -40,  21,  -5, -33,-964,-268;
  11,-253,-109, -37,  21,  -5, -31,-965,-267;
  12,-253,-107, -39,  21,  -4, -36,-964,-270;
  10,-254,-109, -39,  21,  -5, -32,-964,-270;
  11,-255,-110, -41,  21,  -6, -33,-966,-268;
  13,-255,-112, -44,  21,  -6, -34,-966,-269;
  12,-258,-107, -45,  21,  -6, -34,-967,-269;
   8,-255,-112, -46,  19,  -6, -31,-965,-270;
  12,-254,-105, -48,  19,  -8, -35,-966,-268;
   7,-254,-109, -46,  19,  -8, -34,-967,-272;
  12,-253,-109, -44,  19,  -8, -33,-963,-266;
  10,-251,-107, -44,  18,  -8, -36,-967,-261;
  11,-255,-111, -42,  19,  -7, -32,-966,-264;
  11,-255,-108, -40,  18,  -6, -33,-968,-264;
  10,-253,-109, -39,  20,  -7, -32,-969,-262;
   9,-254,-108, -38,  19,  -8, -31,-964,-263;
  11,-255,-112, -38,  23,  -7, -29,-970,-263;
  11,-253,-110, -37,  24,  -6, -30,-962,-264;
  12,-251,-110, -36,  24,  -6, -29,-966,-269;
  13,-253,-109, -35,  24,  -7, -28,-961,-271;
  12,-254,-115, -35,  23,  -6, -29,-966,-268;
  11,-254,-110, -37,  24,  -5, -26,-966,-269;
  13,-253,-111, -37,  24,  -3, -29,-963,-267;
  12,-254,-107, -39,  23,  -4, -29,-968,-272;
  12,-254,-109, -39,  23,  -3, -30,-970,-272;
  14,-256,-108, -40,  24,  -4, -30,-964,-269;
  11,-252,-111, -40,  22,  -4, -32,-967,-263;
  12,-255,-113, -40,  21,  -4, -33,-969,-264;
  15,-256,-109, -40,  20,  -4, -32,-968,-264;
  13,-251,-104, -36,  19,  -5, -32,-966,-264;
  14,-255,-107, -38,  18,  -4, -32,-964,-273;
   8,-254,-116, -35,  18,  -3, -32,-969,-269;
  14,-255,-106, -35,  17,  -4, -32,-965,-268;
  13,-255,-106, -34,  18,  -5, -30,-969,-267;
  16,-256,-108, -35,  17,  -4, -33,-968,-269;
  13,-256,-107, -36,  19,  -5, -33,-965,-266;
  14,-256,-106, -35,  17,  -5, -26,-968,-267;
  14,-256,-111, -36,  17,  -6, -34,-967,-268;
  12,-256,-106, -37,  16,  -5, -32,-966,-263;
  12,-257,-106, -36,  17,  -7, -29,-962,-266;
  10,-253,-106, -36,  17,  -6, -32,-965,-264;
  16,-254,-108, -36,  18,  -7, -30,-968,-260;
  10,-254,-108, -35,  18,  -7, -34,-965,-265;
  12,-255,-109, -36,  18,  -7, -37,-965,-260;
  11,-253,-104, -35,  17,  -7, -35,-961,-263;
  12,-254,-107, -35,  15,  -7, -33,-963,-266;
  10,-254,-108, -34,  14,  -9, -33,-962,-264;
  12,-254,-104, -34,  15,  -7, -35,-965,-263;
  11,-257,-109, -34,  16,  -7, -34,-962,-267;
  11,-253,-107, -38,  15,  -7, -32,-964,-267;
  13,-256,-111, -36,  16,  -6, -27,-963,-265;
   7,-253,-109, -36,  15,  -6, -31,-967,-262;
   8,-256,-110, -34,  17,  -5, -33,-961,-269;
  11,-253,-110, -35,  16,  -7, -31,-965,-266;
  13,-255,-112, -33,  17,  -7, -31,-967,-267;
  11,-252,-107, -32,  16,  -6, -31,-968,-263;
  12,-253,-111, -31,  16,  -6, -31,-965,-269;
  10,-254,-108, -32,  17,  -6, -30,-967,-265;
  14,-256,-106, -32,  18,  -7, -28,-972,-263;
  10,-254,-106, -30,  17,  -7, -31,-969,-269;
  13,-253,-105, -31,  17,  -8, -21,-966,-265;
  18,-256,-105, -32,  16,  -8, -20,-966,-266;
   9,-253,-112, -31,  16,  -7, -31,-966,-269;
  16,-256,-112, -30,  14,  -7, -29,-966,-265;
  13,-252,-108, -30,  15,  -8, -27,-967,-267;
  14,-254,-107, -29,  15,  -9, -30,-963,-262;
  14,-253,-110, -28,  13,  -9, -31,-961,-268;
  13,-251,-110, -28,  13,  -9, -32,-963,-267;
  11,-253,-108, -30,  13,  -9, -29,-961,-263;
  14,-252,-110, -29,  11,  -9, -30,-963,-266;
  15,-252,-105, -30,  11,  -9, -31,-964,-267;
  10,-251,-108, -32,   9, -10, -27,-963,-262;
  12,-254,-116, -33,   8, -10, -30,-958,-264;
  11,-254,-115, -35,   9, -10, -31,-967,-264;
  12,-255,-107, -34,   8, -12, -26,-960,-262;
  11,-255,-112, -35,   9, -10, -31,-964,-259;
  13,-255,-106, -34,   9, -11, -29,-970,-263;
  15,-255,-111, -32,   6, -11, -33,-968,-266;
  11,-256,-107, -32,   5, -11, -33,-968,-269;
  14,-255,-110, -30,   5, -11, -35,-967,-265;
  10,-255,-107, -31,   6, -11, -28,-964,-267;
  15,-255,-112, -33,   7, -11, -28,-963,-266;
  11,-254,-113, -36,   8, -11, -31,-967,-270;
  15,-252,-108, -38,  10,  -9, -26,-969,-268;
  14,-254,-109, -37,  12, -10, -30,-966,-269;
  16,-252, -97, -36,  15,  -9, -31,-966,-268;
  14,-254,-111, -35,  18,  -9, -29,-966,-269;
  11,-255,-111, -30,  18, -10, -30,-965,-268;
  11,-251,-110, -30,  18,  -9, -32,-964,-265;
  12,-254,-108, -28,  17,  -9, -32,-964,-268;
  10,-252,-107, -26,  16,  -9, -26,-962,-260;
  15,-252,-111, -27,  15,  -9, -31,-966,-261;
  15,-254,-106, -30,  14, -11, -30,-961,-264;
  11,-251,-105, -32,  13, -11, -25,-959,-263;
   7,-251,-111, -34,  10, -11, -32,-966,-263;
  12,-254,-107, -36,   9, -10, -27,-960,-260;
  14,-254,-110, -35,   8, -12, -26,-961,-260;
  13,-254,-110, -34,   9, -12, -28,-960,-260;
  10,-251,-108, -33,   9, -12, -32,-958,-260;
  14,-254,-105, -33,   9, -12, -30,-960,-265;
  15,-254,-107, -32,   7, -12, -31,-961,-263;
  14,-255,-109, -31,   7, -11, -31,-965,-256;
  13,-254,-107, -32,   6, -12, -25,-964,-262;
  13,-256,-104, -32,   4, -11, -27,-964,-264;
  14,-256,-105, -34,   4, -12, -29,-968,-269;
  13,-252,-108, -37,   3, -11, -28,-963,-261;
  15,-256,-106, -37,   4, -11, -29,-971,-264;
  13,-260,-107, -38,   4, -10, -28,-968,-264;
  13,-255,-108, -40,   7, -10, -23,-969,-259;
  14,-254,-105, -40,   9,  -7, -24,-965,-262;
  12,-254,-107, -38,   9,  -8, -22,-967,-260;
  14,-254,-109, -41,  10,  -6, -26,-967,-258;
  13,-256,-109, -42,  11,  -6, -25,-967,-256;
  14,-255,-108, -42,  12,  -5, -25,-968,-258;
  13,-254,-105, -43,  11,  -6, -23,-972,-261;
  15,-256,-105, -44,  11,  -4, -26,-971,-258;
  13,-254,-110, -42,  12,  -3, -27,-968,-258;
  14,-252,-107, -43,  13,  -3, -25,-971,-263;
  11,-254,-107, -41,  13,  -3, -27,-971,-259;
  15,-255,-104, -41,  13,  -4, -28,-972,-256;
  14,-255,-106, -39,  13,  -5, -26,-972,-259;
  13,-256,-107, -37,  11,  -6, -28,-970,-261;
  12,-254,-107, -35,  11,  -7, -30,-971,-263;
  13,-257,-109, -32,  10,  -8, -28,-966,-266;
  16,-254,-108, -31,  11,  -8, -22,-968,-260;
  13,-256,-107, -30,  11,  -9, -26,-967,-264;
  10,-254,-107, -31,   9,  -8, -29,-965,-262;
  11,-255,-106, -32,  10, -11, -26,-966,-263;
  12,-253,-107, -33,   9, -11, -32,-966,-262;
  13,-255,-106, -33,   9, -11, -28,-962,-259;
  12,-254,-107, -33,   9, -10, -33,-964,-264;
  12,-252,-107, -35,   9, -10, -28,-967,-259;
  16,-255,-108, -36,  10, -10, -28,-966,-263;
  13,-253,-104, -37,  10, -10, -29,-965,-258;
   8,-255,-108, -36,  11, -10, -24,-960,-264;
  11,-253,-109, -38,  11, -10, -29,-961,-261;
  11,-256,-108, -39,  11, -11, -30,-959,-260;
  14,-255,-107, -37,  12, -11, -24,-967,-259;
  11,-252,-103, -38,  12, -10, -30,-968,-262;
  12,-252,-101, -38,  12,  -9, -26,-966,-261;
  12,-256,-108, -38,  13, -10, -31,-968,-257;
  15,-256,-106, -39,  14, -10, -29,-968,-252;
  12,-255,-106, -40,  14, -11, -24,-974,-258;
  15,-255,-107, -39,  14, -10, -28,-968,-261;
  15,-255,-105, -38,  15, -10, -24,-963,-263;
  14,-252,-105, -37,  14, -10, -26,-972,-256;
  12,-253,-107, -37,  15, -10, -28,-969,-259;
  13,-252,-106, -34,  15,  -9, -26,-970,-260;
  15,-253,-104, -33,  15, -10, -28,-963,-260;
  12,-256,-104, -32,  15,  -9, -25,-964,-258;
  10,-256,-108, -31,  15, -10, -28,-965,-263;
  12,-256,-106, -32,  16, -10, -30,-961,-260;
  13,-255,-107, -29,  14,  -8, -29,-961,-259;
  12,-254,-107, -30,  13,  -9, -27,-969,-260;
  11,-255,-108, -30,  11,  -9, -30,-964,-259;
  14,-255,-104, -30,   8,  -9, -25,-965,-261;
  13,-255,-106, -32,   8,  -9, -25,-969,-257;
   9,-255,-107, -35,   9,  -9, -23,-963,-257;
  14,-255,-109, -38,   9,  -8, -30,-970,-259;
  12,-253,-102, -40,  10,  -8, -29,-963,-257;
  13,-254,-108, -40,  11,  -8, -27,-967,-262;
  12,-252,-106, -42,  11,  -7, -27,-972,-263;
  11,-255,-105, -41,  10,  -7, -23,-968,-259;
  16,-255,-106, -41,  10,  -7, -20,-966,-265;
  15,-256,-107, -42,   9,  -8, -28,-968,-258;
  14,-255,-103, -41,   8,  -8, -26,-968,-261;
  16,-255,-106, -42,   7,  -8, -28,-968,-265;
  14,-252,-108, -39,   7,  -7, -25,-966,-258;
  12,-256,-107, -41,   8,  -7, -25,-966,-252;
  12,-251,-106, -41,   8,  -9, -29,-962,-260;
  12,-254,-110, -44,   7,  -8, -29,-963,-256;
  17,-251,-111, -43,   9,  -7, -24,-961,-262;
  16,-253,-106, -45,   7,  -8, -25,-964,-255;
  12,-255,-106, -45,   7,  -8, -27,-966,-258;
  13,-255,-107, -45,   8, -10, -29,-966,-264;
  12,-252,-107, -45,   8,  -9, -29,-961,-259;
  15,-255,-108, -47,   8, -10, -32,-957,-258;
  13,-256,-107, -43,   8, -11, -22,-965,-261;
  11,-250,-106, -44,   9, -10, -31,-962,-258;
  14,-253,-106, -45,  10, -11, -24,-963,-261;
  12,-254,-105, -44,   7, -10, -32,-962,-261;
  14,-254,-109, -45,   9, -11, -28,-968,-261;
  11,-254,-106, -44,   8, -10, -32,-964,-257;
  17,-254,-100, -43,   8, -10, -29,-970,-258;
  16,-256,-106, -41,   9, -10, -24,-962,-263;
  11,-254,-108, -43,   9,  -9, -28,-965,-260;
  13,-255,-108, -45,   9, -10, -28,-970,-265;
  14,-256,-108, -45,  11,  -9, -27,-969,-262;
  15,-256,-110, -47,  12, -10, -23,-968,-263;
  14,-254,-106, -45,  13, -12, -28,-971,-258;
  16,-255,-105, -47,  12,  -9, -19,-968,-261;
  15,-254,-107, -47,  12, -10, -27,-967,-259;
  14,-255,-109, -46,  13, -10, -20,-965,-262;
  18,-256,-108, -48,  14, -10, -23,-969,-260;
  16,-256,-105, -48,  16, -10, -20,-966,-257;
  13,-256,-106, -46,  18, -11, -24,-968,-265;
  14,-255,-110, -45,  18, -11, -21,-970,-259;
  17,-255,-107, -45,  18, -12, -19,-965,-262;
  15,-254,-108, -44,  17, -11, -21,-967,-259;
  18,-256,-110, -44,  14, -11, -19,-965,-261;
  11,-255,-105, -46,  13, -12, -22,-967,-262;
  13,-254,-109, -45,  12, -12, -27,-964,-265;
   8,-254,-113, -45,  14, -11, -28,-966,-258;
  11,-251,-105, -43,  13, -11, -24,-968,-258;
  13,-253,-106, -43,  13, -12, -23,-971,-262;
  13,-254,-107, -41,  12, -11, -24,-964,-259;
  14,-256,-108, -41,  12,  -9, -25,-961,-258;
  13,-255,-108, -41,  11, -10, -30,-961,-250;
  15,-254,-108, -40,  10,  -9, -28,-963,-256;
  12,-255,-105, -39,  11, -10, -31,-968,-266;
  13,-255,-108, -40,  10,  -9, -30,-967,-262;
   9,-253,-112, -41,  11,  -8, -27,-967,-263;
  11,-250,-109, -41,  12,  -8, -27,-961,-262;
  11,-255,-106, -44,  13,  -7, -21,-961,-263;
  11,-253,-110, -46,  13,  -6, -27,-962,-261;
  12,-249,-114, -47,  14,  -5, -22,-961,-259;
  12,-254,-111, -50,  15,  -4, -29,-963,-264;
  14,-255,-105, -52,  16,  -3, -21,-961,-265;
  13,-251,-110, -54,  15,  -4, -25,-961,-266;
  16,-254,-109, -56,  17,  -2, -26,-962,-269;
  13,-254,-108, -60,  19,  -3, -23,-965,-264;
  12,-253,-106, -61,  19,  -2, -28,-962,-264;
  11,-252,-111, -61,  20,  -3, -25,-958,-263;
  12,-253,-108, -60,  21,  -2, -29,-963,-269;
  15,-256,-111, -61,  22,  -4, -28,-965,-267;
  15,-251,-109, -64,  20,  -3, -25,-961,-267;
  14,-254,-109, -64,  18,  -3, -30,-959,-271;
  12,-254,-114, -67,  18,  -2, -19,-956,-270;
  14,-251,-112, -67,  17,  -4, -20,-954,-270;
  16,-252,-110, -69,  17,  -4, -14,-953,-274;
  15,-252,-112, -71,  18,  -5, -19,-949,-271;
  15,-249,-111, -71,  20,  -3, -30,-947,-273;
  13,-247,-109, -77,  21,  -5, -19,-942,-273;
  15,-249,-112, -79,  21,  -4, -21,-938,-271;
  14,-247,-110, -83,  24,  -5, -21,-933,-275;
  13,-247,-114, -87,  23,  -6, -19,-935,-276;
  17,-246,-115, -90,  23,  -5, -22,-938,-284;
  15,-249,-108, -96,  24,  -5, -21,-933,-280;
  15,-240,-111,-103,  25,  -6, -21,-936,-286;
  15,-241,-116,-110,  24,  -6, -19,-935,-295;
  18,-245,-114,-114,  24,  -6, -19,-930,-290;
  15,-242,-116,-122,  24,  -4, -22,-928,-292;
  14,-240,-115,-131,  25,  -4, -21,-923,-296;
  14,-241,-112,-138,  24,  -5, -22,-923,-300;
  15,-243,-113,-147,  23,  -3, -23,-922,-298;
  15,-244,-115,-157,  23,  -2, -25,-918,-299;
  15,-244,-116,-166,  23,  -2, -26,-921,-301;
  13,-240,-115,-176,  21,  -1, -28,-921,-301;
  10,-238,-118,-185,  22,  -1, -29,-921,-304;
  14,-242,-121,-194,  22,   0, -33,-922,-304;
  13,-243,-120,-202,  22,   1, -28,-923,-305;
  13,-243,-118,-212,  21,   3, -31,-919,-306;
   9,-240,-120,-224,  25,   6, -33,-921,-308;
  12,-240,-121,-231,  26,   7, -29,-921,-307;
   9,-242,-117,-240,  29,   9, -35,-921,-308;
   9,-243,-120,-248,  31,  11, -35,-924,-309;
   7,-241,-121,-256,  33,  15, -42,-921,-313;
  13,-245,-120,-261,  31,  18, -37,-919,-311;
  10,-241,-119,-270,  31,  21, -39,-919,-317;
   6,-244,-117,-277,  32,  24, -40,-913,-317;
   8,-238,-122,-284,  32,  27, -38,-912,-319;
  11,-242,-122,-290,  30,  30, -38,-911,-318;
   7,-237,-123,-298,  28,  33, -36,-912,-324;
   6,-239,-124,-304,  27,  35, -37,-906,-325;
   6,-235,-120,-310,  25,  38, -40,-898,-325;
  10,-237,-125,-319,  22,  40, -38,-898,-330;
  10,-237,-127,-328,  19,  42, -39,-890,-329;
  12,-237,-126,-339,  18,  42, -35,-887,-327;
  10,-229,-130,-347,  13,  43, -35,-890,-332;
  12,-235,-125,-356,   9,  45, -39,-875,-338;
  20,-232,-121,-361,   4,  45, -34,-880,-338;
  10,-230,-121,-370,   0,  45, -34,-878,-346;
   8,-231,-129,-382,  -6,  46, -35,-868,-352;
  11,-228,-131,-394, -11,  46, -37,-866,-349;
   9,-232,-131,-406, -14,  45, -37,-865,-353;
  12,-226,-130,-421, -15,  44, -38,-864,-370;
   9,-227,-132,-436, -17,  46, -33,-856,-364;
   9,-225,-132,-452, -18,  46, -31,-849,-372;
  11,-223,-133,-470, -20,  45, -31,-852,-373;
  12,-226,-137,-487, -22,  45, -33,-845,-377;
  14,-222,-133,-504, -24,  46, -32,-841,-374;
  13,-213,-137,-522, -22,  47, -31,-850,-381;
  11,-220,-135,-537, -21,  47, -27,-841,-384;
  12,-217,-134,-552, -19,  49, -32,-836,-381;
  11,-221,-139,-569, -16,  49, -30,-838,-391;
  12,-219,-139,-587, -12,  51, -30,-832,-391;
  11,-219,-143,-603,  -9,  52, -32,-833,-391;
  11,-219,-143,-621,  -6,  54, -32,-828,-400;
  12,-220,-144,-638,   1,  56, -34,-829,-407;
  10,-219,-141,-658,   5,  57, -37,-830,-405;
  10,-222,-140,-676,  10,  59, -30,-829,-410;
   8,-220,-143,-693,  14,  62, -31,-836,-411;
   8,-220,-146,-705,  16,  63, -37,-836,-416;
   8,-222,-143,-714,  15,  62, -40,-836,-417;
  10,-223,-146,-723,  15,  63, -33,-837,-420;
  13,-224,-143,-733,  13,  63, -35,-839,-422;
   7,-219,-147,-740,  16,  62, -45,-833,-419;
   7,-220,-148,-749,  16,  64, -35,-835,-426;
   8,-220,-144,-761,  18,  61, -39,-834,-426;
   9,-218,-145,-775,  20,  59, -39,-825,-426;
  10,-221,-150,-786,  24,  58, -40,-827,-426;
  12,-217,-146,-797,  28,  55, -34,-825,-429;
  11,-213,-148,-810,  34,  51, -33,-821,-429;
   7,-214,-150,-823,  42,  49, -34,-817,-434;
   9,-212,-148,-835,  44,  45, -35,-814,-442;
  11,-215,-154,-845,  45,  45, -34,-809,-443;
   9,-212,-155,-854,  40,  43, -30,-806,-449;
  10,-211,-154,-863,  30,  42, -37,-802,-453;
   6,-210,-159,-874,  20,  41, -38,-800,-456;
   7,-211,-156,-886,   9,  40, -46,-801,-459;
  10,-212,-157,-899,   0,  40, -43,-798,-465;
   7,-210,-158,-916,  -8,  39, -47,-800,-469;
   6,-208,-158,-929, -11,  40, -43,-790,-474;
   7,-211,-159,-947, -13,  40, -49,-796,-480;
   9,-212,-164,-961, -13,  39, -45,-792,-482;
   6,-208,-163,-977, -12,  39, -41,-787,-489;
   5,-209,-165,-991, -11,  41, -41,-790,-494;
   9,-211,-167,-1004,  -7,  43, -40,-794,-501;
   9,-208,-167,-1017,  -3,  46, -39,-797,-505;
  12,-212,-170,-1028,   1,  48, -40,-796,-508;
   9,-211,-171,-1036,   5,  49, -38,-807,-510;
   7,-212,-171,-1044,   9,  50, -36,-806,-517;
   9,-214,-174,-1048,  11,  51, -34,-808,-519;
   9,-213,-173,-1052,  15,  54, -39,-805,-522;
  11,-214,-176,-1052,  21,  57, -36,-809,-520;
  10,-215,-168,-1052,  26,  59, -35,-810,-526;
  10,-211,-174,-1048,  33,  62, -39,-809,-519;
   9,-215,-174,-1043,  40,  63, -35,-814,-525;
  11,-215,-176,-1041,  45,  64, -33,-811,-534;
   9,-217,-170,-1037,  49,  65, -39,-814,-534;
   9,-216,-174,-1034,  49,  66, -42,-816,-540;
   7,-214,-176,-1031,  49,  63, -48,-814,-543;
   7,-216,-179,-1032,  47,  58, -51,-815,-547;
   5,-213,-177,-1029,  45,  57, -57,-824,-552;
   5,-218,-178,-1025,  42,  52, -62,-828,-551;
   0,-217,-178,-1024,  39,  46, -65,-835,-564;
   4,-222,-185,-1022,  39,  41, -71,-837,-566;
   1,-220,-184,-1018,  39,  37, -73,-833,-568;
   0,-222,-183,-1013,  37,  32, -78,-830,-570;
  -1,-223,-187,-1007,  35,  30, -75,-835,-572;
   0,-221,-187,-996,  29,  29, -80,-841,-575;
  -2,-223,-185,-985,  23,  33, -80,-839,-576;
   2,-222,-183,-976,  15,  39, -77,-840,-575;
   4,-226,-185,-971,  10,  44, -70,-837,-589;
   4,-224,-191,-965,   8,  51, -64,-835,-599;
   2,-224,-190,-958,   6,  59, -68,-843,-594;
   8,-221,-189,-943,   4,  64, -63,-848,-606;
   3,-224,-193,-926,  -4,  69, -61,-844,-612;
   3,-224,-196,-914, -11,  73, -59,-839,-621;
   6,-223,-197,-905, -16,  77, -49,-833,-631;
   9,-222,-198,-899, -19,  78, -48,-831,-644;
   8,-218,-202,-889, -18,  77, -47,-823,-654;
   9,-215,-202,-881, -17,  76, -35,-814,-655;
   6,-211,-205,-876, -14,  74, -32,-797,-661;
  14,-208,-208,-877,  -6,  72, -27,-786,-669;
  13,-203,-209,-877,   2,  67, -27,-766,-670;
  13,-197,-209,-872,  11,  61, -21,-751,-679;
  14,-199,-214,-869,  20,  53, -12,-736,-679;
  15,-194,-213,-864,  27,  47, -14,-726,-668;
  13,-192,-209,-867,  32,  42, -16,-717,-682;
  15,-191,-214,-873,  34,  38, -17,-713,-686;
  14,-190,-209,-880,  38,  34, -19,-721,-689;
  11,-192,-210,-882,  41,  27, -24,-712,-693;
  10,-192,-210,-881,  42,  23, -34,-719,-688;
   8,-192,-212,-876,  41,  19, -38,-727,-689;
   8,-196,-213,-868,  40,  15, -41,-730,-692;
   8,-192,-211,-859,  35,  11, -46,-734,-693;
   7,-195,-215,-851,  32,   7, -51,-730,-696;
   8,-187,-222,-844,  28,   8, -62,-729,-695;
   0,-192,-214,-840,  26,   8, -69,-726,-700;
   1,-191,-214,-841,  26,  10, -73,-722,-698;
   0,-191,-215,-845,  29,  13, -87,-715,-696;
   1,-191,-215,-850,  31,  15, -86,-716,-701;
  -3,-190,-218,-853,  29,  18, -83,-713,-702;
   0,-190,-217,-857,  23,  22, -91,-709,-704;
  -2,-186,-217,-858,  11,  25, -94,-706,-718;
  -4,-188,-216,-861,  -6,  29, -95,-708,-722;
 -12,-191,-226,-862, -22,  34, -99,-714,-729;
  -7,-187,-219,-864, -41,  40, -97,-710,-735;
  -4,-195,-228,-863, -47,  43, -95,-721,-751;
  -2,-192,-228,-861, -51,  46, -95,-714,-763;
  -6,-190,-235,-858, -50,  46, -94,-719,-772;
  -3,-193,-235,-848, -45,  46, -97,-722,-781;
  -5,-193,-235,-833, -43,  48,-104,-722,-786;
  -2,-192,-239,-816, -40,  50, -92,-721,-794;
  -2,-192,-236,-801, -39,  52, -88,-719,-795;
  -4,-191,-238,-788, -36,  56, -93,-716,-797;
  -2,-191,-241,-779, -34,  58, -88,-714,-801;
   0,-192,-247,-769, -29,  59, -83,-714,-807;
  -1,-186,-238,-763, -25,  60, -89,-705,-806;
  -1,-190,-240,-752, -23,  64, -83,-699,-807;
   2,-189,-241,-741, -20,  66, -65,-692,-806;
   2,-184,-243,-734, -17,  66, -68,-683,-813;
   5,-182,-243,-727, -11,  67, -63,-672,-811;
   1,-178,-242,-722,  -2,  70, -63,-666,-811;
   1,-175,-241,-719,   5,  71, -54,-656,-802;
   4,-175,-244,-715,   8,  70, -42,-657,-803;
   8,-176,-245,-713,  11,  67, -43,-649,-804;
   6,-172,-237,-715,  20,  67, -40,-640,-804;
  11,-169,-242,-712,  31,  66, -33,-637,-801;
  15,-172,-243,-708,  38,  65, -32,-628,-807;
  13,-169,-246,-703,  43,  62, -22,-629,-810;
  12,-169,-244,-696,  46,  56, -27,-628,-814;
  13,-168,-246,-685,  48,  57, -33,-622,-821;
  12,-168,-246,-674,  50,  58, -32,-622,-821;
  11,-172,-246,-665,  49,  54, -34,-620,-824;
   5,-167,-250,-659,  48,  54, -52,-622,-830;
   6,-165,-250,-651,  51,  60, -48,-614,-835;
   6,-168,-247,-639,  50,  61, -44,-622,-838;
   6,-168,-250,-625,  48,  51, -46,-619,-852;
  -1,-167,-248,-611,  50,  48, -86,-620,-843;
   0,-166,-252,-605,  54,  56, -81,-614,-852;
   0,-164,-249,-598,  55,  58, -80,-613,-843;
   2,-165,-251,-588,  54,  51, -75,-612,-846;
  -4,-163,-251,-578,  55,  43,-104,-602,-847;
  -4,-163,-254,-569,  65,  51,-100,-600,-851;
  -4,-160,-254,-561,  72,  56, -97,-590,-851;
  -2,-159,-256,-554,  76,  64, -99,-583,-859;
  -1,-156,-254,-548,  77,  68, -92,-576,-855;
  -3,-153,-257,-542,  78,  68, -90,-572,-856;
  -8,-148,-257,-536,  79,  69, -97,-553,-857;
  -3,-148,-258,-535,  83,  78, -96,-535,-869;
   0,-144,-255,-538,  88,  89, -84,-526,-872;
   6,-142,-252,-545,  92,  94, -73,-523,-863;
  -4,-138,-261,-545,  89,  78, -70,-519,-865;
  -1,-136,-259,-544,  90,  72,-108,-503,-886;
   0,-139,-257,-551, 101,  90, -83,-505,-891;
   1,-139,-264,-563, 107,  93, -72,-510,-890;
   1,-136,-259,-571, 108,  88, -70,-511,-884;
   7,-144,-252,-577, 108,  83, -54,-522,-863;
  -2,-139,-261,-565,  97,  60, -90,-510,-882;
   0,-141,-261,-551, 105,  67, -89,-510,-890;
   0,-140,-257,-544, 108,  82, -73,-513,-889;
   4,-136,-270,-541, 101,  83, -66,-511,-884;
   1,-139,-262,-535,  89,  81, -67,-512,-884;
  15,-143,-260,-526,  80,  78, -33,-524,-863;
  -3,-137,-258,-511,  63,  57,-100,-501,-898;
  -2,-134,-259,-505,  74,  72, -98,-499,-903;
   1,-137,-262,-509,  82,  86, -84,-508,-899;
   0,-136,-264,-517,  82,  86, -76,-501,-899;
   1,-137,-270,-520,  81,  83, -67,-497,-907;
   6,-140,-263,-515,  84,  79, -57,-501,-901;
 -10,-134,-268,-501,  74,  57,-105,-489,-909;
  -5,-133,-262,-493,  85,  69,-104,-492,-918;
   3,-133,-264,-500,  91,  81, -92,-496,-914;
   0,-133,-264,-509,  89,  81, -85,-496,-910;
   0,-134,-266,-516,  86,  77, -76,-494,-914;
   9,-138,-262,-509,  92,  64, -45,-500,-906;
 -15,-130,-271,-487,  88,  41,-150,-473,-922;
  -9,-127,-270,-479, 108,  70,-108,-472,-921;
  -6,-130,-270,-484, 110,  82, -96,-471,-918;
  -4,-129,-265,-489, 104,  86, -92,-470,-919;
   0,-130,-267,-491,  99,  88, -89,-473,-920;
  14,-138,-259,-481, 101,  80, -29,-491,-914;
 -24,-123,-277,-462,  86,  51,-151,-453,-929;
  -9,-125,-269,-452, 100,  91, -95,-471,-934;
  -5,-127,-277,-455,  98, 108, -93,-465,-930;
  -2,-124,-271,-460,  92, 108, -80,-464,-925;
   0,-127,-269,-464,  91, 105, -70,-453,-929;
   6,-122,-268,-468,  96, 104, -59,-449,-929;
  23,-127,-257,-458, 103,  90,  25,-468,-914;
 -10,-116,-275,-437,  87,  48,-128,-411,-936;
  -1,-117,-277,-432,  99,  85, -87,-422,-948;
  -2,-118,-278,-448,  98, 103, -74,-429,-941;
   1,-121,-275,-463,  88,  99, -70,-429,-929;
   3,-121,-268,-466,  84,  95, -68,-431,-932;
  32,-141,-257,-463,  86,  87, -13,-445,-910;
 -10,-114,-272,-432,  61,  37,-120,-412,-939;
  -2,-112,-269,-415,  86,  63,-121,-409,-961;
   3,-118,-269,-433, 107,  93, -67,-420,-956;
   1,-116,-276,-454, 107,  99, -62,-420,-952;
   3,-115,-277,-462, 105, 103, -59,-421,-947;
   2,-119,-277,-461, 106, 108, -60,-424,-949;
   7,-120,-278,-452, 109, 113, -57,-429,-955;
   8,-122,-274,-441, 111, 113, -48,-430,-956;
  -5,-122,-296,-415, 108,  74, -25,-453,-943;
 -20,-112,-299,-388, 105,  59,-143,-410,-986;
   0,-121,-288,-394, 127, 105, -60,-441,-980;
   5,-120,-275,-415, 128, 109, -61,-446,-973;
   4,-122,-273,-425, 129, 103, -57,-441,-969;
   5,-122,-276,-420, 134,  98, -55,-433,-961;
   3,-121,-279,-405, 136,  90, -51,-429,-969;
   4,-114,-280,-387, 135,  84, -48,-422,-969;
   1,-113,-280,-372, 132,  79, -56,-413,-973;
   1,-113,-282,-359, 129,  75, -56,-406,-972;
   4,-110,-281,-351, 123,  73, -54,-395,-969;
  18,-111,-275,-347, 117,  65,   2,-399,-948;
 -18, -99,-292,-329,  92,  28,-121,-359,-965;
   2, -99,-283,-324, 100,  51, -80,-364,-971;
   0,-103,-274,-345, 105,  73, -66,-376,-950;
   2,-103,-272,-364,  98,  76, -64,-374,-941;
   1,-104,-272,-366,  89,  77, -69,-372,-933;
   1,-102,-272,-360,  83,  80, -65,-365,-937;
  -2, -99,-272,-353,  76,  85, -76,-359,-938;
   0,-100,-273,-342,  70,  83, -72,-344,-938;
   2, -97,-273,-335,  67,  83, -74,-341,-938;
  -1, -91,-276,-331,  63,  84, -71,-329,-936;
   1, -90,-273,-328,  60,  86, -71,-318,-939;
   1, -89,-278,-330,  56,  87, -66,-314,-935;
   4, -86,-277,-334,  53,  89, -65,-309,-938;
   6, -88,-278,-339,  53,  90, -62,-314,-942;
   5, -88,-276,-344,  54,  91, -52,-320,-943;
   4, -90,-275,-350,  55,  92, -58,-320,-948;
   4, -93,-276,-357,  60,  89, -56,-326,-944;
   4, -92,-277,-365,  65,  89, -58,-325,-953;
   4, -89,-277,-373,  68,  88, -53,-326,-960;
   3, -92,-278,-380,  69,  89, -56,-328,-961;
   4, -91,-281,-387,  71,  94, -51,-333,-963;
  17, -96,-281,-393,  73,  96, -32,-338,-965;
  49,-103,-260,-388,  68,  75, 120,-359,-960;
  -4, -85,-275,-369,  55,  49,-150,-309,-992;
   5, -93,-280,-385,  85,  94, -50,-340,-988;
   1, -95,-290,-411,  83, 104, -60,-336,-986;
   1, -95,-293,-419,  77, 102, -60,-336,-985;
   4, -95,-290,-411,  70,  95, -54,-336,-990;
   2, -93,-289,-399,  66,  91, -58,-336,-998;
   5, -98,-283,-387,  66,  87, -61,-337,-996;
   6, -93,-288,-374,  68,  84, -60,-330,-992;
   1, -93,-285,-361,  65,  80, -62,-330,-988;
   1, -91,-288,-352,  61,  74, -52,-323,-986;
  -1, -81,-280,-333,  61,  35, -97,-313,-978;
 -25, -81,-306,-304,  48,  15,-136,-294,-1010;
  -9, -86,-303,-324,  65,  63, -77,-313,-978;
  -3, -85,-286,-352,  56,  67, -76,-302,-960;
   3, -86,-276,-366,  53,  64, -72,-301,-955;
   5, -83,-271,-370,  53,  62, -62,-298,-954;
   2, -80,-272,-377,  55,  66, -69,-285,-951;
   3, -80,-273,-385,  52,  60, -63,-282,-948;
   4, -80,-279,-398,  45,  58, -60,-280,-951;
  11, -80,-276,-414,  37,  50, -28,-287,-943;
 -33, -68,-314,-409,   5, -13,-139,-251,-957;
 -28, -72,-301,-406,  18,   8,-139,-260,-989;
  -2, -80,-280,-447,  32,  58, -71,-289,-957;
   6, -80,-270,-486,  24,  65, -69,-281,-960;
   6, -80,-266,-501,  17,  55, -59,-277,-964;
   9, -80,-278,-502,  10,  52, -48,-284,-966;
  58, -96,-260,-499,   9,  49, 160,-343,-933;
 -27, -63,-283,-478, -39, -30,-178,-225,-992;
   0, -74,-275,-479,   7,  48, -90,-262,-988;
   6, -82,-280,-511,  16,  77, -57,-274,-961;
   9, -77,-275,-524,   6,  72, -37,-266,-952;
  11, -81,-282,-513,   2,  67, -36,-273,-956;
   9, -87,-276,-489,   4,  66, -30,-282,-957;
  36, -97,-278,-461,   8,  65,   1,-289,-898;
 -37, -64,-309,-413, -37, -31,-135,-216,-980;
  -5, -75,-286,-370,   2,  10, -71,-269,-983;
  11, -76,-276,-373,  29,  59, -56,-277,-981;
  15, -80,-267,-381,  39,  62, -39,-266,-976;
  12, -77,-280,-376,  45,  67, -44,-266,-984;
   4, -78,-288,-361,  53,  64, -48,-261,-990;
  60,-100,-293,-344,  58,  56, 272,-353,-911;
 -49, -59,-308,-311,   9, -35,-244,-189,-1017;
   0, -72,-296,-289,  57,  29, -75,-249,-1036;
  11, -73,-275,-311,  79,  66, -61,-254,-1021;
   3, -71,-282,-329,  90,  70, -70,-236,-1011;
   2, -67,-291,-318,  90,  54, -61,-233,-1023;
   2, -67,-298,-292,  85,  41, -58,-229,-1032;
   2, -66,-302,-270,  81,  32, -54,-222,-1029;
  49, -82,-291,-252,  77,  24, 230,-274,-974;
 -57, -48,-311,-218,  12, -65,-280,-139,-1033;
   3, -63,-289,-194,  55,   6, -70,-214,-1052;
   5, -65,-284,-217,  58,  23, -70,-214,-1037;
   1, -63,-285,-227,  56,  21, -73,-209,-1015;
   1, -65,-291,-221,  46,  14, -72,-205,-1015;
   3, -64,-299,-211,  34,   9, -70,-205,-1013;
   0, -63,-294,-202,  26,   3, -70,-207,-1006;
   0, -60,-293,-197,  19,   3, -69,-204,-1004;
   2, -63,-288,-193,  14,   2, -69,-208,-997;
   2, -63,-286,-195,  11,   0, -65,-213,-989;
   1, -64,-284,-194,   7,  -2, -65,-215,-985;
   0, -65,-283,-193,   6,  -3, -62,-217,-983;
   2, -63,-285,-189,   2,  -1, -59,-215,-978;
   4, -65,-283,-185,   1,   0, -57,-215,-983;
   6, -65,-282,-183,   2,   4, -57,-219,-983;
   6, -60,-283,-181,   4,   8, -47,-214,-987;
   7, -63,-285,-179,   8,  10, -52,-213,-991;
   5, -61,-289,-177,  13,  11, -46,-215,-993;
   7, -63,-288,-177,  18,  10, -47,-214,-987;
   6, -61,-288,-179,  23,   9, -43,-213,-1002;
   8, -65,-292,-181,  25,   7, -44,-206,-1003;
   8, -65,-290,-181,  28,   5, -41,-216,-1002;
   8, -63,-287,-181,  31,   2, -40,-204,-1005;
   7, -62,-291,-182,  36,   1, -47,-217,-1009;
   6, -62,-293,-182,  38,  -3, -46,-205,-1009;
   7, -62,-290,-182,  38,  -6, -48,-201,-1005;
   5, -60,-294,-180,  37,  -9, -46,-202,-1004;
   5, -59,-287,-178,  36, -10, -50,-195,-1001;
   5, -57,-288,-176,  37, -11, -54,-193,-1000;
   5, -60,-289,-171,  36, -13, -59,-195,-998;
   6, -61,-289,-171,  33, -13, -61,-196,-991;
   2, -61,-288,-169,  31, -12, -60,-192,-995;
   2, -59,-287,-168,  29, -11, -67,-196,-992;
   2, -61,-293,-162,  27, -12, -63,-191,-994;
   1, -57,-284,-157,  25, -10, -65,-189,-998;
   2, -60,-288,-155,  22, -13, -67,-192,-999;
   1, -60,-291,-157,  21, -14, -70,-190,-996;
   4, -59,-288,-159,  20, -16, -72,-184,-999;
   2, -58,-290,-159,  22, -17, -61,-184,-1000;
   3, -57,-290,-161,  23, -16, -63,-181,-1002;
   4, -54,-291,-165,  24, -15, -63,-177,-997;
   2, -55,-289,-168,  25, -14, -62,-180,-994;
   3, -59,-288,-171,  24, -14, -56,-184,-993;
   3, -54,-289,-174,  23, -11, -57,-184,-998;
   4, -53,-286,-178,  20,  -9, -49,-176,-1001;
   7, -52,-290,-182,  18,  -7, -55,-177,-999;
   5, -57,-288,-186,  17,  -4, -50,-180,-1003;
   5, -53,-286,-188,  14,  -3, -55,-179,-1005;
   5, -56,-291,-190,  12,  -2, -49,-180,-1003;
   8, -55,-294,-193,  13,  -1, -49,-173,-1002;
   7, -54,-291,-198,  12,  -1, -47,-173,-1006;
   5, -52,-290,-202,  13,  -4, -51,-169,-997;
   4, -52,-291,-208,  14,  -5, -50,-164,-1004;
  11, -53,-290,-211,  17,  -1, -31,-174,-1003;
   4, -53,-286,-218,  19,  15, -60,-158,-999;
  10, -49,-287,-214,  18,   7, -46,-163,-1003;
   8, -52,-289,-210,  16,   5, -44,-169,-1004;
   8, -51,-291,-210,  13,  10, -43,-166,-995;
  11, -53,-290,-211,  15,  12, -42,-170,-1000;
   7, -49,-290,-210,  15,  14, -38,-166,-1000;
   8, -52,-290,-215,  13,  19, -41,-166,-1000;
  30, -63,-297,-218,  16,  25,  41,-213,-1012;
 -23, -38,-277,-226,  33,  27, -38,-164,-972;
 -21, -39,-312,-187,  23, -37,-176,-107,-1035;
  -6, -51,-312,-205,  22,  21, -56,-166,-1014;
  -3, -54,-300,-234,  17,  24, -58,-171,-985;
   6, -55,-286,-234,  16,  16, -61,-163,-974;
   2, -53,-281,-220,  16,   8, -60,-167,-980;
   9, -52,-281,-207,  19,   7, -62,-157,-988;
   2, -53,-285,-199,  22,   8, -65,-157,-987;
   0, -50,-286,-192,  23,  10, -63,-162,-991;
  -1, -50,-288,-186,  25,  10, -75,-159,-997;
   0, -49,-289,-179,  27,   9, -75,-157,-991;
   0, -48,-292,-174,  29,   7, -72,-152,-1003;
   2, -48,-286,-173,  32,   8, -79,-148,-998;
   0, -47,-290,-175,  33,  11, -75,-152,-1003;
   1, -48,-284,-181,  37,  16, -73,-143,-996;
   3, -46,-287,-184,  37,  20, -72,-143,-993;
   4, -48,-289,-185,  37,  25, -66,-140,-1000;
   2, -45,-287,-189,  34,  28, -69,-140,-1001;
   4, -43,-289,-190,  30,  32, -64,-131,-998;
   0, -46,-288,-189,  23,  33, -64,-138,-998;
   1, -46,-287,-197,  17,  21, -73,-140,-990;
 -19, -59,-285,-210,   5,   4,-110,-167,-988;
-128, -82,-207,-293, -51,-138,-1161,-546,-674;
 235,  62,-258,-450,-285,-340, 668, 295,-947;
  35,  -9,-332,-324,-294, -28, 169,  23,-1233;
  -2, -50,-291,-227, -16,  60,-116,-156,-1091;
   0, -71,-292,-241,  40,  55, -89,-232,-1009;
   4, -71,-294,-251,  18,  40, -54,-216,-989;
   8, -54,-294,-188,  30,  25, -42,-162,-1000;
   2, -41,-296,-105,  43,  30, -52,-134,-1015;
   4, -39,-297, -90,  40,  42, -61,-134,-1024;
   3, -42,-297,-128,  42,  49, -55,-137,-1024;
   6, -45,-291,-172,  55,  50, -60,-137,-1022;
   5, -49,-290,-189,  62,  50, -63,-141,-1012;
   3, -47,-292,-184,  55,  52, -59,-142,-1013;
   2, -50,-290,-172,  43,  52, -59,-148,-1015;
   1, -50,-294,-163,  35,  48, -59,-141,-1026;
   1, -45,-293,-159,  35,  45, -62,-155,-1023;
   1, -48,-298,-159,  36,  41, -60,-142,-1027;
   3, -45,-292,-159,  35,  36, -59,-137,-1026;
   2, -44,-297,-159,  37,  32, -55,-139,-1029;
   4, -46,-296,-153,  39,  28, -57,-136,-1027;
   5, -47,-296,-143,  42,  26, -60,-135,-1029;
   3, -45,-291,-128,  45,  25, -66,-127,-1024;
   3, -44,-293,-115,  44,  24, -63,-120,-1016;
   1, -40,-293, -98,  41,  24, -63,-121,-1016;
   3, -40,-291, -77,  39,  19, -60,-123,-1018;
   3, -45,-292, -54,  37,  15, -62,-134,-1029;
   0, -48,-295, -25,  37,   8, -63,-136,-1045;
   6, -49,-298,   8,  34,  -2, -66,-149,-1049;
   2, -45,-296,  38,  29, -10, -71,-140,-1037;
   0, -47,-298,  67,  20, -18, -62,-139,-1037;
   1, -45,-298,  86,  10, -23, -64,-137,-1032;
   2, -44,-294,  93,  -2, -28, -61,-136,-1024;
   2, -46,-293,  93, -11, -31, -66,-136,-1024;
   1, -45,-297,  86, -18, -34, -63,-137,-1017;
   2, -45,-295,  77, -23, -34, -65,-142,-1026;
   3, -49,-298,  67, -23, -35, -64,-151,-1028;
   3, -45,-297,  61, -21, -35, -64,-147,-1026;
   4, -49,-296,  61, -16, -33, -68,-155,-1026;
   2, -52,-294,  70, -10, -31, -60,-156,-1029;
   0, -48,-295,  85,  -4, -32, -62,-151,-1031;
  10, -53,-295, 102,  -3, -33, -69,-156,-1032;
   0, -50,-298, 119,  -2, -32, -61,-149,-1029;
   4, -48,-298, 132,  -6, -32, -60,-145,-1024;
   3, -49,-296, 139, -10, -31, -57,-140,-1028;
   6, -48,-291, 143, -11, -29, -53,-144,-1016;
   5, -47,-292, 142, -12, -31, -55,-144,-1011;
   6, -43,-286, 137,  -9, -30, -44,-147,-1011;
   7, -48,-289, 132,  -8, -32, -43,-156,-1001;
   6, -50,-290, 124,  -4, -32, -44,-153,-999;
   7, -50,-287, 115,  -3, -31, -35,-157,-996;
   7, -51,-289, 103,  -3, -28, -39,-161,-999;
   9, -51,-289,  95,  -5, -30, -35,-159,-997;
   8, -52,-288,  90,  -4, -29, -39,-165,-1001;
   7, -53,-291,  87,  -4, -30, -40,-162,-998;
   5, -52,-288,  88,  -4, -31, -48,-161,-1002;
   6, -53,-286,  90,  -5, -31, -49,-158,-1001;
   9, -47,-286,  92,  -4, -29, -47,-155,-996;
   7, -50,-289,  93,  -5, -28, -41,-152,-996;
   9, -46,-288,  92,  -4, -27, -43,-155,-996;
   9, -46,-287,  91,  -6, -25, -39,-154,-996;
   4, -53,-292,  87,  -8, -26, -41,-154,-992;
  10, -47,-290,  82,  -5, -26, -41,-147,-994;
   7, -48,-287,  74,  -2, -24, -43,-156,-991;
   8, -51,-284,  67,   2, -24, -42,-150,-992;
   7, -53,-291,  58,   6, -22, -45,-156,-990;
   7, -48,-288,  52,   7, -18, -48,-154,-994;
   5, -49,-286,  49,   8, -14, -49,-156,-992;
   3, -46,-283,  46,   6, -10, -51,-155,-996;
   4, -47,-285,  48,   5,  -7, -52,-148,-995;
   7, -51,-288,  45,   4,  -7, -54,-143,-994;
   4, -46,-288,  42,   5,  -6, -52,-143,-986;
   3, -48,-292,  37,   7,  -7, -55,-150,-988;
   4, -46,-285,  29,   6,  -8, -62,-146,-986;
   2, -47,-284,  24,   6,  -8, -61,-152,-986;
   4, -48,-288,  19,   8, -10, -62,-154,-985;
   4, -51,-292,  14,   6, -10, -64,-158,-994;
   2, -51,-288,   9,   6, -10, -57,-161,-993;
   4, -51,-286,   5,   6,  -9, -62,-165,-997;
   4, -54,-284,  -1,   5,  -7, -60,-165,-998;
   2, -48,-290,  -7,   8,  -6, -58,-160,-995;
   3, -51,-288, -13,   8,  -6, -57,-161,-1003;
   6, -48,-287, -19,   9,  -7, -56,-158,-998;
   4, -51,-288, -27,  10,  -7, -56,-161,-996;
   3, -50,-289, -31,   8,  -4, -54,-155,-1001;
   3, -51,-291, -33,   5,  -5, -55,-160,-999;
   3, -52,-288, -32,   2,  -4, -58,-157,-996;
   3, -51,-287, -27,  -2,  -5, -55,-156,-1003;
   4, -51,-290, -19,  -2,  -5, -51,-160,-1002;
   4, -52,-293, -12,  -3,  -6, -56,-167,-1001;
   6, -53,-293,  -2,  -4,  -7, -57,-164,-1000;
   3, -53,-285,   5,  -4,  -9, -59,-160,-999;
   5, -51,-285,   9,  -5, -10, -54,-162,-992;
   7, -50,-287,  10,  -4, -12, -54,-161,-990;
   6, -53,-284,   8,  -4, -10, -57,-167,-986;
   3, -50,-285,   6,  -4,  -8, -63,-169,-986;
   2, -49,-287,   1,  -4,  -6, -60,-160,-991;
   1, -49,-289,  -3,  -3,  -4, -62,-161,-992;
   1, -50,-287,  -9,  -2,  -3, -67,-158,-998;
   0, -49,-291, -17,  -3,  -1, -66,-153,-995;
   1, -49,-289, -26,  -1,  -3, -66,-150,-1001;
   1, -50,-288, -36,  -1,  -3, -72,-152,-1002;
   1, -49,-285, -46,   1,  -4, -73,-157,-997;
   0, -51,-287, -52,   0,  -3, -69,-159,-997;
   1, -51,-290, -55,   0,  -4, -71,-166,-998;
   3, -51,-297, -53,   1,  -5, -73,-167,-999;
   2, -52,-288, -53,   1,  -7, -70,-161,-1001;
   3, -51,-292, -49,   2,  -7, -67,-159,-1006;
   1, -51,-288, -45,   5,  -7, -64,-154,-1002;
   2, -48,-291, -44,   8,  -7, -61,-160,-1005;
   3, -50,-287, -45,  11,  -9, -61,-153,-1003;
   2, -49,-289, -51,  13,  -8, -59,-153,-998;
   4, -48,-291, -55,  15,  -9, -59,-157,-996;
   2, -51,-292, -58,  18, -10, -60,-155,-994;
   2, -51,-288, -61,  21, -10, -61,-157,-995;
   2, -50,-289, -62,  23, -13, -63,-162,-994;
   6, -53,-287, -61,  26, -14, -64,-158,-994;
   2, -50,-286, -62,  27, -16, -71,-162,-993;
   1, -50,-289, -62,  28, -17, -66,-160,-997;
   2, -51,-288, -62,  28, -17, -69,-161,-998;
   1, -52,-288, -64,  29, -17, -68,-163,-993;
   2, -52,-291, -67,  29, -17, -68,-167,-994;
   0, -53,-289, -67,  29, -16, -63,-168,-996;
   1, -51,-288, -64,  30, -16, -63,-168,-995;
   4, -55,-289, -62,  26, -14, -63,-173,-997;
   3, -52,-292, -59,  25, -13, -61,-168,-997;
   4, -50,-288, -55,  22, -13, -59,-176,-993;
   3, -48,-285, -53,  20, -13, -57,-171,-996;
   2, -53,-285, -52,  15, -12, -55,-168,-1000;
   4, -55,-289, -51,  14, -12, -62,-172,-1000;
   1, -50,-292, -52,  12, -11, -56,-170,-1005;
   0, -49,-290, -54,  13, -10, -60,-166,-1004;
   1, -53,-291, -53,  14,  -8, -65,-166,-997;
   3, -53,-291, -53,  13,  -9, -65,-164,-1002;
   3, -53,-287, -50,  13, -10, -64,-169,-1001;
   1, -53,-289, -47,  13, -10, -69,-165,-997;
   1, -52,-293, -41,  12, -10, -66,-166,-1004;
   4, -50,-289, -38,  12,  -9, -66,-163,-1014;
   1, -52,-291, -34,  12,  -6, -69,-160,-998;
   3, -52,-291, -31,  11,  -6, -63,-161,-1001;
   3, -53,-290, -33,  12,  -5, -65,-167,-999;
   3, -54,-286, -34,  12,  -2, -62,-166,-1001;
   1, -52,-285, -34,  13,  -1, -65,-169,-996;
   1, -49,-290, -36,  14,   1, -65,-159,-1003;
   5, -53,-285, -37,  15,   3, -61,-163,-1001;
   0, -48,-292, -42,  15,   4, -65,-168,-997;
   2, -50,-289, -47,  16,   4, -64,-167,-999;
   2, -52,-288, -52,  17,   4, -61,-163,-998;
   1, -51,-290, -53,  17,   2, -62,-168,-996;
   2, -53,-287, -54,  18,   0, -63,-163,-994;
   2, -56,-285, -52,  19,  -2, -62,-165,-995;
   2, -52,-286, -51,  19,  -4, -65,-168,-991;
   1, -53,-289, -50,  20,  -5, -63,-165,-994;
   2, -54,-286, -47,  19,  -7, -64,-162,-1000;
   4, -53,-292, -47,  17,  -5, -68,-166,-993;
   3, -51,-285, -47,  18,  -5, -68,-168,-1000;
   1, -53,-287, -47,  16,  -3, -62,-166,-997;
   3, -54,-288, -45,  18,  -2, -60,-170,-1000;
   1, -54,-291, -44,  18,   0, -66,-170,-1002;
   1, -50,-293, -44,  18,   2, -63,-166,-1003;
   0, -49,-287, -46,  18,   1, -64,-165,-1004;
   3, -48,-290, -45,  18,   2, -66,-160,-1002;
   1, -52,-291, -46,  21,   1, -64,-158,-1004;
   3, -50,-288, -47,  22,  -2, -63,-158,-1001;
   0, -51,-291, -45,  23,  -3, -70,-157,-1002;
   1, -51,-289, -47,  26,  -3, -68,-162,-1001;
   1, -52,-289, -44,  26,  -4, -70,-166,-1003;
   1, -50,-292, -40,  28,  -5, -72,-168,-1000;
   0, -51,-292, -36,  28,  -5, -70,-169,-990;
   1, -54,-294, -32,  27,  -6, -69,-171,-995;
   1, -55,-288, -31,  26,  -8, -69,-160,-1006;
   1, -53,-290, -31,  27,  -8, -69,-160,-1000;
   1, -50,-288, -33,  27,  -7, -67,-158,-1003;
   0, -48,-291, -34,  29,  -7, -62,-160,-1000;
   1, -50,-287, -34,  31,  -6, -68,-156,-996;
   2, -48,-286, -36,  33,  -7, -57,-155,-992;
   4, -47,-284, -37,  34,  -6, -62,-151,-992;
   2, -48,-284, -40,  36,  -6, -61,-145,-990;
   3, -51,-289, -42,  38,  -6, -55,-150,-987;
   1, -47,-289, -46,  39,  -7, -61,-143,-990;
  12, -45,-291, -49,  39,  -6, -53,-143,-986;
   1, -45,-283, -52,  37,  -8, -60,-142,-989;
   1, -46,-286, -59,  38,  -7, -60,-142,-984;
   2, -46,-289, -62,  38,  -8, -60,-149,-993;
   2, -47,-287, -63,  39,  -9, -62,-144,-993;
   2, -47,-288, -66,  37,  -8, -59,-157,-992;
   3, -49,-283, -66,  37,  -7, -63,-148,-994;
   4, -49,-283, -66,  35,  -9, -61,-147,-994;
   1, -49,-285, -65,  34,  -9, -61,-154,-992;
   2, -50,-285, -64,  33,  -8, -60,-149,-990;
   3, -52,-290, -63,  30, -10, -58,-154,-995;
   5, -46,-288, -62,  31, -10, -60,-152,-999;
   5, -46,-288, -63,  31, -12, -53,-156,-999;
   3, -48,-288, -66,  33, -13, -58,-148,-1000;
   4, -50,-292, -69,  36, -14, -59,-156,-1001;
   3, -48,-289, -74,  37, -16, -50,-149,-997;
   3, -45,-289, -76,  40, -18, -53,-145,-994;
   4, -45,-288, -80,  40, -18, -52,-153,-995;
   2, -46,-286, -85,  42, -19, -57,-150,-992;
   3, -48,-290, -87,  43, -19, -56,-151,-995;
   4, -49,-286, -89,  42, -22, -52,-146,-994;
   3, -49,-287, -86,  41, -23, -56,-156,-985;
   3, -47,-283, -85,  43, -23, -53,-157,-991;
   3, -49,-285, -84,  43, -24, -54,-155,-996;
   6, -47,-290, -83,  44, -24, -56,-149,-991;
   5, -48,-288, -84,  43, -23, -54,-143,-996;
   6, -49,-288, -83,  43, -22, -48,-145,-994;
   3, -45,-287, -86,  44, -22, -47,-146,-996;
   6, -46,-286, -87,  44, -22, -55,-145,-996;
   2, -48,-289, -90,  45, -24, -48,-145,-1000;
  10, -52,-283, -92,  46, -25, -50,-145,-992;
   8, -50,-288, -96,  47, -25, -47,-151,-996;
   7, -43,-288, -98,  46, -26, -47,-145,-996;
   4, -49,-288,-101,  45, -25, -48,-148,-993;
   5, -49,-292,-106,  43, -25, -46,-144,-990;
   7, -50,-285,-109,  43, -23, -54,-145,-992;
   2, -48,-285,-111,  41, -23, -50,-156,-992;
   5, -51,-290,-113,  39, -23, -55,-156,-995;
   4, -53,-287,-115,  38, -22, -54,-154,-1000;
   2, -43,-289,-113,  38, -22, -55,-147,-999;
   1, -43,-289,-114,  38, -19, -54,-136,-1002;
   4, -46,-293,-115,  39, -18, -58,-135,-1007;
   7, -45,-288,-118,  40, -16, -58,-141,-1006;
   3, -46,-293,-120,  44, -14, -58,-134,-1006;
   6, -49,-286,-119,  48, -15, -57,-139,-1003;
   7, -48,-289,-117,  52, -18, -59,-142,-1001;
   5, -46,-290,-117,  54, -21, -57,-143,-997;
   1, -48,-287,-117,  55, -23, -56,-146,-1000;
   2, -45,-291,-119,  52, -23, -58,-143,-1001;
   9, -50,-292,-119,  49, -23, -55,-153,-1006;
   3, -49,-290,-117,  44, -22, -57,-156,-1008;
   5, -49,-288,-114,  40, -22, -54,-158,-1008;
   6, -51,-288,-111,  38, -22, -57,-159,-1003;
   6, -51,-293,-108,  36, -22, -53,-160,-1004;
   2, -53,-289,-105,  34, -21, -49,-168,-1005;
   7, -60,-289,-102,  33, -21, -56,-173,-1002;
   8, -51,-293, -99,  32, -21, -53,-165,-1006;
   3, -50,-290, -93,  31, -23, -53,-164,-1009;
   5, -50,-295, -87,  32, -25, -56,-157,-1009;
   4, -48,-292, -83,  32, -27, -51,-155,-1010;
   4, -49,-287, -85,  33, -27, -54,-146,-1005;
   6, -47,-291, -87,  37, -27, -53,-141,-1005;
  10, -48,-290, -95,  40, -29, -48,-141,-1004;
   6, -47,-286,-102,  43, -29, -50,-141,-999;
   4, -46,-291,-108,  45, -30, -46,-140,-999;
   3, -44,-287,-110,  46, -32, -49,-138,-994;
  10, -50,-290,-110,  46, -31, -44,-141,-1000;
   8, -44,-286,-108,  45, -33, -53,-142,-997;
   4, -44,-288,-104,  43, -32, -48,-143,-1001;
   9, -50,-288,-102,  42, -31, -46,-140,-1006;
   4, -47,-290, -96,  41, -30, -51,-145,-1000;
   5, -48,-293, -92,  37, -29, -47,-138,-1006;
   6, -43,-291, -86,  36, -27, -47,-138,-1010;
   4, -45,-297, -85,  33, -24, -50,-140,-1005;
   9, -46,-290, -85,  30, -22, -50,-141,-1004;
   9, -48,-292, -85,  29, -20, -45,-143,-999;
   6, -50,-288, -87,  29, -21, -41,-145,-1001;
   3, -46,-289, -89,  29, -21, -49,-143,-999;
   7, -47,-288, -91,  30, -19, -42,-152,-999;
   7, -48,-290, -91,  32, -17, -46,-145,-998;
  10, -50,-292, -92,  36, -16, -42,-150,-1000;
   8, -45,-288, -93,  39, -15, -41,-142,-999;
   5, -45,-292, -92,  41, -13, -38,-149,-999;
  11, -45,-291, -93,  43, -11, -41,-138,-996;
   7, -48,-294, -93,  41, -11, -45,-139,-1000;
   9, -46,-295, -92,  38, -10, -39,-137,-996;
  10, -46,-289, -93,  37,  -9, -43,-142,-998;
   2, -42,-289, -92,  35,  -7, -49,-143,-1002;
   7, -48,-287, -89,  32,  -7, -44,-141,-1001;
   4, -43,-292, -87,  29,  -6, -48,-142,-1001;
   4, -45,-290, -83,  25,  -5, -47,-139,-1005;
  11, -49,-289, -82,  22,  -5, -51,-135,-1003;
  10, -43,-291, -84,  22,  -4, -48,-131,-1008;
   4, -45,-290, -85,  21,  -3, -42,-134,-1003;
   6, -47,-294, -85,  22,  -2, -45,-133,-999;
  11, -45,-294, -88,  24,  -2, -41,-132,-1009;
  11, -42,-287, -88,  24,  -2, -46,-132,-1002;
  10, -44,-289, -85,  24,  -2, -48,-132,-1001;
   7, -41,-291, -82,  24,  -4, -37,-127,-1000;
   8, -43,-289, -79,  22,  -2, -39,-131,-997;
   8, -43,-291, -77,  20,  -1, -41,-131,-1001;
   8, -46,-289, -76,  17,   1, -39,-129,-999;
   7, -43,-292, -76,  18,   1, -39,-133,-999;
   2, -45,-293, -73,  18,   2, -44,-137,-1001;
   7, -42,-289, -73,  20,   2, -39,-137,-1002;
   6, -41,-289, -71,  20,   3, -47,-133,-1002;
   9, -48,-287, -70,  23,   4, -43,-132,-1006;
  12, -48,-292, -71,  24,   5, -41,-135,-1005;
   6, -45,-282, -73,  24,   4, -50,-127,-1007;
   8, -44,-294, -75,  24,   3, -48,-128,-1011;
   9, -41,-291, -79,  24,   2, -46,-131,-1004;
  11, -45,-292, -85,  25,   1, -46,-132,-1005;
   6, -44,-292, -87,  24,   1, -49,-132,-1008;
   2, -45,-294, -85,  24,   0, -48,-136,-1009;
   6, -46,-291, -81,  23,   0, -53,-136,-1010;
   8, -45,-292, -78,  21,  -1, -52,-134,-1011;
   6, -47,-295, -73,  19,  -2, -51,-129,-1015;
   7, -40,-295, -69,  18,  -2, -54,-138,-1015;
   6, -39,-294, -65,  15,  -2, -53,-134,-1017;
   6, -49,-289, -61,  14,  -3, -51,-137,-1019;
   5, -44,-293, -56,  12,  -2, -50,-136,-1013;
   5, -39,-293, -53,  11,  -3, -49,-134,-1027;
   5, -42,-292, -50,  10,  -5, -50,-133,-1009;
   6, -44,-291, -50,   8,  -6, -51,-133,-1011;
   8, -47,-289, -52,   9,  -7, -48,-130,-1007;
   6, -43,-289, -53,  11,  -8, -48,-129,-1000;
   7, -44,-291, -54,  11,  -8, -49,-130,-996;
  10, -45,-285, -55,  12,  -7, -46,-130,-1004;
  10, -41,-288, -56,  14,  -5, -49,-133,-1000;
   5, -39,-290, -57,  13,  -4, -48,-133,-994;
  13, -46,-300, -55,  14,  -3, -46,-135,-998;
   7, -42,-289, -51,  15,  -2, -48,-132,-1001;
   4, -42,-288, -47,  14,  -1, -51,-135,-999;
   2, -42,-293, -44,  13,   0, -53,-139,-1003;
   9, -44,-291, -40,  11,   0, -54,-137,-1007;
   5, -42,-292, -38,   8,   0, -54,-134,-1013;
   5, -44,-295, -36,   6,   0, -47,-131,-1024;
   4, -39,-299, -35,   4,   0, -48,-133,-1022;
   6, -48,-298, -37,   4,   0, -49,-133,-1021;
   4, -42,-292, -38,   4,   0, -47,-135,-1017;
   6, -52,-294, -37,   5,   0, -51,-135,-1015;
   8, -45,-290, -37,   7,  -1, -52,-138,-1015;
   6, -49,-293, -34,   7,  -5, -48,-137,-1013;
  10, -44,-292, -34,   7,  -7, -47,-136,-1016;
   5, -46,-292, -31,   8,  -9, -47,-140,-1011;
  10, -46,-292, -26,  11, -11, -49,-147,-1014;
   5, -46,-294, -21,  11, -14, -46,-142,-1013;
   8, -49,-293, -16,  13, -16, -45,-141,-1012;
  11, -47,-290, -11,  15, -17, -46,-142,-1020;
   5, -46,-295,  -3,  16, -18, -46,-146,-1015;
   9, -52,-293,   3,  13, -20, -48,-143,-1016;
  15, -50,-295,  11,  14, -23, -41,-149,-1018;
   8, -49,-297,  20,  14, -26, -44,-157,-1025;
   5, -51,-298,  28,  14, -27, -42,-157,-1026;
   4, -50,-295,  35,  17, -27, -44,-157,-1029;
   9, -51,-299,  40,  17, -28, -40,-162,-1032;
   7, -51,-297,  43,  17, -29, -41,-162,-1029;
   8, -52,-294,  49,  15, -27, -42,-162,-1024;
  11, -52,-293,  53,  14, -29, -44,-166,-1027;
   4, -50,-293,  59,  12, -29, -44,-175,-1023;
   6, -56,-296,  70,   9, -30, -47,-175,-1026;
   5, -52,-296,  79,   5, -31, -50,-171,-1022;
   8, -53,-288,  92,   3, -33, -43,-169,-1021;
   8, -55,-293, 103,   1, -32, -46,-171,-1024;
   7, -52,-293, 115,  -2, -33, -49,-169,-1017;
   4, -52,-300, 128,  -5, -33, -45,-169,-1022;
   7, -54,-296, 137,  -9, -33, -49,-170,-1021;
   5, -50,-295, 147, -13, -34, -52,-169,-1024;
   9, -54,-293, 154, -16, -37, -48,-166,-1023;
   3, -52,-296, 158, -18, -36, -51,-158,-1025;
   6, -50,-298, 160, -21, -36, -54,-164,-1031;
   3, -54,-296, 162, -21, -36, -53,-168,-1031;
  16, -56,-301, 168, -21, -37, -56,-170,-1028;
   1, -58,-297, 175, -20, -40, -58,-175,-1029;
   1, -54,-296, 185, -20, -44, -57,-169,-1030;
   1, -53,-295, 197, -19, -44, -59,-177,-1030;
   5, -54,-297, 207, -22, -47, -61,-176,-1030;
   1, -53,-295, 219, -23, -47, -55,-176,-1028;
   3, -54,-295, 230, -25, -51, -61,-177,-1031;
   4, -57,-292, 242, -27, -53, -59,-176,-1021;
   3, -56,-292, 252, -29, -55, -60,-179,-1018;
   4, -54,-292, 259, -27, -57, -56,-173,-1021;
   5, -52,-294, 266, -28, -61, -58,-174,-1013;
   7, -54,-287, 269, -27, -64, -54,-175,-1013;
   2, -52,-293, 272, -25, -65, -56,-172,-1016;
   2, -55,-293, 273, -23, -65, -53,-174,-1012;
   3, -60,-297, 277, -22, -67, -63,-185,-1016;
   4, -60,-295, 284, -22, -68, -61,-185,-1017;
   1, -58,-295, 295, -25, -68, -59,-193,-1014;
   8, -62,-293, 311, -29, -67, -58,-190,-1019;
   4, -63,-296, 324, -35, -69, -62,-203,-1012;
   3, -61,-295, 334, -40, -71, -62,-200,-1020;
   6, -63,-292, 344, -45, -74, -65,-206,-1016;
   4, -61,-295, 353, -51, -81, -64,-207,-1017;
   4, -63,-293, 359, -56, -85, -63,-210,-1012;
   0, -64,-295, 365, -61, -89, -64,-221,-1013;
   4, -67,-297, 368, -66, -91, -60,-227,-1018;
   2, -66,-297, 375, -69, -88, -59,-227,-1025;
   3, -67,-299, 381, -71, -89, -61,-230,-1029;
   5, -67,-296, 387, -65, -88, -59,-229,-1031;
   4, -68,-293, 394, -60, -86, -58,-230,-1033;
   6, -68,-293, 401, -55, -84, -58,-233,-1024;
   1, -66,-294, 408, -52, -83, -58,-236,-1021;
   5, -67,-292, 417, -50, -80, -61,-240,-1023;
   3, -76,-292, 430, -49, -78, -58,-242,-1023;
   2, -73,-298, 447, -47, -79, -48,-247,-1018;
   5, -75,-292, 461, -46, -80, -50,-247,-1018;
   3, -69,-292, 471, -45, -80, -50,-252,-1018;
   5, -73,-293, 475, -47, -82, -51,-252,-1017;
   9, -76,-292, 479, -46, -85, -49,-260,-1019;
   7, -77,-287, 480, -46, -88, -44,-264,-1012;
  10, -77,-289, 484, -48, -89, -39,-275,-1007;
   8, -81,-286, 490, -51, -90, -38,-276,-1007;
   8, -80,-287, 493, -55, -91, -39,-283,-992;
   6, -82,-289, 497, -59, -90, -41,-287,-996;
   5, -89,-290, 505, -62, -89, -41,-293,-990;
   8, -85,-281, 509, -65, -88, -49,-293,-988;
   4, -85,-285, 515, -68, -85, -43,-296,-984;
   4, -85,-287, 520, -69, -86, -46,-303,-980;
   7, -89,-281, 526, -68, -87, -49,-307,-979;
   3, -88,-287, 532, -65, -85, -56,-313,-984;
   5, -91,-284, 536, -60, -84, -53,-309,-989;
   2, -89,-290, 543, -55, -84, -63,-313,-993;
   5, -89,-287, 548, -50, -84, -65,-322,-996;
   4, -92,-285, 555, -46, -83, -67,-320,-991;
   1, -88,-289, 556, -43, -81, -71,-326,-991;
   7, -96,-290, 558, -39, -79, -73,-330,-994;
   1, -93,-285, 556, -38, -76, -72,-332,-992;
  -3, -93,-283, 554, -40, -72, -74,-336,-988;
   0, -94,-287, 550, -43, -67, -87,-340,-984;
   0, -97,-288, 551, -46, -64, -74,-345,-980;
  -1,-100,-284, 554, -50, -57, -74,-358,-978;
   0,-103,-283, 556, -51, -51, -82,-363,-969;
  -4,-100,-280, 560, -52, -49, -79,-365,-969;
   0,-104,-276, 563, -54, -48, -72,-371,-960;
   1,-108,-279, 570, -54, -46, -77,-374,-965;
   0,-107,-276, 578, -56, -44, -77,-377,-954;
   3,-117,-277, 588, -54, -43, -74,-379,-957;
  -2,-107,-276, 598, -56, -42, -74,-375,-960;
   0,-105,-279, 607, -56, -42, -73,-380,-960;
   1,-108,-277, 614, -60, -43, -73,-388,-955;
  -2,-109,-279, 617, -65, -41, -79,-386,-956;
  -2,-111,-273, 619, -70, -42, -86,-402,-954;
   1,-112,-278, 620, -73, -44, -81,-402,-954;
  -2,-114,-279, 617, -74, -43, -77,-406,-952;
  -2,-110,-277, 613, -76, -44, -83,-408,-951;
   0,-116,-277, 607, -76, -44, -82,-420,-953;
  -2,-117,-278, 604, -75, -46, -76,-420,-950;
   3,-122,-278, 602, -75, -49, -69,-440,-948;
  -1,-122,-275, 603, -74, -51, -75,-445,-955;
   1,-125,-276, 606, -73, -53, -65,-456,-953;
   1,-126,-278, 613, -72, -55, -61,-462,-947;
   2,-129,-276, 622, -70, -58, -65,-472,-956;
   2,-131,-276, 636, -69, -60, -61,-475,-958;
   4,-133,-279, 646, -68, -63, -59,-477,-961;
   5,-131,-282, 657, -64, -64, -54,-483,-966;
   1,-131,-280, 668, -61, -64, -56,-486,-963;
   5,-132,-277, 677, -56, -64, -53,-482,-970;
   8,-132,-276, 687, -52, -63, -52,-485,-954;
   4,-132,-275, 693, -46, -64, -52,-484,-945;
   5,-133,-275, 698, -43, -62, -49,-487,-940;
   5,-130,-271, 702, -38, -60, -49,-479,-931;
   6,-133,-268, 707, -34, -55, -55,-491,-933;
   5,-130,-270, 709, -30, -53, -53,-489,-929;
   4,-133,-265, 708, -25, -50, -56,-486,-916;
   2,-134,-272, 709, -23, -47, -62,-494,-909;
   5,-136,-263, 710, -20, -45, -60,-496,-904;
   1,-134,-262, 715, -20, -43, -65,-496,-893;
   3,-139,-263, 720, -21, -45, -69,-505,-893;
   1,-137,-262, 727, -21, -42, -70,-510,-887;
   2,-140,-260, 731, -23, -36, -72,-505,-899;
   0,-137,-261, 732, -26, -32, -69,-508,-892;
   0,-137,-259, 733, -28, -31, -81,-511,-891;
   0,-140,-259, 733, -28, -31, -83,-516,-879;
  -4,-142,-257, 735, -30, -30, -87,-524,-879;
   0,-142,-261, 738, -31, -41, -79,-529,-874;
  -1,-147,-259, 737, -33, -37, -70,-533,-872;
   0,-150,-259, 733, -35, -31, -73,-540,-869;
   0,-149,-255, 730, -40, -29, -76,-539,-865;
   2,-147,-255, 728, -43, -27, -71,-549,-869;
   5,-151,-253, 723, -46, -28, -74,-558,-867;
   0,-151,-257, 720, -46, -29, -73,-568,-866;
   1,-155,-256, 721, -45, -36, -71,-577,-867;
   1,-156,-255, 720, -38, -40, -72,-585,-863;
   1,-162,-255, 718, -33, -33, -62,-592,-860;
   1,-162,-251, 717, -29, -32, -67,-599,-863;
   1,-162,-256, 721, -27, -37, -64,-603,-864;
   1,-165,-256, 728, -28, -39, -75,-607,-863;
   4,-168,-253, 734, -28, -42, -63,-614,-862;
   3,-168,-253, 740, -28, -47, -67,-618,-841;
   2,-167,-249, 745, -29, -59, -70,-617,-848;
   3,-164,-253, 748, -24, -61, -69,-621,-847;
   3,-171,-252, 746, -17, -53, -66,-627,-840;
   2,-168,-247, 742,  -9, -51, -66,-634,-838;
   1,-173,-248, 740,  -3, -52, -69,-634,-825;
   1,-175,-246, 738,   0, -53, -69,-640,-821;
   2,-174,-246, 744,   2, -53, -71,-651,-817;
  -1,-173,-246, 753,  -1, -49, -63,-647,-815;
   0,-176,-241, 758,  -1, -46, -74,-653,-810;
  -1,-174,-243, 764,  -1, -43, -81,-650,-808;
   1,-177,-241, 773,  -1, -50, -80,-656,-807;
   1,-178,-237, 776,   1, -39, -67,-660,-804;
  -1,-179,-234, 774,   4, -30, -74,-659,-800;
   1,-181,-237, 776,   8, -24, -74,-660,-798;
   0,-179,-238, 778,  10, -17, -70,-665,-791;
   2,-179,-237, 782,  10, -16, -74,-665,-781;
   0,-178,-233, 786,   9, -15, -73,-660,-772;
   0,-181,-232, 792,   9, -12, -70,-665,-776;
   0,-179,-232, 798,  14, -11, -68,-665,-765;
   0,-178,-229, 801,  16, -16, -68,-666,-768;
   2,-183,-228, 807,  18, -25, -71,-670,-759;
   1,-180,-225, 811,  20, -33, -65,-670,-756;
   2,-181,-229, 814,  23, -28, -69,-665,-753;
   1,-180,-226, 814,  26, -22, -65,-670,-746;
   2,-183,-223, 815,  29, -21, -66,-671,-750;
   1,-183,-227, 816,  32, -21, -73,-681,-739;
  -2,-181,-225, 816,  36, -21, -85,-685,-736;
   1,-185,-219, 817,  38, -19, -75,-684,-729;
   1,-185,-225, 821,  41, -21, -78,-697,-731;
   1,-187,-221, 821,  41, -19, -71,-705,-725;
   0,-191,-226, 821,  42, -18, -72,-710,-727;
   0,-192,-219, 823,  41, -17, -75,-714,-721;
  -1,-191,-218, 828,  39, -20, -92,-710,-711;
  -2,-189,-219, 837,  35, -27, -83,-719,-722;
  -6,-191,-220, 837,  34, -21, -85,-724,-716;
   0,-193,-216, 834,  36, -16, -86,-724,-709;
  -5,-193,-217, 833,  34, -15, -93,-737,-711;
  -6,-195,-213, 831,  30, -16, -98,-743,-705;
  -7,-196,-216, 832,  28, -16,-101,-748,-705;
  -3,-199,-214, 831,  25, -13, -99,-747,-704;
  -7,-197,-213, 829,  19, -11, -96,-751,-702;
  -7,-199,-215, 831,  18,  -8, -91,-753,-698;
  -9,-198,-212, 833,  13,  -9,-104,-752,-692;
  -4,-200,-214, 833,  11, -12, -98,-750,-686;
  -1,-198,-210, 837,   7, -14, -90,-756,-679;
  -9,-198,-206, 837,   1, -18, -98,-751,-682;
   0,-201,-208, 840,  -4, -34, -87,-755,-674;
  -1,-199,-204, 842,  -6, -40, -78,-759,-667;
   0,-197,-204, 844,  -9, -39, -78,-750,-659;
   0,-199,-207, 848,  -8, -38, -77,-752,-657;
   6,-200,-201, 852,  -3, -34, -62,-757,-651;
   3,-201,-204, 847,   1, -37, -63,-757,-643;
   2,-201,-198, 842,   7, -44, -70,-760,-635;
   3,-204,-195, 837,  10, -46, -66,-762,-632;
   4,-201,-197, 834,  14, -44, -54,-761,-626;
   5,-202,-194, 833,  17, -41, -61,-772,-619;
   4,-201,-195, 835,  21, -46, -68,-772,-618;
   2,-204,-193, 838,  25, -50, -66,-765,-608;
   3,-207,-188, 839,  25, -52, -71,-768,-604;
   1,-205,-189, 842,  26, -52, -70,-771,-601;
   3,-207,-190, 844,  24, -52, -64,-772,-592;
   6,-204,-189, 848,  22, -52, -57,-769,-586;
   1,-205,-187, 853,  17, -49, -65,-777,-584;
   0,-204,-188, 852,  13, -48, -74,-781,-581;
   0,-206,-183, 849,   9, -47, -70,-775,-580;
   1,-203,-184, 849,   7, -45, -75,-779,-575;
   0,-202,-183, 847,  10, -43, -68,-769,-568;
   3,-201,-182, 845,  13, -39, -66,-766,-569;
   2,-202,-188, 840,  20, -35, -61,-773,-568;
   4,-204,-184, 834,  24, -31, -61,-778,-573;
   5,-209,-183, 829,  26, -25, -52,-782,-571;
   7,-210,-182, 822,  26, -20, -49,-792,-563;
   6,-209,-183, 813,  24, -16, -52,-797,-566;
   7,-216,-179, 804,  23, -16, -54,-805,-558;
   9,-217,-179, 797,  22, -18, -48,-809,-555;
   7,-218,-180, 797,  24, -21, -46,-810,-552;
   5,-215,-179, 800,  28, -24, -51,-815,-553;
  10,-219,-174, 804,  33, -27, -57,-817,-551;
   5,-217,-176, 808,  34, -32, -56,-817,-544;
   5,-218,-173, 807,  30, -34, -54,-819,-540;
   1,-214,-172, 803,  26, -37, -64,-821,-539;
   1,-218,-176, 795,  20, -44, -72,-819,-535;
   1,-216,-171, 788,  18, -47, -77,-820,-526;
   1,-217,-170, 780,  15, -42, -62,-829,-516;
   2,-217,-174, 775,  15, -41, -65,-827,-509;
   3,-222,-165, 770,  16, -43, -63,-830,-503;
   5,-223,-164, 764,  17, -46, -63,-835,-495;
   3,-220,-164, 761,  18, -48, -63,-832,-493;
   7,-220,-163, 758,  20, -51, -60,-833,-484;
   2,-220,-162, 758,  19, -50, -56,-827,-482;
   5,-220,-156, 758,  16, -49, -61,-827,-481;
   5,-217,-163, 755,  15, -49, -57,-827,-471;
   7,-219,-155, 753,  17, -46, -48,-827,-467;
   8,-222,-156, 746,  19, -42, -52,-832,-465;
   5,-219,-153, 741,  24, -41, -49,-828,-455;
   5,-217,-150, 738,  25, -40, -48,-830,-447;
   6,-219,-151, 735,  25, -38, -50,-836,-439;
  11,-220,-148, 729,  25, -36, -39,-832,-430;
  12,-218,-152, 723,  25, -36, -39,-829,-433;
  15,-225,-152, 712,  29, -36, -39,-828,-431;
  11,-216,-151, 697,  35, -35, -37,-819,-428;
  10,-218,-146, 682,  43, -35, -37,-818,-423;
   9,-219,-147, 666,  50, -34, -42,-827,-422;
  11,-217,-147, 653,  57, -33, -38,-828,-425;
   6,-217,-148, 641,  61, -32, -41,-831,-421;
   9,-221,-147, 632,  62, -33, -42,-829,-431;
  10,-221,-141, 622,  65, -33, -43,-832,-424;
   6,-224,-147, 614,  65, -34, -46,-844,-424;
   5,-227,-147, 608,  65, -32, -47,-848,-420;
   7,-223,-145, 600,  63, -33, -45,-856,-418;
   7,-227,-143, 596,  58, -33, -45,-854,-415;
   8,-227,-147, 589,  53, -30, -47,-853,-411;
   9,-226,-143, 580,  52, -26, -40,-853,-413;
  11,-223,-141, 563,  50, -24, -41,-845,-400;
  10,-222,-138, 545,  50, -24, -32,-846,-392;
  10,-223,-136, 529,  51, -24, -34,-841,-386;
  14,-227,-138, 510,  53, -26, -37,-846,-386;
  12,-225,-135, 494,  53, -29, -39,-850,-379;
   8,-225,-135, 476,  53, -30, -38,-853,-377;
  11,-227,-132, 461,  52, -34, -39,-854,-367;
   6,-225,-136, 447,  52, -38, -37,-856,-364;
   4,-223,-129, 435,  52, -42, -37,-854,-356;
   5,-226,-127, 424,  52, -47, -41,-859,-351;
   8,-229,-129, 413,  53, -49, -34,-869,-348;
  10,-231,-129, 403,  54, -52, -39,-870,-346;
  11,-232,-128, 393,  51, -53, -39,-874,-342;
   9,-232,-129, 383,  48, -53, -43,-880,-344;
   9,-234,-128, 377,  47, -53, -44,-885,-344;
   6,-236,-128, 371,  46, -55, -46,-889,-342;
   6,-236,-130, 368,  47, -58, -53,-887,-342;
   7,-237,-128, 361,  47, -60, -55,-887,-343;
   3,-232,-126, 355,  47, -63, -58,-901,-343;
   7,-236,-125, 349,  53, -66, -59,-900,-339;
   5,-240,-126, 339,  58, -66, -60,-909,-337;
   3,-239,-125, 333,  64, -68, -64,-910,-338;
   3,-241,-126, 328,  69, -70, -64,-922,-338;
   2,-240,-126, 326,  69, -69, -66,-922,-337;
   2,-243,-128, 328,  67, -66, -65,-923,-341;
   3,-241,-130, 333,  65, -65, -68,-920,-337;
   1,-243,-127, 340,  62, -64, -64,-923,-342;
   6,-241,-129, 343,  59, -60, -64,-917,-346;
   3,-239,-126, 342,  57, -56, -67,-913,-340;
   2,-239,-128, 337,  54, -53, -67,-902,-340;
   4,-240,-131, 326,  50, -49, -61,-896,-338;
   3,-236,-125, 312,  46, -46, -56,-898,-336;
   5,-235,-127, 294,  42, -44, -55,-899,-332;
   5,-234,-127, 277,  37, -40, -50,-892,-332;
   7,-236,-127, 260,  30, -39, -46,-885,-332;
   5,-236,-125, 242,  27, -39, -47,-899,-335;
   8,-235,-129, 229,  26, -38, -46,-896,-333;
   7,-235,-123, 215,  23, -37, -46,-889,-327;
   8,-235,-122, 205,  21, -37, -44,-899,-331;
   9,-236,-120, 194,  20, -36, -38,-901,-321;
   6,-235,-125, 184,  14, -32, -39,-899,-324;
  12,-237,-127, 173,   9, -30, -42,-901,-320;
   6,-236,-120, 165,   6, -31, -45,-896,-316;
   9,-236,-121, 160,   2, -30, -43,-895,-306;
   4,-238,-117, 156,  -2, -30, -46,-901,-307;
   8,-236,-119, 152,  -6, -32, -48,-906,-302;
  10,-238,-118, 147,  -9, -32, -51,-909,-304;
   6,-237,-115, 141, -11, -31, -50,-897,-304;
   9,-237,-117, 135, -10, -32, -49,-902,-301;
   4,-236,-119, 126,  -8, -32, -48,-894,-300;
   8,-238,-121, 119,  -6, -30, -52,-888,-299;
   3,-232,-119, 113,  -1, -28, -49,-899,-302;
   5,-236,-112, 105,   1, -26, -57,-894,-299;
   4,-236,-115,  96,   2, -26, -60,-903,-298;
   5,-239,-113,  90,   3, -25, -58,-904,-300;
   5,-239,-111,  80,   3, -24, -61,-900,-295;
   5,-239,-119,  68,  -1, -23, -59,-918,-296;
   2,-240,-115,  54,  -6, -23, -59,-926,-292;
   3,-244,-113,  41,  -7, -23, -60,-928,-286;
   5,-248,-114,  32, -10, -25, -63,-940,-286;
   6,-250,-112,  27, -14, -28, -63,-943,-274;
   2,-248,-112,  24, -16, -28, -61,-943,-282;
   1,-254,-115,  21, -21, -27, -65,-951,-271;
   2,-251,-113,  23, -26, -29, -62,-956,-276;
   5,-253,-109,  26, -30, -27, -59,-955,-272;
   4,-253,-111,  27, -37, -27, -61,-957,-274;
   5,-254,-113,  30, -42, -25, -54,-959,-277;
   7,-251,-114,  33, -47, -25, -55,-954,-274;
   5,-250,-111,  34, -50, -24, -54,-951,-274;
   7,-249,-110,  34, -50, -23, -51,-953,-272;
   4,-249,-108,  31, -50, -22, -53,-949,-272;
   7,-250,-113,  26, -47, -22, -53,-952,-272;
   4,-247,-108,  20, -47, -20, -52,-950,-271;
   5,-247,-110,  12, -45, -18, -48,-947,-272;
   6,-251,-111,   8, -45, -18, -51,-953,-264;
   6,-251,-108,   2, -45, -17, -54,-955,-271;
   7,-254,-109,  -4, -44, -17, -53,-951,-270;
   5,-253,-113, -11, -46, -14, -54,-960,-270;
   3,-252,-109, -15, -50, -15, -57,-959,-270;
   4,-250,-111, -20, -55, -14, -55,-960,-270;
   6,-255,-105, -23, -61, -15, -53,-962,-264;
   5,-254,-105, -24, -68, -16, -55,-961,-262;
   7,-252,-108, -25, -74, -18, -58,-966,-259;
   3,-255,-106, -27, -78, -20, -50,-964,-257;
   7,-255,-106, -28, -82, -22, -50,-965,-256;
   7,-253,-109, -29, -84, -22, -56,-969,-256;
   6,-255,-100, -31, -87, -24, -50,-963,-261;
   5,-254,-107, -31, -85, -25, -51,-961,-259;
   7,-252,-105, -33, -86, -26, -49,-962,-255;
   7,-255,-106, -33, -86, -26, -53,-960,-258;
   7,-254,-109, -34, -86, -26, -53,-962,-258;
   9,-255,-109, -36, -86, -26, -56,-961,-256;
   7,-253,-109, -37, -87, -25, -54,-965,-259;
   2,-254,-105, -36, -88, -26, -55,-966,-265;
   5,-259,-111, -38, -88, -27, -60,-965,-256;
   3,-252,-105, -37, -90, -27, -57,-968,-258;
   6,-255,-107, -37, -94, -27, -57,-970,-262;
   4,-256,-107, -39, -98, -26, -58,-968,-259;
   6,-254,-107, -40,-101, -26, -57,-968,-261;
   5,-255,-111, -43,-104, -26, -56,-970,-258;
   8,-255,-110, -47,-107, -28, -54,-964,-258;
   6,-254,-105, -51,-107, -27, -49,-966,-255;
   7,-253,-109, -55,-106, -27, -45,-963,-260;
   5,-255,-105, -60,-105, -28, -48,-967,-257;
   6,-253,-103, -62,-104, -27, -45,-965,-257;
   5,-251,-106, -64,-101, -26, -48,-961,-259;
   6,-252,-107, -63,-100, -27, -47,-960,-254;
  10,-253,-108, -64, -97, -26, -47,-969,-258;
   6,-255,-104, -63, -95, -25, -46,-965,-255;
   8,-257,-108, -68, -97, -25, -45,-972,-255;
   6,-257,-103, -71, -98, -26, -47,-980,-255;
   8,-257,-106, -73,-100, -27, -46,-980,-254;
   7,-256,-105, -75,-105, -28, -50,-983,-255;
   9,-254,-103, -73,-106, -28, -46,-975,-256;
   6,-256,-110, -68,-108, -30, -42,-978,-258;
   9,-257,-103, -65,-110, -32, -42,-970,-256;
   6,-255,-108, -62,-109, -32, -43,-967,-254;
   6,-255,-110, -59,-110, -33, -46,-964,-260;
  11,-254,-107, -57,-110, -33, -40,-961,-260;
  10,-251,-106, -55,-109, -33, -42,-956,-268;
  11,-249,-107, -54,-109, -31, -42,-954,-264;
  11,-252,-112, -54,-106, -33, -35,-957,-268;
  11,-252,-109, -56,-106, -32, -34,-961,-278;
  11,-251,-112, -56,-105, -32, -33,-955,-268;
  12,-254,-112, -58,-103, -31, -36,-957,-273;
  12,-252,-107, -58,-102, -31, -34,-961,-274;
  10,-255,-109, -60,-100, -31, -34,-960,-273;
  10,-249,-109, -61,-100, -30, -31,-958,-276;
  12,-255,-110, -62, -97, -32, -32,-961,-274;
  11,-253,-113, -62, -96, -33, -33,-958,-273;
  12,-254,-114, -65, -95, -35, -31,-959,-277;
  14,-255,-115, -66, -93, -34, -30,-961,-285;
  11,-255,-112, -66, -92, -36, -35,-964,-278;
  14,-255,-114, -65, -87, -36, -33,-961,-285;
  10,-253,-114, -61, -84, -37, -31,-969,-287;
   8,-254,-116, -60, -81, -38, -35,-969,-278;
   9,-253,-112, -60, -80, -38, -34,-972,-286;
  13,-255,-113, -59, -80, -40, -31,-967,-281;
   9,-254,-111, -59, -77, -40, -33,-969,-276;
  11,-255,-112, -60, -78, -43, -32,-971,-275;
  12,-256,-110, -58, -78, -43, -32,-968,-275;
  13,-255,-111, -55, -76, -44, -33,-963,-276;
  12,-255,-108, -51, -75, -45, -27,-966,-273;
  14,-254,-112, -48, -72, -42, -30,-960,-273;
  12,-251,-111, -45, -71, -43, -28,-958,-272;
  12,-251,-111, -47, -67, -42, -25,-956,-272;
  14,-252,-114, -46, -65, -41, -26,-959,-272;
  13,-251,-109, -46, -61, -39, -31,-958,-275;
  16,-250,-112, -49, -58, -38, -27,-954,-275;
  11,-251,-110, -49, -56, -37, -27,-952,-278;
  14,-250,-110, -49, -56, -36, -33,-952,-283;
  12,-253,-111, -50, -56, -36, -34,-957,-279;
  12,-252,-115, -49, -57, -35, -35,-955,-281;
  14,-252,-115, -48, -57, -35, -33,-953,-280;
   9,-251,-114, -48, -56, -36, -38,-952,-288;
  11,-250,-115, -45, -57, -36, -38,-955,-286;
  12,-253,-113, -44, -57, -36, -35,-947,-279;
  12,-248,-111, -45, -58, -35, -35,-947,-282;
   7,-250,-111, -46, -58, -36, -40,-949,-273;
  12,-249,-109, -48, -59, -38, -32,-948,-277;
  11,-248,-110, -50, -57, -35, -34,-945,-278;
  12,-252,-113, -49, -54, -33, -35,-945,-271;
  13,-246,-111, -49, -51, -33, -32,-938,-273;
  11,-244,-111, -49, -49, -31, -32,-940,-274;
  13,-245,-109, -49, -47, -30, -32,-940,-271;
  14,-251,-109, -52, -43, -29, -27,-939,-274;
  15,-246,-110, -55, -39, -27, -25,-943,-275;
  11,-247,-111, -58, -33, -23, -27,-949,-273;
  16,-250,-109, -62, -28, -21, -24,-944,-276;
  14,-249,-112, -66, -23, -20, -27,-945,-275;
  12,-251,-114, -68, -17, -16, -30,-949,-274;
   9,-249,-113, -73, -10, -14, -24,-955,-278;
  14,-254,-114, -75,  -5, -12, -22,-968,-281;
  14,-255,-113, -77,  -1, -11, -24,-970,-273;
  10,-256,-113, -75,   0, -11, -26,-975,-281;
  15,-258,-109, -71,   0, -10, -23,-979,-283;
  13,-256,-115, -64,  -2, -11, -27,-979,-274;
  13,-253,-114, -60,  -2, -10, -29,-974,-278;
  14,-254,-111, -56,  -3, -12, -34,-979,-282;
  10,-256,-112, -51,  -1, -11, -30,-969,-275;
  10,-252,-113, -46,   0, -12, -32,-967,-275;
  11,-253,-111, -44,   1, -12, -34,-963,-278;
  14,-257,-121, -43,   0, -13, -34,-962,-272;
   9,-251,-111, -42,   0, -12, -34,-959,-270;
  11,-250,-110, -45,   0, -11, -33,-956,-274;
  11,-251,-108, -47,   1, -10, -32,-957,-274;
  12,-251,-107, -49,   2, -10, -32,-955,-272;
  15,-253,-112, -52,   2, -11, -32,-955,-271;
  12,-250,-109, -53,   5, -10, -31,-953,-271;
  11,-250,-107, -55,   6,  -8, -34,-950,-271;
  14,-255,-112, -55,   9,  -9, -32,-956,-266;
  10,-251,-108, -56,  11, -10, -38,-961,-265;
  11,-250,-107, -54,  13, -10, -40,-955,-268;
  11,-251,-106, -53,  13, -10, -34,-958,-266;
  12,-254,-111, -50,  14, -11, -38,-955,-271;
  11,-252,-109, -49,  13, -10, -38,-965,-274;
  12,-254,-111, -48,  13,  -9, -44,-961,-273;
  12,-255,-112, -46,  13,  -7, -35,-964,-273;
  10,-253,-111, -43,  14,  -8, -36,-960,-275;
  11,-256,-114, -44,  14,  -8, -36,-965,-272;
  13,-253,-110, -43,  17,  -8, -35,-965,-271;
  12,-255,-113, -44,  18,  -6, -37,-964,-271;
  12,-257,-108, -48,  22,  -4, -37,-968,-269;
   7,-253,-110, -49,  26,  -4, -34,-968,-270;
  11,-256,-110, -48,  28,  -4, -31,-973,-268;
  11,-254,-112, -47,  30,  -1, -34,-972,-269;
  12,-255,-108, -46,  32,   0, -33,-978,-268;
  11,-256,-113, -44,  34,  -1, -29,-975,-272;
  12,-256,-111, -43,  34,   1, -31,-972,-272;
  11,-254,-113, -41,  36,   2, -27,-976,-268;
  12,-255,-109, -39,  38,   2, -32,-977,-267;
   9,-255,-111, -40,  38,   4, -28,-969,-265;
  15,-257,-104, -39,  39,   5, -33,-973,-267;
  16,-255,-110, -38,  42,   5, -35,-970,-270;
  14,-255,-112, -37,  46,   5, -27,-972,-266;
  20,-258,-101, -38,  46,   6, -34,-969,-265;
  11,-255,-108, -36,  46,   6, -32,-968,-263;
  10,-254,-106, -35,  48,   6, -35,-971,-263;
  13,-256,-110, -35,  47,   6, -36,-964,-265;
   8,-254,-111, -35,  47,   3, -37,-969,-262;
  11,-254,-107, -36,  47,   3, -35,-965,-265;
   9,-254,-106, -36,  47,   3, -38,-968,-262;
  12,-255,-113, -34,  45,   2, -35,-960,-265;
  11,-257,-110, -32,  44,   0, -37,-969,-258;
  11,-254,-106, -30,  43,   0, -44,-966,-260;
   8,-256,-108, -31,  42,  -1, -39,-965,-266;
   6,-244,-102, -32,  41,  -1, -40,-963,-261;
  12,-255,-108, -32,  42,   0, -41,-969,-266;
   9,-255,-107, -33,  41,  -2, -42,-972,-261;
   9,-253,-104, -33,  43,  -3, -40,-972,-269;
   6,-255,-111, -34,  43,  -2, -43,-971,-265;
  10,-257,-112, -33,  45,  -3, -42,-969,-269;
  10,-256,-107, -32,  44,  -4, -37,-967,-266;
   8,-257,-113, -29,  46,  -4, -42,-965,-264;
  10,-255,-109, -28,  47,  -3, -39,-965,-267;
  10,-256,-107, -27,  47,  -3, -44,-965,-269;
   7,-253,-111, -28,  47,  -4, -43,-971,-268;
   5,-250,-104, -30,  44,  -2, -43,-968,-262;
  10,-253,-108, -30,  42,  -1, -42,-969,-262;
   8,-254,-107, -32,  42,  -1, -41,-966,-260;
   7,-255,-108, -31,  40,   0, -43,-963,-259;
   6,-253,-109, -29,  39,   0, -42,-966,-257;
   8,-253,-105, -28,  40,  -1, -45,-963,-262;
   7,-255,-108, -29,  41,   0, -49,-963,-260;
   4,-253,-106, -29,  41,  -1, -43,-957,-260;
  10,-252,-102, -31,  41,  -1, -40,-955,-262;
   8,-252,-105, -29,  42,  -1, -47,-959,-260;
   6,-250,-110, -30,  43,   0, -46,-957,-258;
  12,-254,-104, -29,  43,   0, -41,-954,-258;
   9,-251,-108, -31,  42,   0, -42,-957,-256;
  10,-253,-109, -31,  42,   1, -42,-954,-264;
   5,-252,-108, -31,  39,   0, -44,-956,-259;
   9,-252,-109, -33,  37,   0, -45,-959,-265;
   7,-253,-108, -33,  35,   0, -45,-959,-263;
   9,-252,-106, -35,  33,  -1, -39,-961,-263;
   8,-251,-105, -37,  31,  -1, -46,-960,-266;
   9,-252,-108, -36,  30,  -1, -45,-962,-271;
  10,-254,-111, -37,  29,   0, -36,-961,-274;
  11,-252,-109, -40,  27,   0, -41,-959,-269;
   8,-250,-109, -39,  30,   0, -40,-963,-268;
   8,-254,-110, -39,  30,  -1, -41,-963,-272;
   8,-254,-112, -41,  31,   0, -41,-958,-272;
   7,-253,-110, -42,  30,   0, -41,-959,-265;
  10,-256,-108, -42,  30,   0, -38,-960,-270;
   9,-255,-111, -41,  29,   2, -35,-961,-264;
  10,-256,-105, -42,  28,   1, -40,-963,-265;
   7,-254,-111, -43,  28,   1, -46,-966,-269;
   8,-251,-111, -44,  27,   1, -43,-956,-265;
   8,-252,-111, -46,  27,   2, -43,-954,-270;
   7,-250,-116, -45,  27,   2, -40,-953,-271;
   9,-255,-112, -44,  26,   1, -43,-959,-270;
   7,-252,-106, -46,  24,   1, -43,-958,-269;
   9,-254,-107, -48,  23,   1, -44,-959,-268;
   8,-252,-111, -49,  23,   2, -45,-950,-265;
   6,-251,-105, -50,  21,   1, -48,-961,-265;
   8,-252,-110, -51,  20,   0, -44,-956,-263;
  10,-251,-108, -53,  19,   2, -46,-958,-262;
   9,-255,-112, -54,  18,   3, -45,-957,-264;
   4,-254,-110, -58,  16,   1, -45,-959,-266;
   8,-254,-107, -59,  14,   1, -43,-960,-265;
   8,-256,-104, -60,  11,   1, -46,-956,-266;
   8,-254,-106, -61,  11,   1, -49,-961,-263;
   7,-254,-111, -62,  11,   1, -47,-962,-268;
  10,-256,-111, -62,  11,   1, -46,-968,-262;
   7,-252,-109, -62,   9,   1, -48,-964,-264;
   7,-254,-114, -61,   9,   0, -46,-969,-264;
   7,-255,-105, -60,   8,   1, -44,-968,-266;
   8,-254,-105, -60,   7,   0, -38,-971,-259;
   3,-257,-104, -57,   5,  -2, -44,-970,-257;
   7,-255,-108, -55,   5,  -1, -46,-971,-259;
   6,-255,-109, -55,   3,  -2, -44,-972,-259;
   6,-252,-103, -52,   4,  -2, -43,-972,-260;
  10,-257,-105, -49,   4,  -2, -39,-970,-258;
  10,-253,-108, -50,   3,  -3, -38,-971,-257;
   8,-254,-110, -49,   2,  -2, -40,-966,-257;
   7,-254,-105, -48,   0,  -2, -39,-969,-263;
   8,-254,-104, -46,  -1,  -2, -37,-968,-258;
  10,-254,-103, -46,   0,  -2, -39,-967,-258;
  10,-255,-109, -45,   2,  -2, -42,-967,-261;
   9,-252,-102, -44,   3,  -2, -38,-965,-259;
  11,-253,-109, -45,   4,  -1, -38,-966,-256;
   9,-251,-108, -43,   2,   1, -41,-966,-259;
  13,-253,-109, -45,   1,   0, -42,-962,-261;
  10,-253,-111, -48,   0,   0, -40,-964,-259;
   6,-251,-108, -49,  -1,   0, -42,-973,-261;
  10,-256,-104, -50,  -4,   1, -47,-969,-262;
  12,-256,-108, -52,  -3,   0, -39,-971,-260;
  11,-256,-105, -52,  -4,   0, -42,-970,-258;
  10,-254,-104, -49,  -1,  -1, -36,-969,-265;
   7,-257,-106, -50,   1,  -1, -39,-966,-258;
  14,-254,-106, -48,   1,  -2, -37,-970,-262;
   9,-255,-102, -49,   1,  -3, -39,-966,-256;
  10,-253,-105, -51,   1,  -2, -37,-968,-257;
  10,-254,-108, -51,   2,  -1, -40,-966,-260;
   8,-255,-105, -52,   2,   0, -46,-962,-261;
  10,-254,-111, -50,   2,  -2, -41,-952,-259;
   8,-254,-107, -48,   1,  -1, -40,-962,-256;
   7,-251,-108, -50,   0,  -3, -47,-961,-261;
   9,-253,-104, -50,  -2,  -2, -43,-960,-259;
   7,-254,-108, -51,  -2,  -2, -47,-965,-254;
   7,-253,-107, -53,  -4,  -4, -49,-965,-260;
   6,-252,-109, -55,  -5,  -6, -46,-963,-259;
   9,-253,-107, -55,  -6,  -6, -47,-968,-254;
   4,-255,-105, -52,  -6,  -8, -39,-959,-256;
   7,-253,-108, -50,  -5,  -8, -44,-970,-258;
   7,-255,-107, -49,  -5,  -8, -42,-969,-264;
   8,-254,-107, -46,  -3, -10, -42,-965,-259;
  10,-255,-105, -43,  -2, -12, -44,-968,-261;
   9,-256,-106, -43,   0, -12, -34,-971,-263;
  11,-254,-106, -42,  -1, -12, -36,-973,-254;
  11,-255,-105, -40,   1, -13, -39,-973,-257;
   8,-256,-105, -41,  -2, -10, -42,-972,-264;
   9,-256,-108, -42,  -2, -11, -37,-974,-263;
  12,-257,-109, -40,  -1, -10, -38,-972,-260;
  12,-254,-108, -39,  -1, -10, -39,-982,-264;
  11,-255,-107, -39,   2,  -9, -38,-970,-263;
  10,-254,-110, -39,   4,  -7, -34,-970,-263;
  12,-255,-110, -43,   8,  -5, -36,-971,-260;
   8,-253,-107, -44,  11,  -7, -43,-973,-256;
   7,-254,-106, -45,  11,  -6, -40,-971,-255;
  11,-255,-106, -47,  11,  -5, -46,-971,-254;
   8,-254,-107, -48,   8,  -5, -42,-970,-250;
  11,-256,-102, -49,   5,  -4, -44,-972,-250;
   9,-255,-103, -49,   4,  -6, -46,-970,-250;
  12,-256,-104, -48,   5,  -8, -40,-971,-247;
  11,-256,-106, -47,   5,  -7, -45,-968,-250;
  11,-251,-104, -46,   9,  -7, -41,-972,-253;
   9,-256,-105, -44,  10,  -9, -43,-973,-253;
  12,-256,-105, -41,  11,  -9, -48,-974,-248;
   9,-256,-106, -40,  10,  -9, -43,-972,-259;
   8,-256,-107, -39,  12, -11, -41,-976,-251;
   8,-254,-106, -37,  10, -12, -43,-969,-255;
   8,-254,-107, -36,  11, -12, -41,-969,-260;
   7,-254,-107, -39,  13, -11, -39,-965,-264;
   8,-251,-109, -38,  13, -12, -47,-967,-258;
   5,-252,-108, -36,  14, -10, -45,-964,-256;
   9,-253,-109, -35,  14, -10, -43,-969,-260;
  10,-251,-104, -36,  13,  -8, -41,-967,-258;
   9,-255,-108, -37,  10, -10, -41,-969,-266;
   8,-255,-109, -36,  10,  -9, -42,-966,-260;
   9,-257,-109, -39,  10, -10, -48,-977,-261;
  10,-256,-105, -40,   9, -10, -46,-970,-259;
   4,-253,-107, -40,  11,  -9, -43,-969,-263;
   8,-257,-109, -40,  13,  -9, -45,-971,-261;
   9,-255,-108, -38,  14,  -9, -46,-968,-258;
  11,-256,-104, -37,  15, -10, -45,-971,-258;
   7,-255,-112, -34,  14,  -9, -45,-971,-257;
   5,-254,-111, -32,  14, -10, -47,-973,-258;
   8,-262,-109, -33,  12, -10, -54,-968,-264;
   8,-257,-106, -33,  10, -10, -48,-967,-258;
  10,-255,-106, -33,   9, -11, -42,-970,-256;
  10,-255,-105, -33,   8,  -9, -45,-964,-258;
   6,-254,-107, -33,   8, -10, -50,-968,-253;
   8,-255,-105, -33,  10, -11, -47,-967,-256;
   9,-253,-106, -32,  11,  -9, -46,-963,-256;
   4,-251,-103, -32,  14,  -8, -41,-968,-260;
   7,-255,-106, -31,  16,  -7, -45,-965,-253;
   9,-256,-103, -32,  17,  -6, -46,-965,-255;
   7,-253,-108, -31,  19,  -7, -50,-963,-255;
  11,-254,-106, -29,  21,  -7, -46,-963,-258;
  11,-255,-106, -29,  21,  -6, -45,-970,-261;
   6,-251,-104, -30,  22,  -6, -46,-967,-255;
  11,-255,-107, -30,  19,  -5, -40,-968,-256;
   6,-254,-105, -31,  17,  -5, -44,-973,-256;
   9,-254,-110, -30,  16,  -6, -45,-970,-259;
   9,-255,-106, -32,  13,  -4, -42,-969,-256;
   6,-256,-105, -32,  10,  -7, -46,-965,-256;
   7,-254,-104, -32,   8,  -6, -50,-964,-262;
   6,-254,-111, -30,   9,  -2, -44,-967,-265;
  11,-250,-110, -30,   9,  -5, -42,-965,-263;
  11,-254,-106, -31,  10,  -7, -46,-974,-261;
   8,-254,-103, -31,  12,  -7, -47,-967,-264;
   7,-256,-109, -30,  12,  -9, -42,-965,-258;
   6,-254,-107, -29,  12,  -8, -47,-967,-261;
   9,-255,-111, -30,  12,  -8, -48,-964,-257;
   8,-254,-108, -30,  11,  -7, -46,-963,-256;
   6,-254,-103, -30,  11,  -7, -53,-960,-254;
   5,-253,-107, -32,  11,  -7, -48,-959,-249;
